token_contract_address,from_address,dest_address,value,transaction_hash,log_index,block_number,amount,block_timestamp,token_name,fee,symbol,nft_id,transaction_index,datetime
cx65c9e3d4fea842e00add0d32a5b4c5e4e04c7a6b,cx21e94c08c03daee80c25d8ee3ea22a20786ec231,hx0000000000000000000000000000000000000000,0x5769a8,0x464c3cf8adbcaba33599f60ad5b9d4dce79e954470951120f0d229de1a171977,15,97805905,0.00572868,1748307756323941,Solana,0.2775450875,SOL,0,1,2025-05-27
cx88fd7df7ddff82f7cc735c871dc519838cb235bb,cxa0af3165c08318e988cb30993b3048335b94af6c,cx5faae53c4dbd1fbe4a2eb4aab6565030f10da5c6,0x564f0faaba282,0x464c3cf8adbcaba33599f60ad5b9d4dce79e954470951120f0d229de1a171977,11,97805905,0.001518361044034178,1748307756323941,Balanced Dollar,0.2775450875,bnUSD,0,1,2025-05-27
cx65c9e3d4fea842e00add0d32a5b4c5e4e04c7a6b,cxa0af3165c08318e988cb30993b3048335b94af6c,cx21e94c08c03daee80c25d8ee3ea22a20786ec231,0x5769a8,0x464c3cf8adbcaba33599f60ad5b9d4dce79e954470951120f0d229de1a171977,10,97805905,0.00572868,1748307756323941,Solana,0.2775450875,SOL,0,1,2025-05-27
cx88fd7df7ddff82f7cc735c871dc519838cb235bb,cx21e94c08c03daee80c25d8ee3ea22a20786ec231,cxa0af3165c08318e988cb30993b3048335b94af6c,0xe0c338cc9a1ddb0,0x464c3cf8adbcaba33599f60ad5b9d4dce79e954470951120f0d229de1a171977,9,97805905,1.0122406960227854,1748307756323941,Balanced Dollar,0.2775450875,bnUSD,0,1,2025-05-27
cx88fd7df7ddff82f7cc735c871dc519838cb235bb,cxa0af3165c08318e988cb30993b3048335b94af6c,cx5faae53c4dbd1fbe4a2eb4aab6565030f10da5c6,0x5691856c13fe6,0x464c3cf8adbcaba33599f60ad5b9d4dce79e954470951120f0d229de1a171977,7,97805905,0.001522928139190246,1748307756323941,Balanced Dollar,0.2775450875,bnUSD,0,1,2025-05-27
cx88fd7df7ddff82f7cc735c871dc519838cb235bb,cxa0af3165c08318e988cb30993b3048335b94af6c,cx21e94c08c03daee80c25d8ee3ea22a20786ec231,0xe0c338cc9a1ddb0,0x464c3cf8adbcaba33599f60ad5b9d4dce79e954470951120f0d229de1a171977,6,97805905,1.0122406960227854,1748307756323941,Balanced Dollar,0.2775450875,bnUSD,0,1,2025-05-27
cx2609b924e33ef00b648a409245c7ea394c467824,cx21e94c08c03daee80c25d8ee3ea22a20786ec231,cxa0af3165c08318e988cb30993b3048335b94af6c,0x5ce217edffa92a3c,0x464c3cf8adbcaba33599f60ad5b9d4dce79e954470951120f0d229de1a171977,5,97805905,6.692938307189943,1748307756323941,Staked ICX,0.2775450875,sICX,0,1,2025-05-27
cx2609b924e33ef00b648a409245c7ea394c467824,hx0000000000000000000000000000000000000000,cx21e94c08c03daee80c25d8ee3ea22a20786ec231,0x5ce217edffa92a3c,0x464c3cf8adbcaba33599f60ad5b9d4dce79e954470951120f0d229de1a171977,3,97805905,6.692938307189943,1748307756323941,Staked ICX,0.2775450875,sICX,0,1,2025-05-27
cx88fd7df7ddff82f7cc735c871dc519838cb235bb,cxa0af3165c08318e988cb30993b3048335b94af6c,cx5faae53c4dbd1fbe4a2eb4aab6565030f10da5c6,0x2df0ec96f82f8b3,0xd4fd7d5f1bd7789a0a6344d8abd431098a3361fbf34b8e6735602894862abb00,2,97805887,0.20690036620440183,1748307720305763,Balanced Dollar,0.056922325,bnUSD,0,1,2025-05-27
cx88fd7df7ddff82f7cc735c871dc519838cb235bb,cxa0af3165c08318e988cb30993b3048335b94af6c,hxd75467e3e4ce64e3424c747dfb71503017440433,0x7757074ac2252dbb0,0xd4fd7d5f1bd7789a0a6344d8abd431098a3361fbf34b8e6735602894862abb00,1,97805887,137.58960049845507,1748307720305763,Balanced Dollar,0.056922325,bnUSD,0,1,2025-05-27
cx66a031cc3bd305c76371fb586e93801b948254f0,hxd75467e3e4ce64e3424c747dfb71503017440433,cxa0af3165c08318e988cb30993b3048335b94af6c,0x53444835ec580000,0xd4fd7d5f1bd7789a0a6344d8abd431098a3361fbf34b8e6735602894862abb00,0,97805887,6.0,1748307720305763,Avalanche,0.056922325,AVAX,0,1,2025-05-27
cx88fd7df7ddff82f7cc735c871dc519838cb235bb,cx21e94c08c03daee80c25d8ee3ea22a20786ec231,hx2debd9ec927cca1639da8d3518dd9dbf1cdfb357,0x189bc99f38ca443215,0x88d5b3de6b4cd79c8991f1e082d10d5b0351e783476343b02056bd974f567db5,5,97805873,453.94753638148734,1748307692315197,Balanced Dollar,0.11270885,bnUSD,0,1,2025-05-27
cx88fd7df7ddff82f7cc735c871dc519838cb235bb,cxa0af3165c08318e988cb30993b3048335b94af6c,cx5faae53c4dbd1fbe4a2eb4aab6565030f10da5c6,0x9793007a243b9c4,0x88d5b3de6b4cd79c8991f1e082d10d5b0351e783476343b02056bd974f567db5,3,97805873,0.6826296278685926,1748307692315197,Balanced Dollar,0.11270885,bnUSD,0,1,2025-05-27
cx88fd7df7ddff82f7cc735c871dc519838cb235bb,cxa0af3165c08318e988cb30993b3048335b94af6c,cx21e94c08c03daee80c25d8ee3ea22a20786ec231,0x189bc99f38ca443215,0x88d5b3de6b4cd79c8991f1e082d10d5b0351e783476343b02056bd974f567db5,2,97805873,453.94753638148734,1748307692315197,Balanced Dollar,0.11270885,bnUSD,0,1,2025-05-27
cx2609b924e33ef00b648a409245c7ea394c467824,cx21e94c08c03daee80c25d8ee3ea22a20786ec231,cxa0af3165c08318e988cb30993b3048335b94af6c,0xa2a15d09519be00000,0x88d5b3de6b4cd79c8991f1e082d10d5b0351e783476343b02056bd974f567db5,1,97805873,3000.0,1748307692315197,Staked ICX,0.11270885,sICX,0,1,2025-05-27
cx2609b924e33ef00b648a409245c7ea394c467824,hx2debd9ec927cca1639da8d3518dd9dbf1cdfb357,cx21e94c08c03daee80c25d8ee3ea22a20786ec231,0xa2a15d09519be00000,0x88d5b3de6b4cd79c8991f1e082d10d5b0351e783476343b02056bd974f567db5,0,97805873,3000.0,1748307692315197,Staked ICX,0.11270885,sICX,0,1,2025-05-27
cx88fd7df7ddff82f7cc735c871dc519838cb235bb,cx21e94c08c03daee80c25d8ee3ea22a20786ec231,hx2debd9ec927cca1639da8d3518dd9dbf1cdfb357,0x18a21286cf3210ad6d,0xde3dc717992e2181e91a80396861b220d520b08ba4b3960e26052be1b766c90a,5,97805841,454.4004027772107,1748307627019563,Balanced Dollar,0.1127276625,bnUSD,0,1,2025-05-27
cx88fd7df7ddff82f7cc735c871dc519838cb235bb,cxa0af3165c08318e988cb30993b3048335b94af6c,cx5faae53c4dbd1fbe4a2eb4aab6565030f10da5c6,0x97b9b3e97f76f70,0xde3dc717992e2181e91a80396861b220d520b08ba4b3960e26052be1b766c90a,3,97805841,0.6833104616166152,1748307627019563,Balanced Dollar,0.1127276625,bnUSD,0,1,2025-05-27
cx88fd7df7ddff82f7cc735c871dc519838cb235bb,cxa0af3165c08318e988cb30993b3048335b94af6c,cx21e94c08c03daee80c25d8ee3ea22a20786ec231,0x18a21286cf3210ad6d,0xde3dc717992e2181e91a80396861b220d520b08ba4b3960e26052be1b766c90a,2,97805841,454.4004027772107,1748307627019563,Balanced Dollar,0.1127276625,bnUSD,0,1,2025-05-27
cx2609b924e33ef00b648a409245c7ea394c467824,cx21e94c08c03daee80c25d8ee3ea22a20786ec231,cxa0af3165c08318e988cb30993b3048335b94af6c,0xa2a15d09519be00000,0xde3dc717992e2181e91a80396861b220d520b08ba4b3960e26052be1b766c90a,1,97805841,3000.0,1748307627019563,Staked ICX,0.1127276625,sICX,0,1,2025-05-27
cx2609b924e33ef00b648a409245c7ea394c467824,hx2debd9ec927cca1639da8d3518dd9dbf1cdfb357,cx21e94c08c03daee80c25d8ee3ea22a20786ec231,0xa2a15d09519be00000,0xde3dc717992e2181e91a80396861b220d520b08ba4b3960e26052be1b766c90a,0,97805841,3000.0,1748307627019563,Staked ICX,0.1127276625,sICX,0,1,2025-05-27
cx88fd7df7ddff82f7cc735c871dc519838cb235bb,cx203d9cd2a669be67177e997b8948ce2c35caffae,cx835b300dcfe01f0bdb794e134a0c5628384f4367,0x87ca6812bf7fe87,0x41df0d5142bb2f1c94baedd1dddb890236218c09fff517bc095f015e084e4efe,6,97805821,0.6115467231342097,1748307587035913,Balanced Dollar,0.0990380375,bnUSD,0,1,2025-05-27
cx88fd7df7ddff82f7cc735c871dc519838cb235bb,cx5faae53c4dbd1fbe4a2eb4aab6565030f10da5c6,cx203d9cd2a669be67177e997b8948ce2c35caffae,0xc1fc94ad1192279,0x41df0d5142bb2f1c94baedd1dddb890236218c09fff517bc095f015e084e4efe,4,97805821,0.8736381759060138,1748307587035913,Balanced Dollar,0.0990380375,bnUSD,0,1,2025-05-27
cx88fd7df7ddff82f7cc735c871dc519838cb235bb,cx5faae53c4dbd1fbe4a2eb4aab6565030f10da5c6,cxdc30a0d3a1f131565c071272a20bc0b06fd4c17b,0xc1fc94ad1192279,0x41df0d5142bb2f1c94baedd1dddb890236218c09fff517bc095f015e084e4efe,3,97805821,0.8736381759060138,1748307587035913,Balanced Dollar,0.0990380375,bnUSD,0,1,2025-05-27
cx88fd7df7ddff82f7cc735c871dc519838cb235bb,cxa0af3165c08318e988cb30993b3048335b94af6c,cx5faae53c4dbd1fbe4a2eb4aab6565030f10da5c6,0x2dfcdc740fbec13,0x41df0d5142bb2f1c94baedd1dddb890236218c09fff517bc095f015e084e4efe,2,97805821,0.20711036355476994,1748307587035913,Balanced Dollar,0.0990380375,bnUSD,0,1,2025-05-27
cx88fd7df7ddff82f7cc735c871dc519838cb235bb,cxa0af3165c08318e988cb30993b3048335b94af6c,hxd75467e3e4ce64e3424c747dfb71503017440433,0x77760b716af995fc3,0x41df0d5142bb2f1c94baedd1dddb890236218c09fff517bc095f015e084e4efe,1,97805821,137.72928511230774,1748307587035913,Balanced Dollar,0.0990380375,bnUSD,0,1,2025-05-27
cx66a031cc3bd305c76371fb586e93801b948254f0,hxd75467e3e4ce64e3424c747dfb71503017440433,cxa0af3165c08318e988cb30993b3048335b94af6c,0x53444835ec580000,0x41df0d5142bb2f1c94baedd1dddb890236218c09fff517bc095f015e084e4efe,0,97805821,6.0,1748307587035913,Avalanche,0.0990380375,AVAX,0,1,2025-05-27
cx66a031cc3bd305c76371fb586e93801b948254f0,hx0000000000000000000000000000000000000000,hxd75467e3e4ce64e3424c747dfb71503017440433,0x2706671ed376fe9d8,0xe589602b0260f55ae0b99b7c93cb4e9b9c59149b087bcb3aa3ca3c9ca87553ac,1,97805801,44.992774390942785,1748307547021405,Avalanche,0.022971275,AVAX,0,1,2025-05-27
cx88fd7df7ddff82f7cc735c871dc519838cb235bb,cxa0af3165c08318e988cb30993b3048335b94af6c,cx5faae53c4dbd1fbe4a2eb4aab6565030f10da5c6,0x2e08d0f912c0441,0x00337e787b7c246bb9f08935d663b0049140d1f0880466747647d711a24ae83a,2,97805562,0.20732068085864966,1748307067551449,Balanced Dollar,0.056918325,bnUSD,0,1,2025-05-27
cx88fd7df7ddff82f7cc735c871dc519838cb235bb,cxa0af3165c08318e988cb30993b3048335b94af6c,hxd75467e3e4ce64e3424c747dfb71503017440433,0x77951bb1de93d6bda,0x00337e787b7c246bb9f08935d663b0049140d1f0880466747647d711a24ae83a,1,97805562,137.86918260481127,1748307067551449,Balanced Dollar,0.056918325,bnUSD,0,1,2025-05-27
cx66a031cc3bd305c76371fb586e93801b948254f0,hxd75467e3e4ce64e3424c747dfb71503017440433,cxa0af3165c08318e988cb30993b3048335b94af6c,0x53444835ec580000,0x00337e787b7c246bb9f08935d663b0049140d1f0880466747647d711a24ae83a,0,97805562,6.0,1748307067551449,Avalanche,0.056918325,AVAX,0,1,2025-05-27
cx88fd7df7ddff82f7cc735c871dc519838cb235bb,cxa0af3165c08318e988cb30993b3048335b94af6c,hx4dc7903504bb800a462378348a42f53742759e0b,0x12ee12ef76c16e8,0x0ac902a6ced97e9e04e50c559a42e5518d265a14531c87ed00feef95ec25fad7,3,97805473,0.08525303480241943,1748306889622229,Balanced Dollar,0.0347527125,bnUSD,0,3,2025-05-27
cx07b184a37f03c6ab681fcbd0b45aec6dc3eafbeb,hx4dc7903504bb800a462378348a42f53742759e0b,cxa0af3165c08318e988cb30993b3048335b94af6c,0xe9deeefe84e3,0x7e4eb478a08c67ab4408455e5f8b4251ea72a6ebef73b746a4ede7ae683e23ee,0,97805473,0.000257143701669091,1748306889622229,Bitcoin,0.0215937625,BTC,0,2,2025-05-27
cx88fd7df7ddff82f7cc735c871dc519838cb235bb,hx4dc7903504bb800a462378348a42f53742759e0b,cxa0af3165c08318e988cb30993b3048335b94af6c,0x1873d4f2a86fc2000,0xcd22c7faa5a503db96a0364c5c23ada98cc42f577ce7e9af57764593d2197037,0,97805473,28.191776286481065,1748306889622229,Balanced Dollar,0.02221895,bnUSD,0,1,2025-05-27
cx07b184a37f03c6ab681fcbd0b45aec6dc3eafbeb,cx21e94c08c03daee80c25d8ee3ea22a20786ec231,hx4dc7903504bb800a462378348a42f53742759e0b,0xe9fce0e1ff53,0x7f90cfb200bd168443a94a3c8af9e8caf2277d7f24da883dbacb8455111409bb,13,97805471,0.000257272313937747,1748306885556075,Bitcoin,0.2597301,BTC,0,2,2025-05-27
cx88fd7df7ddff82f7cc735c871dc519838cb235bb,cxa0af3165c08318e988cb30993b3048335b94af6c,cx5faae53c4dbd1fbe4a2eb4aab6565030f10da5c6,0x964d43dfa4b163,0x7f90cfb200bd168443a94a3c8af9e8caf2277d7f24da883dbacb8455111409bb,11,97805471,0.04230620041685847,1748306885556075,Balanced Dollar,0.2597301,bnUSD,0,2,2025-05-27
cx07b184a37f03c6ab681fcbd0b45aec6dc3eafbeb,cxa0af3165c08318e988cb30993b3048335b94af6c,cx21e94c08c03daee80c25d8ee3ea22a20786ec231,0xe9fce0e1ff53,0x7f90cfb200bd168443a94a3c8af9e8caf2277d7f24da883dbacb8455111409bb,10,97805471,0.000257272313937747,1748306885556075,Bitcoin,0.2597301,BTC,0,2,2025-05-27
cx88fd7df7ddff82f7cc735c871dc519838cb235bb,cx21e94c08c03daee80c25d8ee3ea22a20786ec231,cxa0af3165c08318e988cb30993b3048335b94af6c,0x187693616678df40a,0x7f90cfb200bd168443a94a3c8af9e8caf2277d7f24da883dbacb8455111409bb,9,97805471,28.20413361123898,1748306885556075,Balanced Dollar,0.2597301,bnUSD,0,2,2025-05-27
cx88fd7df7ddff82f7cc735c871dc519838cb235bb,cxa0af3165c08318e988cb30993b3048335b94af6c,cx5faae53c4dbd1fbe4a2eb4aab6565030f10da5c6,0x96bfd9611eb913,0x7f90cfb200bd168443a94a3c8af9e8caf2277d7f24da883dbacb8455111409bb,7,97805471,0.04243218686481026,1748306885556075,Balanced Dollar,0.2597301,bnUSD,0,2,2025-05-27
cx88fd7df7ddff82f7cc735c871dc519838cb235bb,cxa0af3165c08318e988cb30993b3048335b94af6c,cx21e94c08c03daee80c25d8ee3ea22a20786ec231,0x187693616678df40a,0x7f90cfb200bd168443a94a3c8af9e8caf2277d7f24da883dbacb8455111409bb,6,97805471,28.20413361123898,1748306885556075,Balanced Dollar,0.2597301,bnUSD,0,2,2025-05-27
cx2609b924e33ef00b648a409245c7ea394c467824,cx21e94c08c03daee80c25d8ee3ea22a20786ec231,cxa0af3165c08318e988cb30993b3048335b94af6c,0xa16c584ecb920c48a,0x7f90cfb200bd168443a94a3c8af9e8caf2277d7f24da883dbacb8455111409bb,5,97805471,186.108304528595,1748306885556075,Staked ICX,0.2597301,sICX,0,2,2025-05-27
cx2609b924e33ef00b648a409245c7ea394c467824,hx0000000000000000000000000000000000000000,cx21e94c08c03daee80c25d8ee3ea22a20786ec231,0xa16c584ecb920c48a,0x7f90cfb200bd168443a94a3c8af9e8caf2277d7f24da883dbacb8455111409bb,3,97805471,186.108304528595,1748306885556075,Staked ICX,0.2597301,sICX,0,2,2025-05-27
cx88fd7df7ddff82f7cc735c871dc519838cb235bb,cx21e94c08c03daee80c25d8ee3ea22a20786ec231,hx4dc7903504bb800a462378348a42f53742759e0b,0x1876f69b70b86268d,0x362810952106fe40cf4600537bb784efc38acb56247c2cbca1628d55f5f20b0d,9,97805471,28.205879226137977,1748306885556075,Balanced Dollar,0.2021993,bnUSD,0,1,2025-05-27
cx88fd7df7ddff82f7cc735c871dc519838cb235bb,cxa0af3165c08318e988cb30993b3048335b94af6c,cx5faae53c4dbd1fbe4a2eb4aab6565030f10da5c6,0x96c23cd599925f,0x362810952106fe40cf4600537bb784efc38acb56247c2cbca1628d55f5f20b0d,7,97805471,0.04243481304403619,1748306885556075,Balanced Dollar,0.2021993,bnUSD,0,1,2025-05-27
cx88fd7df7ddff82f7cc735c871dc519838cb235bb,cxa0af3165c08318e988cb30993b3048335b94af6c,cx21e94c08c03daee80c25d8ee3ea22a20786ec231,0x1876f69b70b86268d,0x362810952106fe40cf4600537bb784efc38acb56247c2cbca1628d55f5f20b0d,6,97805471,28.205879226137977,1748306885556075,Balanced Dollar,0.2021993,bnUSD,0,1,2025-05-27
cx2609b924e33ef00b648a409245c7ea394c467824,cx21e94c08c03daee80c25d8ee3ea22a20786ec231,cxa0af3165c08318e988cb30993b3048335b94af6c,0xa16c584ecb920c48a,0x362810952106fe40cf4600537bb784efc38acb56247c2cbca1628d55f5f20b0d,5,97805471,186.108304528595,1748306885556075,Staked ICX,0.2021993,sICX,0,1,2025-05-27
cx2609b924e33ef00b648a409245c7ea394c467824,hx0000000000000000000000000000000000000000,cx21e94c08c03daee80c25d8ee3ea22a20786ec231,0xa16c584ecb920c48a,0x362810952106fe40cf4600537bb784efc38acb56247c2cbca1628d55f5f20b0d,3,97805471,186.108304528595,1748306885556075,Staked ICX,0.2021993,sICX,0,1,2025-05-27
cx7baf94bd53b505353285ee4c4c050f9703581703,hxf662476d85bc58ee7aa203810238e0b791afc1c8,hxf662476d85bc58ee7aa203810238e0b791afc1c8,0x0,0xffe84073afb284dec5ae79254aa0ad8883a113cfc6f628308b643bb747071944,1,97805157,0.0,1748306257280828,unknown_token,0.088154175,$unknown,12,1,2025-05-27
cxf61cd5a45dc9f91c15aa65831a30a90d59a09619,cx9345f80d6c98357ccbb70392b14162199c2c5f66,cxd82fb5d3effecd8c9071a4bba3856ad7222c4b91,0x713c1864d74d4119,0x6aacc90c3b27c733fca52ffc04c6813d4e4c08f92db6fdad89fea9e28f1cce0a,4,97805134,8.159423446276456,1748306211332641,Balance Token,0.1381652875,BALN,0,1,2025-05-27
cx2609b924e33ef00b648a409245c7ea394c467824,cx9345f80d6c98357ccbb70392b14162199c2c5f66,cxd82fb5d3effecd8c9071a4bba3856ad7222c4b91,0x76ae377a9c3d0df55,0x6aacc90c3b27c733fca52ffc04c6813d4e4c08f92db6fdad89fea9e28f1cce0a,3,97805134,136.82933987471895,1748306211332641,Staked ICX,0.1381652875,sICX,0,1,2025-05-27
cx88fd7df7ddff82f7cc735c871dc519838cb235bb,hx0000000000000000000000000000000000000000,cx5faae53c4dbd1fbe4a2eb4aab6565030f10da5c6,0x0,0x6aacc90c3b27c733fca52ffc04c6813d4e4c08f92db6fdad89fea9e28f1cce0a,2,97805134,0.0,1748306211332641,Balanced Dollar,0.1381652875,bnUSD,0,1,2025-05-27
cx88fd7df7ddff82f7cc735c871dc519838cb235bb,hx0000000000000000000000000000000000000000,cxd82fb5d3effecd8c9071a4bba3856ad7222c4b91,0xb5fae43825b75f6f,0x6aacc90c3b27c733fca52ffc04c6813d4e4c08f92db6fdad89fea9e28f1cce0a,1,97805134,13.113044194844697,1748306211332641,Balanced Dollar,0.1381652875,bnUSD,0,1,2025-05-27
cx2609b924e33ef00b648a409245c7ea394c467824,cxa0af3165c08318e988cb30993b3048335b94af6c,hx4dc7903504bb800a462378348a42f53742759e0b,0x831820ec42f42ee,0xf00a86881b420492d5e2ce5f6a6646b0f5e77b84c9f7ebec5b262170a67e6c8b,3,97805063,0.5903960260948303,1748306069258735,Staked ICX,0.043767225,sICX,0,3,2025-05-27
cx2609b924e33ef00b648a409245c7ea394c467824,hx4dc7903504bb800a462378348a42f53742759e0b,cxa0af3165c08318e988cb30993b3048335b94af6c,0xac9955c6f03a58000,0x53e94c5bd545bfb5e4813696f3ab8f5404ef379324964837300d0d1a91d8167c,0,97805063,198.99305854212122,1748306069258735,Staked ICX,0.03123405,sICX,0,2,2025-05-27
cx88fd7df7ddff82f7cc735c871dc519838cb235bb,hx4dc7903504bb800a462378348a42f53742759e0b,cxa0af3165c08318e988cb30993b3048335b94af6c,0x1a28fe46256d06000,0x3795e0c0cb8e6ea9cfe5742cea6c8b1a129bca1d64a6945b976ec71faada288d,0,97805063,30.160576340537926,1748306069258735,Balanced Dollar,0.02221895,bnUSD,0,1,2025-05-27
cx2609b924e33ef00b648a409245c7ea394c467824,cx21e94c08c03daee80c25d8ee3ea22a20786ec231,hx4dc7903504bb800a462378348a42f53742759e0b,0xacaf70544ae3a7ef8,0xd86d446319d3162c02ef611fcf03d28810ea1811c828b952b508b172c394d0b0,5,97805061,199.09260484454347,1748306065261783,Staked ICX,0.1382392625,sICX,0,2,2025-05-27
cx2609b924e33ef00b648a409245c7ea394c467824,hx0000000000000000000000000000000000000000,cx21e94c08c03daee80c25d8ee3ea22a20786ec231,0xacaf70544ae3a7ef8,0xd86d446319d3162c02ef611fcf03d28810ea1811c828b952b508b172c394d0b0,3,97805061,199.09260484454347,1748306065261783,Staked ICX,0.1382392625,sICX,0,2,2025-05-27
cx88fd7df7ddff82f7cc735c871dc519838cb235bb,cx21e94c08c03daee80c25d8ee3ea22a20786ec231,hx4dc7903504bb800a462378348a42f53742759e0b,0x1a2c57eaff60e9d98,0xf1b9040340cf193791d761620d33476263d34e66b81999c528d1cf9d1e073944,9,97805061,30.175664172478406,1748306065261783,Balanced Dollar,0.2021993,bnUSD,0,1,2025-05-27
cx88fd7df7ddff82f7cc735c871dc519838cb235bb,cxa0af3165c08318e988cb30993b3048335b94af6c,cx5faae53c4dbd1fbe4a2eb4aab6565030f10da5c6,0xa1496a14394c82,0xf1b9040340cf193791d761620d33476263d34e66b81999c528d1cf9d1e073944,7,97805061,0.0453981912050761,1748306065261783,Balanced Dollar,0.2021993,bnUSD,0,1,2025-05-27
cx88fd7df7ddff82f7cc735c871dc519838cb235bb,cxa0af3165c08318e988cb30993b3048335b94af6c,cx21e94c08c03daee80c25d8ee3ea22a20786ec231,0x1a2c57eaff60e9d98,0xf1b9040340cf193791d761620d33476263d34e66b81999c528d1cf9d1e073944,6,97805061,30.175664172478406,1748306065261783,Balanced Dollar,0.2021993,bnUSD,0,1,2025-05-27
cx2609b924e33ef00b648a409245c7ea394c467824,cx21e94c08c03daee80c25d8ee3ea22a20786ec231,cxa0af3165c08318e988cb30993b3048335b94af6c,0xacaf70544ae3a7ef8,0xf1b9040340cf193791d761620d33476263d34e66b81999c528d1cf9d1e073944,5,97805061,199.09260484454347,1748306065261783,Staked ICX,0.2021993,sICX,0,1,2025-05-27
cx2609b924e33ef00b648a409245c7ea394c467824,hx0000000000000000000000000000000000000000,cx21e94c08c03daee80c25d8ee3ea22a20786ec231,0xacaf70544ae3a7ef8,0xf1b9040340cf193791d761620d33476263d34e66b81999c528d1cf9d1e073944,3,97805061,199.09260484454347,1748306065261783,Staked ICX,0.2021993,sICX,0,1,2025-05-27
cx88fd7df7ddff82f7cc735c871dc519838cb235bb,hx0000000000000000000000000000000000000000,cx5faae53c4dbd1fbe4a2eb4aab6565030f10da5c6,0x6a94d74f430000,0xe9508288485ecfdf38ddb50bacef8eea9068ac9ed3cf81ea68339eae6fd2aa7e,9,97805040,0.03,1748306023243711,Balanced Dollar,0.120531125,bnUSD,0,1,2025-05-27
cx88fd7df7ddff82f7cc735c871dc519838cb235bb,hx0000000000000000000000000000000000000000,cx66d4d90f5f113eba575bf793570135f9b10cece1,0xd02ab486cedc0000,0xe9508288485ecfdf38ddb50bacef8eea9068ac9ed3cf81ea68339eae6fd2aa7e,0,97805040,15.0,1748306023243711,Balanced Dollar,0.120531125,bnUSD,0,1,2025-05-27
cx518f64edcd35db9044a2de63fdc10abfd5f7d611,hx0000000000000000000000000000000000000000,cx66d4d90f5f113eba575bf793570135f9b10cece1,0x50775d80,0xb5c6b0331e2981360913802cff9624c8ed302dedf69b7804e8a10584f57cc0f4,1,97804982,135.0,1748305907140766,Stellar,0.037163375,XLM,0,1,2025-05-27
cx88fd7df7ddff82f7cc735c871dc519838cb235bb,cxa0af3165c08318e988cb30993b3048335b94af6c,hx4dc7903504bb800a462378348a42f53742759e0b,0x38b8e2b4abed3fb,0x6e00bf3886699208c244776dbfc9605454c02ee85fd2f50c989d3c0097e8aa59,3,97804775,0.255454120465323,1748305491937654,Balanced Dollar,0.0347552125,bnUSD,0,3,2025-05-27
cx07b184a37f03c6ab681fcbd0b45aec6dc3eafbeb,hx4dc7903504bb800a462378348a42f53742759e0b,cxa0af3165c08318e988cb30993b3048335b94af6c,0x2b21a9c60623b,0xf663af0d17b3188557d64053a9e916ee73a85497a215eae094059f17105e4e12,0,97804775,0.000758777315877435,1748305491937654,Bitcoin,0.0215962625,BTC,0,2,2025-05-27
cx88fd7df7ddff82f7cc735c871dc519838cb235bb,hx4dc7903504bb800a462378348a42f53742759e0b,cxa0af3165c08318e988cb30993b3048335b94af6c,0x4826eea4964578000,0xc3452ff0256c2d0739e6f421055f3e80843bf56519ff90e14bac951bfc87185c,0,97804775,83.18568336814398,1748305491937654,Balanced Dollar,0.02221895,bnUSD,0,1,2025-05-27
cx07b184a37f03c6ab681fcbd0b45aec6dc3eafbeb,cx21e94c08c03daee80c25d8ee3ea22a20786ec231,hx4dc7903504bb800a462378348a42f53742759e0b,0x2b272f09d5ddc,0x72a22001944662d8a6863f9ba983118de99a5349648e14566c2b6a921d605700,13,97804773,0.000759156686282204,1748305487817315,Bitcoin,0.2597326,BTC,0,2,2025-05-27
cx88fd7df7ddff82f7cc735c871dc519838cb235bb,cxa0af3165c08318e988cb30993b3048335b94af6c,cx5faae53c4dbd1fbe4a2eb4aab6565030f10da5c6,0x1bb7172f9b7098b,0x72a22001944662d8a6863f9ba983118de99a5349648e14566c2b6a921d605700,11,97804773,0.12481815331255336,1748305487817315,Balanced Dollar,0.2597326,bnUSD,0,2,2025-05-27
cx07b184a37f03c6ab681fcbd0b45aec6dc3eafbeb,cxa0af3165c08318e988cb30993b3048335b94af6c,cx21e94c08c03daee80c25d8ee3ea22a20786ec231,0x2b272f09d5ddc,0x72a22001944662d8a6863f9ba983118de99a5349648e14566c2b6a921d605700,10,97804773,0.000759156686282204,1748305487817315,Bitcoin,0.2597326,BTC,0,2,2025-05-27
cx88fd7df7ddff82f7cc735c871dc519838cb235bb,cx21e94c08c03daee80c25d8ee3ea22a20786ec231,cxa0af3165c08318e988cb30993b3048335b94af6c,0x482ccc614f753868b,0x72a22001944662d8a6863f9ba983118de99a5349648e14566c2b6a921d605700,9,97804773,83.2121022083689,1748305487817315,Balanced Dollar,0.2597326,bnUSD,0,2,2025-05-27
cx88fd7df7ddff82f7cc735c871dc519838cb235bb,cxa0af3165c08318e988cb30993b3048335b94af6c,cx5faae53c4dbd1fbe4a2eb4aab6565030f10da5c6,0x1bcbca2ee6b01a1,0x72a22001944662d8a6863f9ba983118de99a5349648e14566c2b6a921d605700,7,97804773,0.12518229763024527,1748305487817315,Balanced Dollar,0.2597326,bnUSD,0,2,2025-05-27
cx88fd7df7ddff82f7cc735c871dc519838cb235bb,cxa0af3165c08318e988cb30993b3048335b94af6c,cx21e94c08c03daee80c25d8ee3ea22a20786ec231,0x482ccc614f753868b,0x72a22001944662d8a6863f9ba983118de99a5349648e14566c2b6a921d605700,6,97804773,83.2121022083689,1748305487817315,Balanced Dollar,0.2597326,bnUSD,0,2,2025-05-27
cx2609b924e33ef00b648a409245c7ea394c467824,cx21e94c08c03daee80c25d8ee3ea22a20786ec231,cxa0af3165c08318e988cb30993b3048335b94af6c,0x1dc22cce86a5079930,0x72a22001944662d8a6863f9ba983118de99a5349648e14566c2b6a921d605700,5,97804773,548.9473633576,1748305487817315,Staked ICX,0.2597326,sICX,0,2,2025-05-27
cx2609b924e33ef00b648a409245c7ea394c467824,hx0000000000000000000000000000000000000000,cx21e94c08c03daee80c25d8ee3ea22a20786ec231,0x1dc22cce86a5079930,0x72a22001944662d8a6863f9ba983118de99a5349648e14566c2b6a921d605700,3,97804773,548.9473633576,1748305487817315,Staked ICX,0.2597326,sICX,0,2,2025-05-27
cx88fd7df7ddff82f7cc735c871dc519838cb235bb,cx21e94c08c03daee80c25d8ee3ea22a20786ec231,hx4dc7903504bb800a462378348a42f53742759e0b,0x48302c1adf42b20e5,0x7c98518e1fe046c85407b78285ec6e2961fd45011200bf838aee81e92ab9b1f5,9,97804773,83.22729701663016,1748305487817315,Balanced Dollar,0.2022591625,bnUSD,0,1,2025-05-27
cx88fd7df7ddff82f7cc735c871dc519838cb235bb,cxa0af3165c08318e988cb30993b3048335b94af6c,cx5faae53c4dbd1fbe4a2eb4aab6565030f10da5c6,0x1bcd16ce532e40a,0x7c98518e1fe046c85407b78285ec6e2961fd45011200bf838aee81e92ab9b1f5,7,97804773,0.12520515529152207,1748305487817315,Balanced Dollar,0.2022591625,bnUSD,0,1,2025-05-27
cx88fd7df7ddff82f7cc735c871dc519838cb235bb,cxa0af3165c08318e988cb30993b3048335b94af6c,cx21e94c08c03daee80c25d8ee3ea22a20786ec231,0x48302c1adf42b20e5,0x7c98518e1fe046c85407b78285ec6e2961fd45011200bf838aee81e92ab9b1f5,6,97804773,83.22729701663016,1748305487817315,Balanced Dollar,0.2022591625,bnUSD,0,1,2025-05-27
cx2609b924e33ef00b648a409245c7ea394c467824,cx21e94c08c03daee80c25d8ee3ea22a20786ec231,cxa0af3165c08318e988cb30993b3048335b94af6c,0x1dc22cce86a5079930,0x7c98518e1fe046c85407b78285ec6e2961fd45011200bf838aee81e92ab9b1f5,5,97804773,548.9473633576,1748305487817315,Staked ICX,0.2022591625,sICX,0,1,2025-05-27
cx2609b924e33ef00b648a409245c7ea394c467824,hx0000000000000000000000000000000000000000,cx21e94c08c03daee80c25d8ee3ea22a20786ec231,0x1dc22cce86a5079930,0x7c98518e1fe046c85407b78285ec6e2961fd45011200bf838aee81e92ab9b1f5,3,97804773,548.9473633576,1748305487817315,Staked ICX,0.2022591625,sICX,0,1,2025-05-27
cx88fd7df7ddff82f7cc735c871dc519838cb235bb,cxa0af3165c08318e988cb30993b3048335b94af6c,hx4dc7903504bb800a462378348a42f53742759e0b,0x44d23d016d394ea,0x01a47977132d24eb21a8df424fc1009c70ff06db71fbef2d667fd132e8becdb3,3,97804770,0.30994332600156693,1748305481798608,Balanced Dollar,0.0347552125,bnUSD,0,3,2025-05-27
cx07b184a37f03c6ab681fcbd0b45aec6dc3eafbeb,hx4dc7903504bb800a462378348a42f53742759e0b,cxa0af3165c08318e988cb30993b3048335b94af6c,0x34181c8bc6893,0x1d80bdce9500511877154f5c9e9f2920a8b3093dc9878002e516729ae72325e9,0,97804770,0.000916450604509331,1748305481798608,Bitcoin,0.0215962625,BTC,0,2,2025-05-27
cx88fd7df7ddff82f7cc735c871dc519838cb235bb,hx4dc7903504bb800a462378348a42f53742759e0b,cxa0af3165c08318e988cb30993b3048335b94af6c,0x57208bd73f0ab0000,0x6e599bf1bbe5b858e20bcdbd423b0075d1214baecf662a8aed93c1d2eea745ee,0,97804770,100.45074619434186,1748305481798608,Balanced Dollar,0.02221895,bnUSD,0,1,2025-05-27
cx07b184a37f03c6ab681fcbd0b45aec6dc3eafbeb,cx21e94c08c03daee80c25d8ee3ea22a20786ec231,hx4dc7903504bb800a462378348a42f53742759e0b,0x341ec74aca353,0x7a490ebec6760cd53658b4f4696a11b05d1e752e0a3ff31d0187ac0d3c24a78f,13,97804768,0.000916908755690323,1748305476637313,Bitcoin,0.259794025,BTC,0,2,2025-05-27
cx88fd7df7ddff82f7cc735c871dc519838cb235bb,cxa0af3165c08318e988cb30993b3048335b94af6c,cx5faae53c4dbd1fbe4a2eb4aab6565030f10da5c6,0x217757758d04866,0x7a490ebec6760cd53658b4f4696a11b05d1e752e0a3ff31d0187ac0d3c24a78f,11,97804768,0.15071826799180402,1748305476637313,Balanced Dollar,0.259794025,bnUSD,0,2,2025-05-27
cx07b184a37f03c6ab681fcbd0b45aec6dc3eafbeb,cxa0af3165c08318e988cb30993b3048335b94af6c,cx21e94c08c03daee80c25d8ee3ea22a20786ec231,0x341ec74aca353,0x7a490ebec6760cd53658b4f4696a11b05d1e752e0a3ff31d0187ac0d3c24a78f,10,97804768,0.000916908755690323,1748305476637313,Bitcoin,0.259794025,BTC,0,2,2025-05-27
cx88fd7df7ddff82f7cc735c871dc519838cb235bb,cx21e94c08c03daee80c25d8ee3ea22a20786ec231,cxa0af3165c08318e988cb30993b3048335b94af6c,0x5726c91774911df5b,0x7a490ebec6760cd53658b4f4696a11b05d1e752e0a3ff31d0187ac0d3c24a78f,9,97804768,100.47884532786934,1748305476637313,Balanced Dollar,0.259794025,bnUSD,0,2,2025-05-27
cx88fd7df7ddff82f7cc735c871dc519838cb235bb,cxa0af3165c08318e988cb30993b3048335b94af6c,cx5faae53c4dbd1fbe4a2eb4aab6565030f10da5c6,0x21902c5c928c485,0x7a490ebec6760cd53658b4f4696a11b05d1e752e0a3ff31d0187ac0d3c24a78f,7,97804768,0.1511551110003273,1748305476637313,Balanced Dollar,0.259794025,bnUSD,0,2,2025-05-27
cx88fd7df7ddff82f7cc735c871dc519838cb235bb,cxa0af3165c08318e988cb30993b3048335b94af6c,cx21e94c08c03daee80c25d8ee3ea22a20786ec231,0x5726c91774911df5b,0x7a490ebec6760cd53658b4f4696a11b05d1e752e0a3ff31d0187ac0d3c24a78f,6,97804768,100.47884532786934,1748305476637313,Balanced Dollar,0.259794025,bnUSD,0,2,2025-05-27
cx2609b924e33ef00b648a409245c7ea394c467824,cx21e94c08c03daee80c25d8ee3ea22a20786ec231,cxa0af3165c08318e988cb30993b3048335b94af6c,0x23eb6f4109de6b556e,0x7a490ebec6760cd53658b4f4696a11b05d1e752e0a3ff31d0187ac0d3c24a78f,5,97804768,662.6008924118044,1748305476637313,Staked ICX,0.259794025,sICX,0,2,2025-05-27
cx2609b924e33ef00b648a409245c7ea394c467824,hx0000000000000000000000000000000000000000,cx21e94c08c03daee80c25d8ee3ea22a20786ec231,0x23eb6f4109de6b556e,0x7a490ebec6760cd53658b4f4696a11b05d1e752e0a3ff31d0187ac0d3c24a78f,3,97804768,662.6008924118044,1748305476637313,Staked ICX,0.259794025,sICX,0,2,2025-05-27
cx88fd7df7ddff82f7cc735c871dc519838cb235bb,cx21e94c08c03daee80c25d8ee3ea22a20786ec231,hx4dc7903504bb800a462378348a42f53742759e0b,0x572bb4403d1c81476,0x9c9cb6bcc3023db3549085844e83999170ed46f1fd3f38b6bb78d5b5acd5750e,9,97804768,100.50099669271158,1748305476637313,Balanced Dollar,0.20226085,bnUSD,0,1,2025-05-27
cx88fd7df7ddff82f7cc735c871dc519838cb235bb,cxa0af3165c08318e988cb30993b3048335b94af6c,cx5faae53c4dbd1fbe4a2eb4aab6565030f10da5c6,0x21921140e21981d,0x9c9cb6bcc3023db3549085844e83999170ed46f1fd3f38b6bb78d5b5acd5750e,7,97804768,0.15118843251376746,1748305476637313,Balanced Dollar,0.20226085,bnUSD,0,1,2025-05-27
cx88fd7df7ddff82f7cc735c871dc519838cb235bb,cxa0af3165c08318e988cb30993b3048335b94af6c,cx21e94c08c03daee80c25d8ee3ea22a20786ec231,0x572bb4403d1c81476,0x9c9cb6bcc3023db3549085844e83999170ed46f1fd3f38b6bb78d5b5acd5750e,6,97804768,100.50099669271158,1748305476637313,Balanced Dollar,0.20226085,bnUSD,0,1,2025-05-27
cx2609b924e33ef00b648a409245c7ea394c467824,cx21e94c08c03daee80c25d8ee3ea22a20786ec231,cxa0af3165c08318e988cb30993b3048335b94af6c,0x23eb6f4109de6b556e,0x9c9cb6bcc3023db3549085844e83999170ed46f1fd3f38b6bb78d5b5acd5750e,5,97804768,662.6008924118044,1748305476637313,Staked ICX,0.20226085,sICX,0,1,2025-05-27
cx2609b924e33ef00b648a409245c7ea394c467824,hx0000000000000000000000000000000000000000,cx21e94c08c03daee80c25d8ee3ea22a20786ec231,0x23eb6f4109de6b556e,0x9c9cb6bcc3023db3549085844e83999170ed46f1fd3f38b6bb78d5b5acd5750e,3,97804768,662.6008924118044,1748305476637313,Staked ICX,0.20226085,sICX,0,1,2025-05-27
cx88fd7df7ddff82f7cc735c871dc519838cb235bb,cxa0af3165c08318e988cb30993b3048335b94af6c,hx4dc7903504bb800a462378348a42f53742759e0b,0x43dc3cdc8bb5bd4,0xed1ed7b6b6f415482bcf9b34b23fbc212b1e0b89f650795677df76e223ca42a1,3,97804764,0.3056156383344957,1748305468621144,Balanced Dollar,0.0347575875,bnUSD,0,3,2025-05-27
cx288d13e1b63563459a2ac6179f237711f6851cb5,hx4dc7903504bb800a462378348a42f53742759e0b,cxa0af3165c08318e988cb30993b3048335b94af6c,0x8ab5b9b65694e8,0xed6ffb7d5dbbb9a1b2de275ea155db3062d40d2496e90254031c38dfb65edd8b,0,97804764,0.039043356018775274,1748305468621144,Ethereum,0.0216377,ETH,0,2,2025-05-27
cx88fd7df7ddff82f7cc735c871dc519838cb235bb,hx4dc7903504bb800a462378348a42f53742759e0b,cxa0af3165c08318e988cb30993b3048335b94af6c,0x572a6226418390000,0x9d3232ec58d74f61e083cea2ff71857ed5b1938e43d06fd08a146054af7e18b2,0,97804764,100.49504874830397,1748305468621144,Balanced Dollar,0.02221895,bnUSD,0,1,2025-05-27
cx288d13e1b63563459a2ac6179f237711f6851cb5,cx21e94c08c03daee80c25d8ee3ea22a20786ec231,hx4dc7903504bb800a462378348a42f53742759e0b,0x8ac77a38ac442e,0xcfba4cd393a0fcb80ae40cc6e734cde5ab6e4bd486ef297bce46ae4f71ccd136,13,97804762,0.03906287453682181,1748305464606664,Ethereum,0.2599716875,ETH,0,2,2025-05-27
cx88fd7df7ddff82f7cc735c871dc519838cb235bb,cxa0af3165c08318e988cb30993b3048335b94af6c,cx5faae53c4dbd1fbe4a2eb4aab6565030f10da5c6,0x217b1ea74ab3fb6,0xcfba4cd393a0fcb80ae40cc6e734cde5ab6e4bd486ef297bce46ae4f71ccd136,11,97804762,0.1507847330780446,1748305464606664,Balanced Dollar,0.2599716875,bnUSD,0,2,2025-05-27
cx288d13e1b63563459a2ac6179f237711f6851cb5,cxa0af3165c08318e988cb30993b3048335b94af6c,cx21e94c08c03daee80c25d8ee3ea22a20786ec231,0x8ac77a38ac442e,0xcfba4cd393a0fcb80ae40cc6e734cde5ab6e4bd486ef297bce46ae4f71ccd136,10,97804762,0.03906287453682181,1748305464606664,Ethereum,0.2599716875,ETH,0,2,2025-05-27
cx88fd7df7ddff82f7cc735c871dc519838cb235bb,cx21e94c08c03daee80c25d8ee3ea22a20786ec231,cxa0af3165c08318e988cb30993b3048335b94af6c,0x57309fd3a7df5ead2,0xcfba4cd393a0fcb80ae40cc6e734cde5ab6e4bd486ef297bce46ae4f71ccd136,9,97804762,100.52315538536307,1748305464606664,Balanced Dollar,0.2599716875,bnUSD,0,2,2025-05-27
cx88fd7df7ddff82f7cc735c871dc519838cb235bb,cxa0af3165c08318e988cb30993b3048335b94af6c,cx5faae53c4dbd1fbe4a2eb4aab6565030f10da5c6,0x2193f64e4163753,0xcfba4cd393a0fcb80ae40cc6e734cde5ab6e4bd486ef297bce46ae4f71ccd136,7,97804762,0.15122176504956297,1748305464606664,Balanced Dollar,0.2599716875,bnUSD,0,2,2025-05-27
cx88fd7df7ddff82f7cc735c871dc519838cb235bb,cxa0af3165c08318e988cb30993b3048335b94af6c,cx21e94c08c03daee80c25d8ee3ea22a20786ec231,0x57309fd3a7df5ead2,0xcfba4cd393a0fcb80ae40cc6e734cde5ab6e4bd486ef297bce46ae4f71ccd136,6,97804762,100.52315538536307,1748305464606664,Balanced Dollar,0.2599716875,bnUSD,0,2,2025-05-27
cx2609b924e33ef00b648a409245c7ea394c467824,cx21e94c08c03daee80c25d8ee3ea22a20786ec231,cxa0af3165c08318e988cb30993b3048335b94af6c,0x23eb6f4109de6b556e,0xcfba4cd393a0fcb80ae40cc6e734cde5ab6e4bd486ef297bce46ae4f71ccd136,5,97804762,662.6008924118044,1748305464606664,Staked ICX,0.2599716875,sICX,0,2,2025-05-27
cx2609b924e33ef00b648a409245c7ea394c467824,hx0000000000000000000000000000000000000000,cx21e94c08c03daee80c25d8ee3ea22a20786ec231,0x23eb6f4109de6b556e,0xcfba4cd393a0fcb80ae40cc6e734cde5ab6e4bd486ef297bce46ae4f71ccd136,3,97804762,662.6008924118044,1748305464606664,Staked ICX,0.2599716875,sICX,0,2,2025-05-27
cx88fd7df7ddff82f7cc735c871dc519838cb235bb,cx21e94c08c03daee80c25d8ee3ea22a20786ec231,hx4dc7903504bb800a462378348a42f53742759e0b,0x57358bd1c0e4d20a7,0x4e59152677f059905f60480163560bc76c9c299ddc591bca26f75742ca8b558c,14,97804762,100.54532140905668,1748305464606664,Balanced Dollar,0.247314325,bnUSD,0,1,2025-05-27
cx88fd7df7ddff82f7cc735c871dc519838cb235bb,cx203d9cd2a669be67177e997b8948ce2c35caffae,cx835b300dcfe01f0bdb794e134a0c5628384f4367,0xc2fe187a4503dc0,0x4e59152677f059905f60480163560bc76c9c299ddc591bca26f75742ca8b558c,11,97804762,0.8781684250540928,1748305464606664,Balanced Dollar,0.247314325,bnUSD,0,1,2025-05-27
cx88fd7df7ddff82f7cc735c871dc519838cb235bb,cx5faae53c4dbd1fbe4a2eb4aab6565030f10da5c6,cx203d9cd2a669be67177e997b8948ce2c35caffae,0x1168f90aeabbc5ee,0x4e59152677f059905f60480163560bc76c9c299ddc591bca26f75742ca8b558c,9,97804762,1.2545263215058469,1748305464606664,Balanced Dollar,0.247314325,bnUSD,0,1,2025-05-27
cx88fd7df7ddff82f7cc735c871dc519838cb235bb,cx5faae53c4dbd1fbe4a2eb4aab6565030f10da5c6,cxdc30a0d3a1f131565c071272a20bc0b06fd4c17b,0x1168f90aeabbc5ee,0x4e59152677f059905f60480163560bc76c9c299ddc591bca26f75742ca8b558c,8,97804762,1.2545263215058469,1748305464606664,Balanced Dollar,0.247314325,bnUSD,0,1,2025-05-27
cx88fd7df7ddff82f7cc735c871dc519838cb235bb,cxa0af3165c08318e988cb30993b3048335b94af6c,cx5faae53c4dbd1fbe4a2eb4aab6565030f10da5c6,0x2195db84b50d487,0x4e59152677f059905f60480163560bc76c9c299ddc591bca26f75742ca8b558c,7,97804762,0.15125510861257638,1748305464606664,Balanced Dollar,0.247314325,bnUSD,0,1,2025-05-27
cx88fd7df7ddff82f7cc735c871dc519838cb235bb,cxa0af3165c08318e988cb30993b3048335b94af6c,cx21e94c08c03daee80c25d8ee3ea22a20786ec231,0x57358bd1c0e4d20a7,0x4e59152677f059905f60480163560bc76c9c299ddc591bca26f75742ca8b558c,6,97804762,100.54532140905668,1748305464606664,Balanced Dollar,0.247314325,bnUSD,0,1,2025-05-27
cx2609b924e33ef00b648a409245c7ea394c467824,cx21e94c08c03daee80c25d8ee3ea22a20786ec231,cxa0af3165c08318e988cb30993b3048335b94af6c,0x23eb6f4109de6b556e,0x4e59152677f059905f60480163560bc76c9c299ddc591bca26f75742ca8b558c,5,97804762,662.6008924118044,1748305464606664,Staked ICX,0.247314325,sICX,0,1,2025-05-27
cx2609b924e33ef00b648a409245c7ea394c467824,hx0000000000000000000000000000000000000000,cx21e94c08c03daee80c25d8ee3ea22a20786ec231,0x23eb6f4109de6b556e,0x4e59152677f059905f60480163560bc76c9c299ddc591bca26f75742ca8b558c,3,97804762,662.6008924118044,1748305464606664,Staked ICX,0.247314325,sICX,0,1,2025-05-27
cx88fd7df7ddff82f7cc735c871dc519838cb235bb,cx21e94c08c03daee80c25d8ee3ea22a20786ec231,hx2debd9ec927cca1639da8d3518dd9dbf1cdfb357,0x164eb02a3d633c9dbd,0x366955b6b79d432a7a7e8f3e7d2dd6d5a13dbe0d205bab591861507849032358,5,97804653,411.4984479956159,1748305245306806,Balanced Dollar,0.088410925,bnUSD,0,1,2025-05-27
cx88fd7df7ddff82f7cc735c871dc519838cb235bb,cxa0af3165c08318e988cb30993b3048335b94af6c,cx5faae53c4dbd1fbe4a2eb4aab6565030f10da5c6,0x8934d3223db1ca1,0x366955b6b79d432a7a7e8f3e7d2dd6d5a13dbe0d205bab591861507849032358,3,97804653,0.6179224516251558,1748305245306806,Balanced Dollar,0.088410925,bnUSD,0,1,2025-05-27
cx88fd7df7ddff82f7cc735c871dc519838cb235bb,cxa0af3165c08318e988cb30993b3048335b94af6c,cx21e94c08c03daee80c25d8ee3ea22a20786ec231,0x164eb02a3d633c9dbd,0x366955b6b79d432a7a7e8f3e7d2dd6d5a13dbe0d205bab591861507849032358,2,97804653,411.4984479956159,1748305245306806,Balanced Dollar,0.088410925,bnUSD,0,1,2025-05-27
cx4297f4b63262507623b6ad575d0d8dd2db980e4e,cx21e94c08c03daee80c25d8ee3ea22a20786ec231,cxa0af3165c08318e988cb30993b3048335b94af6c,0x1a055690d9db80000,0x366955b6b79d432a7a7e8f3e7d2dd6d5a13dbe0d205bab591861507849032358,1,97804653,30.0,1748305245306806,Injective,0.088410925,INJ,0,1,2025-05-27
cx4297f4b63262507623b6ad575d0d8dd2db980e4e,hx2debd9ec927cca1639da8d3518dd9dbf1cdfb357,cx21e94c08c03daee80c25d8ee3ea22a20786ec231,0x1a055690d9db80000,0x366955b6b79d432a7a7e8f3e7d2dd6d5a13dbe0d205bab591861507849032358,0,97804653,30.0,1748305245306806,Injective,0.088410925,INJ,0,1,2025-05-27
cx88fd7df7ddff82f7cc735c871dc519838cb235bb,cxa0af3165c08318e988cb30993b3048335b94af6c,cx5faae53c4dbd1fbe4a2eb4aab6565030f10da5c6,0x2e26726ff2cabe7,0x0a2d7c1123e10c5e7309aefc228393453a3dcc2e89a3178ed0215371f8673cb1,2,97804549,0.20784194999999997,1748305037161383,Balanced Dollar,0.0563762625,bnUSD,0,1,2025-05-27
cx4297f4b63262507623b6ad575d0d8dd2db980e4e,cxa0af3165c08318e988cb30993b3048335b94af6c,hxd75467e3e4ce64e3424c747dfb71503017440433,0x8b2c5c7c2b7ccc67,0x0a2d7c1123e10c5e7309aefc228393453a3dcc2e89a3178ed0215371f8673cb1,1,97804549,10.028492158622552,1748305037161383,Injective,0.0563762625,INJ,0,1,2025-05-27
cx88fd7df7ddff82f7cc735c871dc519838cb235bb,hxd75467e3e4ce64e3424c747dfb71503017440433,cxa0af3165c08318e988cb30993b3048335b94af6c,0x782eca03884550000,0x0a2d7c1123e10c5e7309aefc228393453a3dcc2e89a3178ed0215371f8673cb1,0,97804549,138.5613,1748305037161383,Balanced Dollar,0.0563762625,bnUSD,0,1,2025-05-27
cx88fd7df7ddff82f7cc735c871dc519838cb235bb,cxa0af3165c08318e988cb30993b3048335b94af6c,cx5faae53c4dbd1fbe4a2eb4aab6565030f10da5c6,0x2e26726ff2cabe7,0x8b664b97037a29564b9358c4d322786a6ec4d4b70ef7fb67a979eb5b19a550dd,2,97804543,0.20784194999999997,1748305025272533,Balanced Dollar,0.0563762625,bnUSD,0,1,2025-05-27
cx4297f4b63262507623b6ad575d0d8dd2db980e4e,cxa0af3165c08318e988cb30993b3048335b94af6c,hxd75467e3e4ce64e3424c747dfb71503017440433,0x8b5a0277ddf7b482,0x8b664b97037a29564b9358c4d322786a6ec4d4b70ef7fb67a979eb5b19a550dd,1,97804543,10.041341033024304,1748305025272533,Injective,0.0563762625,INJ,0,1,2025-05-27
cx88fd7df7ddff82f7cc735c871dc519838cb235bb,hxd75467e3e4ce64e3424c747dfb71503017440433,cxa0af3165c08318e988cb30993b3048335b94af6c,0x782eca03884550000,0x8b664b97037a29564b9358c4d322786a6ec4d4b70ef7fb67a979eb5b19a550dd,0,97804543,138.5613,1748305025272533,Balanced Dollar,0.0563762625,bnUSD,0,1,2025-05-27
cx2609b924e33ef00b648a409245c7ea394c467824,cx43e2eec79eb76293c298f2b17aec06097be606e0,hx0000000000000000000000000000000000000000,0x94078daffe06eed4b8,0x5670f81b293d40d4361e4b99e359945b27b4b651a8b1523f3f1c38dd647d9c46,1,97804521,2730.6624075445684,1748304981179530,Staked ICX,0.08903335,sICX,0,1,2025-05-27
cx2609b924e33ef00b648a409245c7ea394c467824,hx29eb841f8c659af8e4788eac63e343fb22006aaa,cx43e2eec79eb76293c298f2b17aec06097be606e0,0x94078daffe06eed4b8,0x5670f81b293d40d4361e4b99e359945b27b4b651a8b1523f3f1c38dd647d9c46,0,97804521,2730.6624075445684,1748304981179530,Staked ICX,0.08903335,sICX,0,1,2025-05-27
cxf61cd5a45dc9f91c15aa65831a30a90d59a09619,cx10d59e8103ab44635190bd4139dbfd682fa2d07e,hx29eb841f8c659af8e4788eac63e343fb22006aaa,0x3a49e4c2b40b6b1ae,0x4bdf7676cf975485979a8fee1ebd84e7366f37aa5691c183b5f095d0d7506a9d,4,97804512,67.20223443832214,1748304963129263,Balance Token,0.1529373875,BALN,0,1,2025-05-27
cx2609b924e33ef00b648a409245c7ea394c467824,cx10d59e8103ab44635190bd4139dbfd682fa2d07e,hx29eb841f8c659af8e4788eac63e343fb22006aaa,0x94078daffe06eed4b8,0x4bdf7676cf975485979a8fee1ebd84e7366f37aa5691c183b5f095d0d7506a9d,2,97804512,2730.6624075445684,1748304963129263,Staked ICX,0.1529373875,sICX,0,1,2025-05-27
cx88fd7df7ddff82f7cc735c871dc519838cb235bb,cxa0af3165c08318e988cb30993b3048335b94af6c,cx5faae53c4dbd1fbe4a2eb4aab6565030f10da5c6,0x2e0ce49fb1da018,0xb9ed80877aebdb6b0d939d95a7301a0d1953de95f82bcfeaa73d24dba36291e8,2,97804511,0.20739240000000003,1748304961188306,Balanced Dollar,0.0563762625,bnUSD,0,1,2025-05-27
cx4297f4b63262507623b6ad575d0d8dd2db980e4e,cxa0af3165c08318e988cb30993b3048335b94af6c,hxd75467e3e4ce64e3424c747dfb71503017440433,0x8b3a6fc7b970b13e,0xb9ed80877aebdb6b0d939d95a7301a0d1953de95f82bcfeaa73d24dba36291e8,1,97804511,10.032454023521547,1748304961188306,Injective,0.0563762625,INJ,0,1,2025-05-27
cx88fd7df7ddff82f7cc735c871dc519838cb235bb,hxd75467e3e4ce64e3424c747dfb71503017440433,cxa0af3165c08318e988cb30993b3048335b94af6c,0x77ec3e0a89d264000,0xb9ed80877aebdb6b0d939d95a7301a0d1953de95f82bcfeaa73d24dba36291e8,0,97804511,138.26160000000002,1748304961188306,Balanced Dollar,0.0563762625,bnUSD,0,1,2025-05-27
cx2609b924e33ef00b648a409245c7ea394c467824,hx1adc2b41608d81704d775ff143f43ab6efe0d792,cx66d4d90f5f113eba575bf793570135f9b10cece1,0x8961b6609b5bafd21,0x7fa41f8f5aab3b5ec977bda567e8dbbea9b616973e9b19909bab92ca9a2b45ab,1,97804486,158.39030371162647,1748304911178705,Staked ICX,0.094772825,sICX,0,1,2025-05-27
cx2609b924e33ef00b648a409245c7ea394c467824,cx21e94c08c03daee80c25d8ee3ea22a20786ec231,hx1adc2b41608d81704d775ff143f43ab6efe0d792,0x89604229f95a2f567,0xe2942bea2ecbb19847ee8f9cda06419822b8525a198b32b8081293ac24b40815,5,97804468,158.38375566407808,1748304875199858,Staked ICX,0.1103272875,sICX,0,1,2025-05-27
cx88fd7df7ddff82f7cc735c871dc519838cb235bb,cxa0af3165c08318e988cb30993b3048335b94af6c,cx5faae53c4dbd1fbe4a2eb4aab6565030f10da5c6,0x80dc254ba99393,0xe2942bea2ecbb19847ee8f9cda06419822b8525a198b32b8081293ac24b40815,3,97804468,0.0362708497602692,1748304875199858,Balanced Dollar,0.1103272875,bnUSD,0,1,2025-05-27
cx2609b924e33ef00b648a409245c7ea394c467824,cxa0af3165c08318e988cb30993b3048335b94af6c,cx21e94c08c03daee80c25d8ee3ea22a20786ec231,0x89604229f95a2f567,0xe2942bea2ecbb19847ee8f9cda06419822b8525a198b32b8081293ac24b40815,2,97804468,158.38375566407808,1748304875199858,Staked ICX,0.1103272875,sICX,0,1,2025-05-27
cx88fd7df7ddff82f7cc735c871dc519838cb235bb,cx21e94c08c03daee80c25d8ee3ea22a20786ec231,cxa0af3165c08318e988cb30993b3048335b94af6c,0x14f92a11fb445a4a0,0xe2942bea2ecbb19847ee8f9cda06419822b8525a198b32b8081293ac24b40815,1,97804468,24.180566506846134,1748304875199858,Balanced Dollar,0.1103272875,bnUSD,0,1,2025-05-27
cx88fd7df7ddff82f7cc735c871dc519838cb235bb,hx1adc2b41608d81704d775ff143f43ab6efe0d792,cx21e94c08c03daee80c25d8ee3ea22a20786ec231,0x14f92a11fb445a4a0,0xe2942bea2ecbb19847ee8f9cda06419822b8525a198b32b8081293ac24b40815,0,97804468,24.180566506846134,1748304875199858,Balanced Dollar,0.1103272875,bnUSD,0,1,2025-05-27
cx88fd7df7ddff82f7cc735c871dc519838cb235bb,cxa0af3165c08318e988cb30993b3048335b94af6c,cx5faae53c4dbd1fbe4a2eb4aab6565030f10da5c6,0x2df356cf70e93e7,0x5931bccb5a2bffb7f8c5906ff16476c77cc87092fc89d40129a93622d1ef3822,2,97804465,0.20694284999999998,1748304869113128,Balanced Dollar,0.0563762625,bnUSD,0,1,2025-05-27
cx4297f4b63262507623b6ad575d0d8dd2db980e4e,cxa0af3165c08318e988cb30993b3048335b94af6c,hxd75467e3e4ce64e3424c747dfb71503017440433,0x8b1aa799a0435142,0x5931bccb5a2bffb7f8c5906ff16476c77cc87092fc89d40129a93622d1ef3822,1,97804465,10.023508198927061,1748304869113128,Injective,0.0563762625,INJ,0,1,2025-05-27
cx88fd7df7ddff82f7cc735c871dc519838cb235bb,hxd75467e3e4ce64e3424c747dfb71503017440433,cxa0af3165c08318e988cb30993b3048335b94af6c,0x77a9b2118b5f68000,0x5931bccb5a2bffb7f8c5906ff16476c77cc87092fc89d40129a93622d1ef3822,0,97804465,137.96189999999999,1748304869113128,Balanced Dollar,0.0563762625,bnUSD,0,1,2025-05-27
cx88fd7df7ddff82f7cc735c871dc519838cb235bb,hx0000000000000000000000000000000000000000,cx5faae53c4dbd1fbe4a2eb4aab6565030f10da5c6,0xabd031ba376f6e,0x6693ab257143a12b301732b5b6a4ed3fd1b259517d1fec72e5f3e4178b59092f,3,97804454,0.04836113301369227,1748304847270967,Balanced Dollar,0.1024836625,bnUSD,0,1,2025-05-27
cx88fd7df7ddff82f7cc735c871dc519838cb235bb,cx66d4d90f5f113eba575bf793570135f9b10cece1,hx1adc2b41608d81704d775ff143f43ab6efe0d792,0x14f92a11fb445a4a0,0x6693ab257143a12b301732b5b6a4ed3fd1b259517d1fec72e5f3e4178b59092f,1,97804454,24.180566506846134,1748304847270967,Balanced Dollar,0.1024836625,bnUSD,0,1,2025-05-27
cx88fd7df7ddff82f7cc735c871dc519838cb235bb,hx0000000000000000000000000000000000000000,cx66d4d90f5f113eba575bf793570135f9b10cece1,0x14f92a11fb445a4a0,0x6693ab257143a12b301732b5b6a4ed3fd1b259517d1fec72e5f3e4178b59092f,0,97804454,24.180566506846134,1748304847270967,Balanced Dollar,0.1024836625,bnUSD,0,1,2025-05-27
cx88fd7df7ddff82f7cc735c871dc519838cb235bb,cxa0af3165c08318e988cb30993b3048335b94af6c,cx5faae53c4dbd1fbe4a2eb4aab6565030f10da5c6,0x2de24d99f048bce,0x87743b10b6286c425748039ae5e59de9ca2d46b1df484e1f7db8d69b2b25997b,2,97804381,0.20664314999999994,1748304701215329,Balanced Dollar,0.0563762625,bnUSD,0,1,2025-05-27
cx4297f4b63262507623b6ad575d0d8dd2db980e4e,cxa0af3165c08318e988cb30993b3048335b94af6c,hxd75467e3e4ce64e3424c747dfb71503017440433,0x8b147fc25454535c,0x87743b10b6286c425748039ae5e59de9ca2d46b1df484e1f7db8d69b2b25997b,1,97804381,10.021775543421391,1748304701215329,Injective,0.0563762625,INJ,0,1,2025-05-27
cx88fd7df7ddff82f7cc735c871dc519838cb235bb,hxd75467e3e4ce64e3424c747dfb71503017440433,cxa0af3165c08318e988cb30993b3048335b94af6c,0x777d54c0e1bd6c000,0x87743b10b6286c425748039ae5e59de9ca2d46b1df484e1f7db8d69b2b25997b,0,97804381,137.76209999999998,1748304701215329,Balanced Dollar,0.0563762625,bnUSD,0,1,2025-05-27
cx2609b924e33ef00b648a409245c7ea394c467824,cxa0af3165c08318e988cb30993b3048335b94af6c,hx247e7c6b63c63d5b04c539373a0fbcffbdedd358,0x1,0x4bb7c4632c13d0caae52b3b7e90abaae2d604dcebc8b7aa932c1380e95c9d0f9,3,97804294,1e-18,1748304527274045,Staked ICX,0.043754125,sICX,0,1,2025-05-27
cx2609b924e33ef00b648a409245c7ea394c467824,hx247e7c6b63c63d5b04c539373a0fbcffbdedd358,cxa0af3165c08318e988cb30993b3048335b94af6c,0x1b6ce773087f2fef55,0xc9cd81835fe7fb818faf44b4d2ffa61f25b498712e4ebf8130b877fbc87cda59,0,97804291,505.90945734620504,1748304521058854,Staked ICX,0.03120455,sICX,0,1,2025-05-27
cx3975b43d260fb8ec802cef6e60c2f4d07486f11d,hx247e7c6b63c63d5b04c539373a0fbcffbdedd358,cxa0af3165c08318e988cb30993b3048335b94af6c,0x24c5025bf2046fdf81,0x59bde87e56adfe3dbe492d748c604c41455e46cbffd7f157578aa5284830f6a2,1,97804288,678.2787967239838,1748304514992398,Wrapped ICX,0.0165693375,wICX,0,1,2025-05-27
cx3975b43d260fb8ec802cef6e60c2f4d07486f11d,hx0000000000000000000000000000000000000000,hx247e7c6b63c63d5b04c539373a0fbcffbdedd358,0x24c5025bf2046fdf81,0x59bde87e56adfe3dbe492d748c604c41455e46cbffd7f157578aa5284830f6a2,0,97804288,678.2787967239838,1748304514992398,Wrapped ICX,0.0165693375,wICX,0,1,2025-05-27
cxf61cd5a45dc9f91c15aa65831a30a90d59a09619,cx10d59e8103ab44635190bd4139dbfd682fa2d07e,hx247e7c6b63c63d5b04c539373a0fbcffbdedd358,0xacaaa0362a08f0bc,0x519fc5531ca5aee00cdce17771c1f5465c61d22f441698acadef5087ccbfe102,3,97804246,12.441933075058323,1748304430973199,Balance Token,0.09099055,BALN,0,1,2025-05-27
cx2609b924e33ef00b648a409245c7ea394c467824,cx10d59e8103ab44635190bd4139dbfd682fa2d07e,hx247e7c6b63c63d5b04c539373a0fbcffbdedd358,0x1b6ce773087f2fef54,0x519fc5531ca5aee00cdce17771c1f5465c61d22f441698acadef5087ccbfe102,1,97804246,505.90945734620504,1748304430973199,Staked ICX,0.09099055,sICX,0,1,2025-05-27
cx88fd7df7ddff82f7cc735c871dc519838cb235bb,cxa0af3165c08318e988cb30993b3048335b94af6c,cx5faae53c4dbd1fbe4a2eb4aab6565030f10da5c6,0x2dd144646fa8400,0x2d5fba08bac40c18117f2d2cbace6195d707ad02ddccacb8e99a4b1d3e9d8436,2,97804128,0.20634345,1748304195052737,Balanced Dollar,0.0563762625,bnUSD,0,1,2025-05-27
cx4297f4b63262507623b6ad575d0d8dd2db980e4e,cxa0af3165c08318e988cb30993b3048335b94af6c,hxd75467e3e4ce64e3424c747dfb71503017440433,0x8b0e3b94c438cbc7,0x2d5fba08bac40c18117f2d2cbace6195d707ad02ddccacb8e99a4b1d3e9d8436,1,97804128,10.020011731079187,1748304195052737,Injective,0.0563762625,INJ,0,1,2025-05-27
cx88fd7df7ddff82f7cc735c871dc519838cb235bb,hxd75467e3e4ce64e3424c747dfb71503017440433,cxa0af3165c08318e988cb30993b3048335b94af6c,0x7750f770381b7c000,0x2d5fba08bac40c18117f2d2cbace6195d707ad02ddccacb8e99a4b1d3e9d8436,0,97804128,137.5623,1748304195052737,Balanced Dollar,0.0563762625,bnUSD,0,1,2025-05-27
cxd17316e24ee40f2ef8ed6f3a497311db1b35206d,hxee5c1d04f36e46fb4a9c5b0de1e0d10b03a8ed9c,hx0000000000000000000000000000000000000000,0x0,0x370ed78364ed33da49ab379b1e74191811ac396207c140e83a4e8ed7c0622b6a,7,97804117,0.0,1748304172859667,unknown_token,0.0410765125,$unknown,7,1,2025-05-27
cxd17316e24ee40f2ef8ed6f3a497311db1b35206d,hxee5c1d04f36e46fb4a9c5b0de1e0d10b03a8ed9c,hx0000000000000000000000000000000000000000,0x0,0x370ed78364ed33da49ab379b1e74191811ac396207c140e83a4e8ed7c0622b6a,6,97804117,0.0,1748304172859667,unknown_token,0.0410765125,$unknown,34,1,2025-05-27
cxd17316e24ee40f2ef8ed6f3a497311db1b35206d,hxf662476d85bc58ee7aa203810238e0b791afc1c8,hx0000000000000000000000000000000000000000,0x0,0x370ed78364ed33da49ab379b1e74191811ac396207c140e83a4e8ed7c0622b6a,5,97804117,0.0,1748304172859667,unknown_token,0.0410765125,$unknown,34,1,2025-05-27
cx88fd7df7ddff82f7cc735c871dc519838cb235bb,cxa0af3165c08318e988cb30993b3048335b94af6c,cx5faae53c4dbd1fbe4a2eb4aab6565030f10da5c6,0x2dc8bfc9af58000,0x848b6836f528abcaab5322d995741bfb4a4c4ac270507d25ff470b5de6b5e4eb,2,97804094,0.2061936,1748304127184532,Balanced Dollar,0.0563762625,bnUSD,0,1,2025-05-27
cx4297f4b63262507623b6ad575d0d8dd2db980e4e,cxa0af3165c08318e988cb30993b3048335b94af6c,hxd75467e3e4ce64e3424c747dfb71503017440433,0x8b21c1c9809ea7b7,0x848b6836f528abcaab5322d995741bfb4a4c4ac270507d25ff470b5de6b5e4eb,1,97804094,10.025507316693904,1748304127184532,Injective,0.0563762625,INJ,0,1,2025-05-27
cx88fd7df7ddff82f7cc735c871dc519838cb235bb,hxd75467e3e4ce64e3424c747dfb71503017440433,cxa0af3165c08318e988cb30993b3048335b94af6c,0x773ac8c7e34a80000,0x848b6836f528abcaab5322d995741bfb4a4c4ac270507d25ff470b5de6b5e4eb,0,97804094,137.4624,1748304127184532,Balanced Dollar,0.0563762625,bnUSD,0,1,2025-05-27
cx88fd7df7ddff82f7cc735c871dc519838cb235bb,cxa0af3165c08318e988cb30993b3048335b94af6c,cx5faae53c4dbd1fbe4a2eb4aab6565030f10da5c6,0x2dc03b2eef07c18,0x1eb05934d81c72b8966ea61b1e9981636f3c7799e81c4219cc5be6347e1ee35b,2,97803871,0.20604375000000003,1748303679409214,Balanced Dollar,0.056395075,bnUSD,0,1,2025-05-26
cx4297f4b63262507623b6ad575d0d8dd2db980e4e,cxa0af3165c08318e988cb30993b3048335b94af6c,hxd75467e3e4ce64e3424c747dfb71503017440433,0x8b3544e1d377fb08,0x1eb05934d81c72b8966ea61b1e9981636f3c7799e81c4219cc5be6347e1ee35b,1,97803871,10.030999481743834,1748303679409214,Injective,0.056395075,INJ,0,1,2025-05-26
cx88fd7df7ddff82f7cc735c871dc519838cb235bb,hxd75467e3e4ce64e3424c747dfb71503017440433,cxa0af3165c08318e988cb30993b3048335b94af6c,0x77249a1f8e7988000,0x1eb05934d81c72b8966ea61b1e9981636f3c7799e81c4219cc5be6347e1ee35b,0,97803871,137.3625,1748303679409214,Balanced Dollar,0.056395075,bnUSD,0,1,2025-05-26
cx7baf94bd53b505353285ee4c4c050f9703581703,hxf662476d85bc58ee7aa203810238e0b791afc1c8,hxf662476d85bc58ee7aa203810238e0b791afc1c8,0x0,0xa8a1f2f8b3afee81b8e506c31399c31805bba39c7fa56fdbd2bea3597061655c,2,97803800,0.0,1748303537553083,unknown_token,0.090359075,$unknown,21,1,2025-05-26
cx7baf94bd53b505353285ee4c4c050f9703581703,hxf662476d85bc58ee7aa203810238e0b791afc1c8,hxf662476d85bc58ee7aa203810238e0b791afc1c8,0x0,0xa8a1f2f8b3afee81b8e506c31399c31805bba39c7fa56fdbd2bea3597061655c,1,97803800,0.0,1748303537553083,unknown_token,0.090359075,$unknown,12,1,2025-05-26
cx88fd7df7ddff82f7cc735c871dc519838cb235bb,cx203d9cd2a669be67177e997b8948ce2c35caffae,cx835b300dcfe01f0bdb794e134a0c5628384f4367,0xd1c480c509b9d67,0xac590ec96d3af8eb295ac31ccfe25e5a74b44a4b684b542f57ecb7ad6fc86ed5,6,97803766,0.9447092395701446,1748303469282310,Balanced Dollar,0.098495725,bnUSD,0,1,2025-05-26
cx88fd7df7ddff82f7cc735c871dc519838cb235bb,cx5faae53c4dbd1fbe4a2eb4aab6565030f10da5c6,cx203d9cd2a669be67177e997b8948ce2c35caffae,0x12bab01197b9bc4a,0xac590ec96d3af8eb295ac31ccfe25e5a74b44a4b684b542f57ecb7ad6fc86ed5,4,97803766,1.3495846279573493,1748303469282310,Balanced Dollar,0.098495725,bnUSD,0,1,2025-05-26
cx88fd7df7ddff82f7cc735c871dc519838cb235bb,cx5faae53c4dbd1fbe4a2eb4aab6565030f10da5c6,cxdc30a0d3a1f131565c071272a20bc0b06fd4c17b,0x12bab01197b9bc4a,0xac590ec96d3af8eb295ac31ccfe25e5a74b44a4b684b542f57ecb7ad6fc86ed5,3,97803766,1.3495846279573493,1748303469282310,Balanced Dollar,0.098495725,bnUSD,0,1,2025-05-26
cx88fd7df7ddff82f7cc735c871dc519838cb235bb,cxa0af3165c08318e988cb30993b3048335b94af6c,cx5faae53c4dbd1fbe4a2eb4aab6565030f10da5c6,0x2daf31f96e67400,0xac590ec96d3af8eb295ac31ccfe25e5a74b44a4b684b542f57ecb7ad6fc86ed5,2,97803766,0.20574405,1748303469282310,Balanced Dollar,0.098495725,bnUSD,0,1,2025-05-26
cx4297f4b63262507623b6ad575d0d8dd2db980e4e,cxa0af3165c08318e988cb30993b3048335b94af6c,hxd75467e3e4ce64e3424c747dfb71503017440433,0x8b2ecd22b719169e,0xac590ec96d3af8eb295ac31ccfe25e5a74b44a4b684b542f57ecb7ad6fc86ed5,1,97803766,10.02917896918513,1748303469282310,Injective,0.098495725,INJ,0,1,2025-05-26
cx88fd7df7ddff82f7cc735c871dc519838cb235bb,hxd75467e3e4ce64e3424c747dfb71503017440433,cxa0af3165c08318e988cb30993b3048335b94af6c,0x76f83ccee4d78c000,0xac590ec96d3af8eb295ac31ccfe25e5a74b44a4b684b542f57ecb7ad6fc86ed5,0,97803766,137.1627,1748303469282310,Balanced Dollar,0.098495725,bnUSD,0,1,2025-05-26
cx88fd7df7ddff82f7cc735c871dc519838cb235bb,cxa0af3165c08318e988cb30993b3048335b94af6c,cx5faae53c4dbd1fbe4a2eb4aab6565030f10da5c6,0x2d9e28c3edc6c18,0x2a40d8078e050d981a30b5bb0250a1afca715544a913ce5306619f7bf345481a,2,97803755,0.20544435000000003,1748303447346730,Balanced Dollar,0.0563762625,bnUSD,0,1,2025-05-26
cx4297f4b63262507623b6ad575d0d8dd2db980e4e,cxa0af3165c08318e988cb30993b3048335b94af6c,hxd75467e3e4ce64e3424c747dfb71503017440433,0x8b2838d243e20d88,0x2a40d8078e050d981a30b5bb0250a1afca715544a913ce5306619f7bf345481a,1,97803755,10.027327046073585,1748303447346730,Injective,0.0563762625,INJ,0,1,2025-05-26
cx88fd7df7ddff82f7cc735c871dc519838cb235bb,hxd75467e3e4ce64e3424c747dfb71503017440433,cxa0af3165c08318e988cb30993b3048335b94af6c,0x76cbdf7e3b3598000,0x2a40d8078e050d981a30b5bb0250a1afca715544a913ce5306619f7bf345481a,0,97803755,136.96290000000002,1748303447346730,Balanced Dollar,0.0563762625,bnUSD,0,1,2025-05-26
cx88fd7df7ddff82f7cc735c871dc519838cb235bb,cxa0af3165c08318e988cb30993b3048335b94af6c,cx5faae53c4dbd1fbe4a2eb4aab6565030f10da5c6,0x2d8d1f8e6d26418,0x35aea6a1ce6ba7874db3e46ddc0bc0678b27a6d0fc24191db9aa43337a30fee2,2,97803750,0.20514465,1748303437511374,Balanced Dollar,0.0563762625,bnUSD,0,1,2025-05-26
cx4297f4b63262507623b6ad575d0d8dd2db980e4e,cxa0af3165c08318e988cb30993b3048335b94af6c,hxd75467e3e4ce64e3424c747dfb71503017440433,0x8b2187e03a6968ec,0x35aea6a1ce6ba7874db3e46ddc0bc0678b27a6d0fc24191db9aa43337a30fee2,1,97803750,10.025443642625845,1748303437511374,Injective,0.0563762625,INJ,0,1,2025-05-26
cx88fd7df7ddff82f7cc735c871dc519838cb235bb,hxd75467e3e4ce64e3424c747dfb71503017440433,cxa0af3165c08318e988cb30993b3048335b94af6c,0x769f822d9193a0000,0x35aea6a1ce6ba7874db3e46ddc0bc0678b27a6d0fc24191db9aa43337a30fee2,0,97803750,136.7631,1748303437511374,Balanced Dollar,0.0563762625,bnUSD,0,1,2025-05-26
cx88fd7df7ddff82f7cc735c871dc519838cb235bb,cxa0af3165c08318e988cb30993b3048335b94af6c,cx5faae53c4dbd1fbe4a2eb4aab6565030f10da5c6,0x2d7c1658ec85c00,0x87919f29f61163780c3916c1c5eaca90863544abcd9f86e9595c7ecf6040d1e6,2,97803740,0.20484495,1748303417300622,Balanced Dollar,0.0563762625,bnUSD,0,1,2025-05-26
cx4297f4b63262507623b6ad575d0d8dd2db980e4e,cxa0af3165c08318e988cb30993b3048335b94af6c,hxd75467e3e4ce64e3424c747dfb71503017440433,0x8b1aba3c5f759bf0,0x87919f29f61163780c3916c1c5eaca90863544abcd9f86e9595c7ecf6040d1e6,1,97803740,10.023528689128808,1748303417300622,Injective,0.0563762625,INJ,0,1,2025-05-26
cx88fd7df7ddff82f7cc735c871dc519838cb235bb,hxd75467e3e4ce64e3424c747dfb71503017440433,cxa0af3165c08318e988cb30993b3048335b94af6c,0x767324dce7f1a4000,0x87919f29f61163780c3916c1c5eaca90863544abcd9f86e9595c7ecf6040d1e6,0,97803740,136.5633,1748303417300622,Balanced Dollar,0.0563762625,bnUSD,0,1,2025-05-26
cx4297f4b63262507623b6ad575d0d8dd2db980e4e,cx21e94c08c03daee80c25d8ee3ea22a20786ec231,hx2debd9ec927cca1639da8d3518dd9dbf1cdfb357,0x1a05473f480ea0d92,0xa20b2e1eed260a321ff6912242bfec3b220fb6f8e9aea1734a1233f35f5aeec3,5,97803722,29.999730511793754,1748303381388481,Injective,0.088385925,INJ,0,1,2025-05-26
cx88fd7df7ddff82f7cc735c871dc519838cb235bb,cxa0af3165c08318e988cb30993b3048335b94af6c,cx5faae53c4dbd1fbe4a2eb4aab6565030f10da5c6,0x87c9b879601ca50,0xa20b2e1eed260a321ff6912242bfec3b220fb6f8e9aea1734a1233f35f5aeec3,3,97803722,0.6115346560551348,1748303381388481,Balanced Dollar,0.088385925,bnUSD,0,1,2025-05-26
cx4297f4b63262507623b6ad575d0d8dd2db980e4e,cxa0af3165c08318e988cb30993b3048335b94af6c,cx21e94c08c03daee80c25d8ee3ea22a20786ec231,0x1a05473f480ea0d92,0xa20b2e1eed260a321ff6912242bfec3b220fb6f8e9aea1734a1233f35f5aeec3,2,97803722,29.999730511793754,1748303381388481,Injective,0.088385925,INJ,0,1,2025-05-26
cx88fd7df7ddff82f7cc735c871dc519838cb235bb,cx21e94c08c03daee80c25d8ee3ea22a20786ec231,cxa0af3165c08318e988cb30993b3048335b94af6c,0x1619d5066bf9fedb00,0xa20b2e1eed260a321ff6912242bfec3b220fb6f8e9aea1734a1233f35f5aeec3,1,97803722,407.6897707034232,1748303381388481,Balanced Dollar,0.088385925,bnUSD,0,1,2025-05-26
cx88fd7df7ddff82f7cc735c871dc519838cb235bb,hx2debd9ec927cca1639da8d3518dd9dbf1cdfb357,cx21e94c08c03daee80c25d8ee3ea22a20786ec231,0x1619d5066bf9fedb00,0xa20b2e1eed260a321ff6912242bfec3b220fb6f8e9aea1734a1233f35f5aeec3,0,97803722,407.6897707034232,1748303381388481,Balanced Dollar,0.088385925,bnUSD,0,1,2025-05-26
cx88fd7df7ddff82f7cc735c871dc519838cb235bb,cxa0af3165c08318e988cb30993b3048335b94af6c,cx5faae53c4dbd1fbe4a2eb4aab6565030f10da5c6,0x2d48fab86aa4400,0xa96df5db8c63ec2329ec2e86a0bbd0582458c3d14d444f4a5fcdcb949cda1227,2,97803674,0.20394585,1748303285244000,Balanced Dollar,0.0563762625,bnUSD,0,1,2025-05-26
cx4297f4b63262507623b6ad575d0d8dd2db980e4e,cxa0af3165c08318e988cb30993b3048335b94af6c,hxd75467e3e4ce64e3424c747dfb71503017440433,0x8b32856405c54162,0xa96df5db8c63ec2329ec2e86a0bbd0582458c3d14d444f4a5fcdcb949cda1227,1,97803674,10.030225984747553,1748303285244000,Injective,0.0563762625,INJ,0,1,2025-05-26
cx88fd7df7ddff82f7cc735c871dc519838cb235bb,hxd75467e3e4ce64e3424c747dfb71503017440433,cxa0af3165c08318e988cb30993b3048335b94af6c,0x75ee0ceaeb0bbc000,0xa96df5db8c63ec2329ec2e86a0bbd0582458c3d14d444f4a5fcdcb949cda1227,0,97803674,135.9639,1748303285244000,Balanced Dollar,0.0563762625,bnUSD,0,1,2025-05-26
cx88fd7df7ddff82f7cc735c871dc519838cb235bb,cxa0af3165c08318e988cb30993b3048335b94af6c,cx5faae53c4dbd1fbe4a2eb4aab6565030f10da5c6,0x2d2f6ce829b3818,0x82cecf2e09b12ed944aa67cd92831ce2586258bbca2baef001297ca175ca62ef,2,97803618,0.20349630000000002,1748303173250746,Balanced Dollar,0.056373575,bnUSD,0,1,2025-05-26
cx4297f4b63262507623b6ad575d0d8dd2db980e4e,cxa0af3165c08318e988cb30993b3048335b94af6c,hxd75467e3e4ce64e3424c747dfb71503017440433,0x8b110dc98641c3ab,0x82cecf2e09b12ed944aa67cd92831ce2586258bbca2baef001297ca175ca62ef,1,97803618,10.02080580506811,1748303173250746,Injective,0.056373575,INJ,0,1,2025-05-26
cx88fd7df7ddff82f7cc735c871dc519838cb235bb,hxd75467e3e4ce64e3424c747dfb71503017440433,cxa0af3165c08318e988cb30993b3048335b94af6c,0x75ab80f1ec98cc000,0x82cecf2e09b12ed944aa67cd92831ce2586258bbca2baef001297ca175ca62ef,0,97803618,135.66420000000002,1748303173250746,Balanced Dollar,0.056373575,bnUSD,0,1,2025-05-26
cx88fd7df7ddff82f7cc735c871dc519838cb235bb,cxa0af3165c08318e988cb30993b3048335b94af6c,cx5faae53c4dbd1fbe4a2eb4aab6565030f10da5c6,0x2d2f6ce829b3818,0x4370fa05539fe7ce4c675e125e7ac68f56c5e15b56ca1eb45eddf9ea446f714a,2,97803599,0.20349630000000002,1748303135198225,Balanced Dollar,0.056377575,bnUSD,0,1,2025-05-26
cx4297f4b63262507623b6ad575d0d8dd2db980e4e,cxa0af3165c08318e988cb30993b3048335b94af6c,hxd75467e3e4ce64e3424c747dfb71503017440433,0x8b3e2ba2276b90b4,0x4370fa05539fe7ce4c675e125e7ac68f56c5e15b56ca1eb45eddf9ea446f714a,1,97803599,10.0335049952741,1748303135198225,Injective,0.056377575,INJ,0,1,2025-05-26
cx88fd7df7ddff82f7cc735c871dc519838cb235bb,hxd75467e3e4ce64e3424c747dfb71503017440433,cxa0af3165c08318e988cb30993b3048335b94af6c,0x75ab80f1ec98cc000,0x4370fa05539fe7ce4c675e125e7ac68f56c5e15b56ca1eb45eddf9ea446f714a,0,97803599,135.66420000000002,1748303135198225,Balanced Dollar,0.056377575,bnUSD,0,1,2025-05-26
cx88fd7df7ddff82f7cc735c871dc519838cb235bb,cxa0af3165c08318e988cb30993b3048335b94af6c,hx4dc7903504bb800a462378348a42f53742759e0b,0x44e08877d2db0fc,0x9992a8226ec7952d86926ae7e21e6ade682a534d8db2a03d8ad16bdc5b91dce6,3,97803265,0.3101948023488965,1748302465783521,Balanced Dollar,0.0347552125,bnUSD,0,3,2025-05-26
cx07b184a37f03c6ab681fcbd0b45aec6dc3eafbeb,hx4dc7903504bb800a462378348a42f53742759e0b,cxa0af3165c08318e988cb30993b3048335b94af6c,0x3426c218b135d,0xe58c1ef53195bea0f4471b63b7c9caa702adef438ce3d195c86a53dfa9dcce90,0,97803265,0.000917457116795741,1748302465783521,Bitcoin,0.0215962625,BTC,0,2,2025-05-26
cx88fd7df7ddff82f7cc735c871dc519838cb235bb,hx4dc7903504bb800a462378348a42f53742759e0b,cxa0af3165c08318e988cb30993b3048335b94af6c,0x57330c67b613ec000,0x02a7fd9b25ccbb5e1c50d3bb86928bbef4cfcc298385b5d5fb03a3ef33c2a76d,0,97803265,100.53407271500636,1748302465783521,Balanced Dollar,0.02221895,bnUSD,0,1,2025-05-26
cx07b184a37f03c6ab681fcbd0b45aec6dc3eafbeb,cx21e94c08c03daee80c25d8ee3ea22a20786ec231,hx4dc7903504bb800a462378348a42f53742759e0b,0x342d6eb773ebf,0xe216f1c7b38dac57c49a5c42faff2b5882c7d995feafd25b189bbacdf54680f0,13,97803263,0.000917915771027135,1748302461745005,Bitcoin,0.2597316,BTC,0,2,2025-05-26
cx88fd7df7ddff82f7cc735c871dc519838cb235bb,cxa0af3165c08318e988cb30993b3048335b94af6c,cx5faae53c4dbd1fbe4a2eb4aab6565030f10da5c6,0x217e729b9cbadcb,0xe216f1c7b38dac57c49a5c42faff2b5882c7d995feafd25b189bbacdf54680f0,11,97803263,0.1508432789370096,1748302461745005,Balanced Dollar,0.2597316,bnUSD,0,2,2025-05-26
cx07b184a37f03c6ab681fcbd0b45aec6dc3eafbeb,cxa0af3165c08318e988cb30993b3048335b94af6c,cx21e94c08c03daee80c25d8ee3ea22a20786ec231,0x342d6eb773ebf,0xe216f1c7b38dac57c49a5c42faff2b5882c7d995feafd25b189bbacdf54680f0,10,97803263,0.000917915771027135,1748302461745005,Bitcoin,0.2597316,BTC,0,2,2025-05-26
cx88fd7df7ddff82f7cc735c871dc519838cb235bb,cx21e94c08c03daee80c25d8ee3ea22a20786ec231,cxa0af3165c08318e988cb30993b3048335b94af6c,0x57394a753d7bf40e8,0xe216f1c7b38dac57c49a5c42faff2b5882c7d995feafd25b189bbacdf54680f0,9,97803263,100.56218595800641,1748302461745005,Balanced Dollar,0.2597316,bnUSD,0,2,2025-05-26
cx88fd7df7ddff82f7cc735c871dc519838cb235bb,cxa0af3165c08318e988cb30993b3048335b94af6c,cx5faae53c4dbd1fbe4a2eb4aab6565030f10da5c6,0x21974caea25584e,0xe216f1c7b38dac57c49a5c42faff2b5882c7d995feafd25b189bbacdf54680f0,7,97803263,0.15128047735415406,1748302461745005,Balanced Dollar,0.2597316,bnUSD,0,2,2025-05-26
cx88fd7df7ddff82f7cc735c871dc519838cb235bb,cxa0af3165c08318e988cb30993b3048335b94af6c,cx21e94c08c03daee80c25d8ee3ea22a20786ec231,0x57394a753d7bf40e8,0xe216f1c7b38dac57c49a5c42faff2b5882c7d995feafd25b189bbacdf54680f0,6,97803263,100.56218595800641,1748302461745005,Balanced Dollar,0.2597316,bnUSD,0,2,2025-05-26
cx2609b924e33ef00b648a409245c7ea394c467824,cx21e94c08c03daee80c25d8ee3ea22a20786ec231,cxa0af3165c08318e988cb30993b3048335b94af6c,0x23eb6f4109de6b556e,0xe216f1c7b38dac57c49a5c42faff2b5882c7d995feafd25b189bbacdf54680f0,5,97803263,662.6008924118044,1748302461745005,Staked ICX,0.2597316,sICX,0,2,2025-05-26
cx2609b924e33ef00b648a409245c7ea394c467824,hx0000000000000000000000000000000000000000,cx21e94c08c03daee80c25d8ee3ea22a20786ec231,0x23eb6f4109de6b556e,0xe216f1c7b38dac57c49a5c42faff2b5882c7d995feafd25b189bbacdf54680f0,3,97803263,662.6008924118044,1748302461745005,Staked ICX,0.2597316,sICX,0,2,2025-05-26
cx88fd7df7ddff82f7cc735c871dc519838cb235bb,cx21e94c08c03daee80c25d8ee3ea22a20786ec231,hx4dc7903504bb800a462378348a42f53742759e0b,0x573e372f49b62c9bd,0x1a4b8245ebaff7053efdeb27c03b796dde67af20cccd9226434016cee6aafe10,9,97803263,100.58436489752732,1748302461745005,Balanced Dollar,0.2021963625,bnUSD,0,1,2025-05-26
cx88fd7df7ddff82f7cc735c871dc519838cb235bb,cxa0af3165c08318e988cb30993b3048335b94af6c,cx5faae53c4dbd1fbe4a2eb4aab6565030f10da5c6,0x2199322d75bdcc1,0x1a4b8245ebaff7053efdeb27c03b796dde67af20cccd9226434016cee6aafe10,7,97803263,0.15131384034491513,1748302461745005,Balanced Dollar,0.2021963625,bnUSD,0,1,2025-05-26
cx88fd7df7ddff82f7cc735c871dc519838cb235bb,cxa0af3165c08318e988cb30993b3048335b94af6c,cx21e94c08c03daee80c25d8ee3ea22a20786ec231,0x573e372f49b62c9bd,0x1a4b8245ebaff7053efdeb27c03b796dde67af20cccd9226434016cee6aafe10,6,97803263,100.58436489752732,1748302461745005,Balanced Dollar,0.2021963625,bnUSD,0,1,2025-05-26
cx2609b924e33ef00b648a409245c7ea394c467824,cx21e94c08c03daee80c25d8ee3ea22a20786ec231,cxa0af3165c08318e988cb30993b3048335b94af6c,0x23eb6f4109de6b556e,0x1a4b8245ebaff7053efdeb27c03b796dde67af20cccd9226434016cee6aafe10,5,97803263,662.6008924118044,1748302461745005,Staked ICX,0.2021963625,sICX,0,1,2025-05-26
cx2609b924e33ef00b648a409245c7ea394c467824,hx0000000000000000000000000000000000000000,cx21e94c08c03daee80c25d8ee3ea22a20786ec231,0x23eb6f4109de6b556e,0x1a4b8245ebaff7053efdeb27c03b796dde67af20cccd9226434016cee6aafe10,3,97803263,662.6008924118044,1748302461745005,Staked ICX,0.2021963625,sICX,0,1,2025-05-26
cx88fd7df7ddff82f7cc735c871dc519838cb235bb,cxa0af3165c08318e988cb30993b3048335b94af6c,cx5faae53c4dbd1fbe4a2eb4aab6565030f10da5c6,0x2cdef3146e6770a,0x266593c87604e9b25529390f766fdca5de733a36f903516a112030cc09ffd6db,2,97803057,0.2020805532234852,1748302048373953,Balanced Dollar,0.0569780125,bnUSD,0,1,2025-05-26
cx88fd7df7ddff82f7cc735c871dc519838cb235bb,cxa0af3165c08318e988cb30993b3048335b94af6c,hxd75467e3e4ce64e3424c747dfb71503017440433,0x74930282ae41f7180,0x266593c87604e9b25529390f766fdca5de733a36f903516a112030cc09ffd6db,1,97803057,134.40096784429872,1748302048373953,Balanced Dollar,0.0569780125,bnUSD,0,1,2025-05-26
cx4297f4b63262507623b6ad575d0d8dd2db980e4e,hxd75467e3e4ce64e3424c747dfb71503017440433,cxa0af3165c08318e988cb30993b3048335b94af6c,0x8ac7230489e80000,0x266593c87604e9b25529390f766fdca5de733a36f903516a112030cc09ffd6db,0,97803057,10.0,1748302048373953,Injective,0.0569780125,INJ,0,1,2025-05-26
cx88fd7df7ddff82f7cc735c871dc519838cb235bb,cx203d9cd2a669be67177e997b8948ce2c35caffae,cx835b300dcfe01f0bdb794e134a0c5628384f4367,0x9cd19f78a3b8a18,0x41f6690a38b306fae4a3aefe07177b68f9a453f0870d0ab3f4dcb32955829290,6,97802860,0.7062492675338102,1748301651732776,Balanced Dollar,0.09908135,bnUSD,0,1,2025-05-26
cx88fd7df7ddff82f7cc735c871dc519838cb235bb,cx5faae53c4dbd1fbe4a2eb4aab6565030f10da5c6,cx203d9cd2a669be67177e997b8948ce2c35caffae,0xe006e3d0e9e32ff,0x41f6690a38b306fae4a3aefe07177b68f9a453f0870d0ab3f4dcb32955829290,4,97802860,1.0089275250483003,1748301651732776,Balanced Dollar,0.09908135,bnUSD,0,1,2025-05-26
cx88fd7df7ddff82f7cc735c871dc519838cb235bb,cx5faae53c4dbd1fbe4a2eb4aab6565030f10da5c6,cxdc30a0d3a1f131565c071272a20bc0b06fd4c17b,0xe006e3d0e9e32fe,0x41f6690a38b306fae4a3aefe07177b68f9a453f0870d0ab3f4dcb32955829290,3,97802860,1.0089275250483003,1748301651732776,Balanced Dollar,0.09908135,bnUSD,0,1,2025-05-26
cx88fd7df7ddff82f7cc735c871dc519838cb235bb,cxa0af3165c08318e988cb30993b3048335b94af6c,cx5faae53c4dbd1fbe4a2eb4aab6565030f10da5c6,0x2ced70de4f80a47,0x41f6690a38b306fae4a3aefe07177b68f9a453f0870d0ab3f4dcb32955829290,2,97802860,0.2023354879542585,1748301651732776,Balanced Dollar,0.09908135,bnUSD,0,1,2025-05-26
cx88fd7df7ddff82f7cc735c871dc519838cb235bb,cxa0af3165c08318e988cb30993b3048335b94af6c,hxd75467e3e4ce64e3424c747dfb71503017440433,0x74b8ab8f587c1f537,0x41f6690a38b306fae4a3aefe07177b68f9a453f0870d0ab3f4dcb32955829290,1,97802860,134.57057498028166,1748301651732776,Balanced Dollar,0.09908135,bnUSD,0,1,2025-05-26
cx4297f4b63262507623b6ad575d0d8dd2db980e4e,hxd75467e3e4ce64e3424c747dfb71503017440433,cxa0af3165c08318e988cb30993b3048335b94af6c,0x8ac7230489e80000,0x41f6690a38b306fae4a3aefe07177b68f9a453f0870d0ab3f4dcb32955829290,0,97802860,10.0,1748301651732776,Injective,0.09908135,INJ,0,1,2025-05-26
cx88fd7df7ddff82f7cc735c871dc519838cb235bb,cxa0af3165c08318e988cb30993b3048335b94af6c,cx5faae53c4dbd1fbe4a2eb4aab6565030f10da5c6,0x2cfbf5aeed56a9d,0x5968cf21db7272b5dd974d0a35ce598386d60e0b09486a1160db89499f12b1c4,2,97802316,0.2025909055298874,1748300559499821,Balanced Dollar,0.0569578875,bnUSD,0,1,2025-05-26
cx88fd7df7ddff82f7cc735c871dc519838cb235bb,cxa0af3165c08318e988cb30993b3048335b94af6c,hxd75467e3e4ce64e3424c747dfb71503017440433,0x74de66e0127a9eb0f,0x5968cf21db7272b5dd974d0a35ce598386d60e0b09486a1160db89499f12b1c4,1,97802316,134.74050345277024,1748300559499821,Balanced Dollar,0.0569578875,bnUSD,0,1,2025-05-26
cx4297f4b63262507623b6ad575d0d8dd2db980e4e,hxd75467e3e4ce64e3424c747dfb71503017440433,cxa0af3165c08318e988cb30993b3048335b94af6c,0x8ac7230489e80000,0x5968cf21db7272b5dd974d0a35ce598386d60e0b09486a1160db89499f12b1c4,0,97802316,10.0,1748300559499821,Injective,0.0569578875,INJ,0,1,2025-05-26
cx88fd7df7ddff82f7cc735c871dc519838cb235bb,cxa0af3165c08318e988cb30993b3048335b94af6c,cx5faae53c4dbd1fbe4a2eb4aab6565030f10da5c6,0x2e14ca286d76a5f,0xacab698a1fd4103683ebf7c6ee0c6c211d622e372cf43bb29bfcf7ae273717d9,2,97802312,0.20753131876643083,1748300551496429,Balanced Dollar,0.056922325,bnUSD,0,1,2025-05-26
cx88fd7df7ddff82f7cc735c871dc519838cb235bb,cxa0af3165c08318e988cb30993b3048335b94af6c,hxd75467e3e4ce64e3424c747dfb71503017440433,0x77b43812696a51628,0xacab698a1fd4103683ebf7c6ee0c6c211d622e372cf43bb29bfcf7ae273717d9,1,97802312,138.00929340880776,1748300551496429,Balanced Dollar,0.056922325,bnUSD,0,1,2025-05-26
cx66a031cc3bd305c76371fb586e93801b948254f0,hxd75467e3e4ce64e3424c747dfb71503017440433,cxa0af3165c08318e988cb30993b3048335b94af6c,0x53444835ec580000,0xacab698a1fd4103683ebf7c6ee0c6c211d622e372cf43bb29bfcf7ae273717d9,0,97802312,6.0,1748300551496429,Avalanche,0.056922325,AVAX,0,1,2025-05-26
cx88fd7df7ddff82f7cc735c871dc519838cb235bb,cxa0af3165c08318e988cb30993b3048335b94af6c,cx5faae53c4dbd1fbe4a2eb4aab6565030f10da5c6,0x2d0a818ad3a56ae,0x285a10c35a08ca7943ab15a566088403e21ea98d4a0a785d88fe155b21135b58,2,97802266,0.20284680717063544,1748300459478278,Balanced Dollar,0.0569578875,bnUSD,0,1,2025-05-26
cx88fd7df7ddff82f7cc735c871dc519838cb235bb,cxa0af3165c08318e988cb30993b3048335b94af6c,hxd75467e3e4ce64e3424c747dfb71503017440433,0x75043480ae7b72936,0x285a10c35a08ca7943ab15a566088403e21ea98d4a0a785d88fe155b21135b58,1,97802266,134.91075407411512,1748300459478278,Balanced Dollar,0.0569578875,bnUSD,0,1,2025-05-26
cx4297f4b63262507623b6ad575d0d8dd2db980e4e,hxd75467e3e4ce64e3424c747dfb71503017440433,cxa0af3165c08318e988cb30993b3048335b94af6c,0x8ac7230489e80000,0x285a10c35a08ca7943ab15a566088403e21ea98d4a0a785d88fe155b21135b58,0,97802266,10.0,1748300459478278,Injective,0.0569578875,INJ,0,1,2025-05-26
cx88fd7df7ddff82f7cc735c871dc519838cb235bb,cxa0af3165c08318e988cb30993b3048335b94af6c,cx5faae53c4dbd1fbe4a2eb4aab6565030f10da5c6,0x2e20c8048db82d2,0x2af27218b669e35927dc2763dbcd971b4efdd8434d1e61736534eebc6428cab3,2,97802253,0.20774227793015676,1748300433493096,Balanced Dollar,0.056922325,bnUSD,0,1,2025-05-26
cx88fd7df7ddff82f7cc735c871dc519838cb235bb,cxa0af3165c08318e988cb30993b3048335b94af6c,hxd75467e3e4ce64e3424c747dfb71503017440433,0x77d360995c0d2a1f5,0x2af27218b669e35927dc2763dbcd971b4efdd8434d1e61736534eebc6428cab3,1,97802253,138.14961795824004,1748300433493096,Balanced Dollar,0.056922325,bnUSD,0,1,2025-05-26
cx66a031cc3bd305c76371fb586e93801b948254f0,hxd75467e3e4ce64e3424c747dfb71503017440433,cxa0af3165c08318e988cb30993b3048335b94af6c,0x53444835ec580000,0x2af27218b669e35927dc2763dbcd971b4efdd8434d1e61736534eebc6428cab3,0,97802253,6.0,1748300433493096,Avalanche,0.056922325,AVAX,0,1,2025-05-26
cx88fd7df7ddff82f7cc735c871dc519838cb235bb,cx21e94c08c03daee80c25d8ee3ea22a20786ec231,hxd75467e3e4ce64e3424c747dfb71503017440433,0x634d5164132cb18c3,0x51d897d1b20b29691eb2436e0ecb503148f0fe08f61d94be0847e17acfe1a6ea,9,97802015,114.4874379715498,1748299956046289,Balanced Dollar,0.16999565,bnUSD,0,1,2025-05-26
cx88fd7df7ddff82f7cc735c871dc519838cb235bb,cxa0af3165c08318e988cb30993b3048335b94af6c,cx5faae53c4dbd1fbe4a2eb4aab6565030f10da5c6,0x263dee12ba2f1c8,0x51d897d1b20b29691eb2436e0ecb503148f0fe08f61d94be0847e17acfe1a6ea,7,97802015,0.1722262694513177,1748299956046289,Balanced Dollar,0.16999565,bnUSD,0,1,2025-05-26
cx88fd7df7ddff82f7cc735c871dc519838cb235bb,cxa0af3165c08318e988cb30993b3048335b94af6c,cx21e94c08c03daee80c25d8ee3ea22a20786ec231,0x634d5164132cb18c3,0x51d897d1b20b29691eb2436e0ecb503148f0fe08f61d94be0847e17acfe1a6ea,6,97802015,114.4874379715498,1748299956046289,Balanced Dollar,0.16999565,bnUSD,0,1,2025-05-26
cx2609b924e33ef00b648a409245c7ea394c467824,cx21e94c08c03daee80c25d8ee3ea22a20786ec231,cxa0af3165c08318e988cb30993b3048335b94af6c,0x28dffccc73e6e8a3e7,0x51d897d1b20b29691eb2436e0ecb503148f0fe08f61d94be0847e17acfe1a6ea,5,97802015,754.0097629111384,1748299956046289,Staked ICX,0.16999565,sICX,0,1,2025-05-26
cx2609b924e33ef00b648a409245c7ea394c467824,cxa0af3165c08318e988cb30993b3048335b94af6c,cx5faae53c4dbd1fbe4a2eb4aab6565030f10da5c6,0xfb913acd14e232d,0x51d897d1b20b29691eb2436e0ecb503148f0fe08f61d94be0847e17acfe1a6ea,3,97802015,1.132958414227252,1748299956046289,Staked ICX,0.16999565,sICX,0,1,2025-05-26
cx2609b924e33ef00b648a409245c7ea394c467824,cxa0af3165c08318e988cb30993b3048335b94af6c,cx21e94c08c03daee80c25d8ee3ea22a20786ec231,0x28dffccc73e6e8a3e7,0x51d897d1b20b29691eb2436e0ecb503148f0fe08f61d94be0847e17acfe1a6ea,2,97802015,754.0097629111384,1748299956046289,Staked ICX,0.16999565,sICX,0,1,2025-05-26
cx518f64edcd35db9044a2de63fdc10abfd5f7d611,cx21e94c08c03daee80c25d8ee3ea22a20786ec231,cxa0af3165c08318e988cb30993b3048335b94af6c,0xee6b2800,0x51d897d1b20b29691eb2436e0ecb503148f0fe08f61d94be0847e17acfe1a6ea,1,97802015,400.0,1748299956046289,Stellar,0.16999565,XLM,0,1,2025-05-26
cx518f64edcd35db9044a2de63fdc10abfd5f7d611,hxd75467e3e4ce64e3424c747dfb71503017440433,cx21e94c08c03daee80c25d8ee3ea22a20786ec231,0xee6b2800,0x51d897d1b20b29691eb2436e0ecb503148f0fe08f61d94be0847e17acfe1a6ea,0,97802015,400.0,1748299956046289,Stellar,0.16999565,XLM,0,1,2025-05-26
cx518f64edcd35db9044a2de63fdc10abfd5f7d611,hx0000000000000000000000000000000000000000,hxd75467e3e4ce64e3424c747dfb71503017440433,0x6fc09ab64,0xe9ffead67d2eb94c250502644abf690de5d24c56c8e6d74648a29e370345d424,1,97801999,2999.8295908,1748299924061828,Stellar,0.023078,XLM,0,1,2025-05-26
cx88fd7df7ddff82f7cc735c871dc519838cb235bb,cxa0af3165c08318e988cb30993b3048335b94af6c,cx5faae53c4dbd1fbe4a2eb4aab6565030f10da5c6,0x2d19147691d69dc,0x2f3b8b3c4ba9f73281bf49892d08590a57a9eb16d28e123b48048c09e0210efa,2,97801965,0.20310319410062383,1748299856023740,Balanced Dollar,0.0569578875,bnUSD,0,1,2025-05-26
cx88fd7df7ddff82f7cc735c871dc519838cb235bb,cxa0af3165c08318e988cb30993b3048335b94af6c,hxd75467e3e4ce64e3424c747dfb71503017440433,0x752a147d084e790a1,0x2f3b8b3c4ba9f73281bf49892d08590a57a9eb16d28e123b48048c09e0210efa,1,97801965,135.0813276592359,1748299856023740,Balanced Dollar,0.0569578875,bnUSD,0,1,2025-05-26
cx4297f4b63262507623b6ad575d0d8dd2db980e4e,hxd75467e3e4ce64e3424c747dfb71503017440433,cxa0af3165c08318e988cb30993b3048335b94af6c,0x8ac7230489e80000,0x2f3b8b3c4ba9f73281bf49892d08590a57a9eb16d28e123b48048c09e0210efa,0,97801965,10.0,1748299856023740,Injective,0.0569578875,INJ,0,1,2025-05-26
cx88fd7df7ddff82f7cc735c871dc519838cb235bb,cxa0af3165c08318e988cb30993b3048335b94af6c,cx5faae53c4dbd1fbe4a2eb4aab6565030f10da5c6,0x2e2cca8fe2f0102,0xa85ca574b3899bcaa2ba575e1a154e5b0a069b9a794f28c8b01a7a1b342087bf,2,97801948,0.20795355900352946,1748299822159475,Balanced Dollar,0.056922325,bnUSD,0,1,2025-05-26
cx88fd7df7ddff82f7cc735c871dc519838cb235bb,cxa0af3165c08318e988cb30993b3048335b94af6c,hxd75467e3e4ce64e3424c747dfb71503017440433,0x77f2954d0b297c8b9,0xa85ca574b3899bcaa2ba575e1a154e5b0a069b9a794f28c8b01a7a1b342087bf,1,97801948,138.29015668815507,1748299822159475,Balanced Dollar,0.056922325,bnUSD,0,1,2025-05-26
cx66a031cc3bd305c76371fb586e93801b948254f0,hxd75467e3e4ce64e3424c747dfb71503017440433,cxa0af3165c08318e988cb30993b3048335b94af6c,0x53444835ec580000,0xa85ca574b3899bcaa2ba575e1a154e5b0a069b9a794f28c8b01a7a1b342087bf,0,97801948,6.0,1748299822159475,Avalanche,0.056922325,AVAX,0,1,2025-05-26
cx88fd7df7ddff82f7cc735c871dc519838cb235bb,cxa0af3165c08318e988cb30993b3048335b94af6c,cx5faae53c4dbd1fbe4a2eb4aab6565030f10da5c6,0x2d27ae76bb05578,0x0c6dfe012d8e140197ce53ed989a1015b44c5a72e2cf2a8b14948c360b044785,2,97801943,0.203360067547846,1748299812147853,Balanced Dollar,0.0569578875,bnUSD,0,1,2025-05-26
cx88fd7df7ddff82f7cc735c871dc519838cb235bb,cxa0af3165c08318e988cb30993b3048335b94af6c,hxd75467e3e4ce64e3424c747dfb71503017440433,0x755006e1055ebe61f,0x0c6dfe012d8e140197ce53ed989a1015b44c5a72e2cf2a8b14948c360b044785,1,97801943,135.2522250256308,1748299812147853,Balanced Dollar,0.0569578875,bnUSD,0,1,2025-05-26
cx4297f4b63262507623b6ad575d0d8dd2db980e4e,hxd75467e3e4ce64e3424c747dfb71503017440433,cxa0af3165c08318e988cb30993b3048335b94af6c,0x8ac7230489e80000,0x0c6dfe012d8e140197ce53ed989a1015b44c5a72e2cf2a8b14948c360b044785,0,97801943,10.0,1748299812147853,Injective,0.0569578875,INJ,0,1,2025-05-26
cxf61cd5a45dc9f91c15aa65831a30a90d59a09619,hxe76a8703a40e86a119a1e1e5a392afa628d94923,cxe0252e6c1fe4040412811d83d13979e335287e45,0x14542ba12a337c0000,0xf7bca7358aef09c21f5d994413b581927d2efeeda61459b650b9b61d4eb38981,0,97801942,375.0,1748299810156050,Balance Token,0.076927,BALN,0,1,2025-05-26
cxf61cd5a45dc9f91c15aa65831a30a90d59a09619,cx21e94c08c03daee80c25d8ee3ea22a20786ec231,hxe76a8703a40e86a119a1e1e5a392afa628d94923,0x14172e98849d7d532c,0xbca19f8a3f1e00ad20757278cf2319cef1d49d98b7f3e37b0ff86e7f0d5f5775,6,97801930,370.6053216813374,1748299786013745,Balance Token,0.1670605625,BALN,0,1,2025-05-26
cx2609b924e33ef00b648a409245c7ea394c467824,cxa0af3165c08318e988cb30993b3048335b94af6c,cx5faae53c4dbd1fbe4a2eb4aab6565030f10da5c6,0x38e679564af0aa5,0xbca19f8a3f1e00ad20757278cf2319cef1d49d98b7f3e37b0ff86e7f0d5f5775,4,97801930,0.2562561201436781,1748299786013745,Staked ICX,0.1670605625,sICX,0,1,2025-05-26
cxf61cd5a45dc9f91c15aa65831a30a90d59a09619,cxa0af3165c08318e988cb30993b3048335b94af6c,cx21e94c08c03daee80c25d8ee3ea22a20786ec231,0x14172e98849d7d532c,0xbca19f8a3f1e00ad20757278cf2319cef1d49d98b7f3e37b0ff86e7f0d5f5775,3,97801930,370.6053216813374,1748299786013745,Balance Token,0.1670605625,BALN,0,1,2025-05-26
cx2609b924e33ef00b648a409245c7ea394c467824,cx21e94c08c03daee80c25d8ee3ea22a20786ec231,cxa0af3165c08318e988cb30993b3048335b94af6c,0x942d86a60dd2bba22,0xbca19f8a3f1e00ad20757278cf2319cef1d49d98b7f3e37b0ff86e7f0d5f5775,2,97801930,170.83741342911875,1748299786013745,Staked ICX,0.1670605625,sICX,0,1,2025-05-26
cx2609b924e33ef00b648a409245c7ea394c467824,hxe76a8703a40e86a119a1e1e5a392afa628d94923,cx21e94c08c03daee80c25d8ee3ea22a20786ec231,0x942d86a60dd2bba22,0xbca19f8a3f1e00ad20757278cf2319cef1d49d98b7f3e37b0ff86e7f0d5f5775,1,97801930,170.83741342911875,1748299786013745,Staked ICX,0.1670605625,sICX,0,1,2025-05-26
cx88fd7df7ddff82f7cc735c871dc519838cb235bb,cxa0af3165c08318e988cb30993b3048335b94af6c,cx5faae53c4dbd1fbe4a2eb4aab6565030f10da5c6,0x2e38d1ccde1fb1c,0xfd6313ace09cfa9b2f03abd135cba7e4eee37bc29cb8f7c720b905a405e6e018,2,97801917,0.20816516264191465,1748299760132731,Balanced Dollar,0.0569411375,bnUSD,0,1,2025-05-26
cx88fd7df7ddff82f7cc735c871dc519838cb235bb,cxa0af3165c08318e988cb30993b3048335b94af6c,hxd75467e3e4ce64e3424c747dfb71503017440433,0x7811d633cf8c931fe,0xfd6313ace09cfa9b2f03abd135cba7e4eee37bc29cb8f7c720b905a405e6e018,1,97801917,138.4309100347073,1748299760132731,Balanced Dollar,0.0569411375,bnUSD,0,1,2025-05-26
cx66a031cc3bd305c76371fb586e93801b948254f0,hxd75467e3e4ce64e3424c747dfb71503017440433,cxa0af3165c08318e988cb30993b3048335b94af6c,0x53444835ec580000,0xfd6313ace09cfa9b2f03abd135cba7e4eee37bc29cb8f7c720b905a405e6e018,0,97801917,6.0,1748299760132731,Avalanche,0.0569411375,AVAX,0,1,2025-05-26
cxf61cd5a45dc9f91c15aa65831a30a90d59a09619,cx10d59e8103ab44635190bd4139dbfd682fa2d07e,hxe76a8703a40e86a119a1e1e5a392afa628d94923,0x40f64459b45e18a1,0xb5b43a45aabc2402dcaeadc3ac382bad684070e77b97c9c338010c0455f46365,4,97801916,4.681004014767053,1748299757942183,Balance Token,0.1340471875,BALN,0,1,2025-05-26
cx2609b924e33ef00b648a409245c7ea394c467824,cx10d59e8103ab44635190bd4139dbfd682fa2d07e,hxe76a8703a40e86a119a1e1e5a392afa628d94923,0x942d86a60dd2bba22,0xb5b43a45aabc2402dcaeadc3ac382bad684070e77b97c9c338010c0455f46365,2,97801916,170.83741342911875,1748299757942183,Staked ICX,0.1340471875,sICX,0,1,2025-05-26
cx88fd7df7ddff82f7cc735c871dc519838cb235bb,cx203d9cd2a669be67177e997b8948ce2c35caffae,cx835b300dcfe01f0bdb794e134a0c5628384f4367,0x1c8321398c992d8e,0x10070990ce2d9407238ffad861cfe1746d764a2f633ac18807cd7dbdb190e286,6,97801894,2.0545223860667794,1748299714180318,Balanced Dollar,0.0990441,bnUSD,0,1,2025-05-26
cx88fd7df7ddff82f7cc735c871dc519838cb235bb,cx5faae53c4dbd1fbe4a2eb4aab6565030f10da5c6,cx203d9cd2a669be67177e997b8948ce2c35caffae,0x28bb540911ff65a7,0x10070990ce2d9407238ffad861cfe1746d764a2f633ac18807cd7dbdb190e286,4,97801894,2.9350319800953995,1748299714180318,Balanced Dollar,0.0990441,bnUSD,0,1,2025-05-26
cx88fd7df7ddff82f7cc735c871dc519838cb235bb,cx5faae53c4dbd1fbe4a2eb4aab6565030f10da5c6,cxdc30a0d3a1f131565c071272a20bc0b06fd4c17b,0x28bb540911ff65a6,0x10070990ce2d9407238ffad861cfe1746d764a2f633ac18807cd7dbdb190e286,3,97801894,2.9350319800953995,1748299714180318,Balanced Dollar,0.0990441,bnUSD,0,1,2025-05-26
cx88fd7df7ddff82f7cc735c871dc519838cb235bb,cxa0af3165c08318e988cb30993b3048335b94af6c,cx5faae53c4dbd1fbe4a2eb4aab6565030f10da5c6,0x2e44ddbdf1dfdf6,0x10070990ce2d9407238ffad861cfe1746d764a2f633ac18807cd7dbdb190e286,2,97801894,0.20837708950234674,1748299714180318,Balanced Dollar,0.0990441,bnUSD,0,1,2025-05-26
cx88fd7df7ddff82f7cc735c871dc519838cb235bb,cxa0af3165c08318e988cb30993b3048335b94af6c,hxd75467e3e4ce64e3424c747dfb71503017440433,0x78312354062721a4c,0x10070990ce2d9407238ffad861cfe1746d764a2f633ac18807cd7dbdb190e286,1,97801894,138.57187843516203,1748299714180318,Balanced Dollar,0.0990441,bnUSD,0,1,2025-05-26
cx66a031cc3bd305c76371fb586e93801b948254f0,hxd75467e3e4ce64e3424c747dfb71503017440433,cxa0af3165c08318e988cb30993b3048335b94af6c,0x53444835ec580000,0x10070990ce2d9407238ffad861cfe1746d764a2f633ac18807cd7dbdb190e286,0,97801894,6.0,1748299714180318,Avalanche,0.0990441,AVAX,0,1,2025-05-26
cx88fd7df7ddff82f7cc735c871dc519838cb235bb,cx21e94c08c03daee80c25d8ee3ea22a20786ec231,hxd75467e3e4ce64e3424c747dfb71503017440433,0x6395416a21118c3f4,0x951a93b6f7c5151b36f545ad726f39e35ec6bb0ac9332dbee2f4665c3d79b063,9,97801459,114.81141608579024,1748298843725106,Balanced Dollar,0.1700144625,bnUSD,0,1,2025-05-26
cx88fd7df7ddff82f7cc735c871dc519838cb235bb,cxa0af3165c08318e988cb30993b3048335b94af6c,cx5faae53c4dbd1fbe4a2eb4aab6565030f10da5c6,0x2659a15c711a8ae,0x951a93b6f7c5151b36f545ad726f39e35ec6bb0ac9332dbee2f4665c3d79b063,7,97801459,0.17271357904844611,1748298843725106,Balanced Dollar,0.1700144625,bnUSD,0,1,2025-05-26
cx88fd7df7ddff82f7cc735c871dc519838cb235bb,cxa0af3165c08318e988cb30993b3048335b94af6c,cx21e94c08c03daee80c25d8ee3ea22a20786ec231,0x6395416a21118c3f4,0x951a93b6f7c5151b36f545ad726f39e35ec6bb0ac9332dbee2f4665c3d79b063,6,97801459,114.81141608579024,1748298843725106,Balanced Dollar,0.1700144625,bnUSD,0,1,2025-05-26
cx2609b924e33ef00b648a409245c7ea394c467824,cx21e94c08c03daee80c25d8ee3ea22a20786ec231,cxa0af3165c08318e988cb30993b3048335b94af6c,0x28faf62aea0af0ab6b,0x951a93b6f7c5151b36f545ad726f39e35ec6bb0ac9332dbee2f4665c3d79b063,5,97801459,755.9534514868292,1748298843725106,Staked ICX,0.1700144625,sICX,0,1,2025-05-26
cx2609b924e33ef00b648a409245c7ea394c467824,cxa0af3165c08318e988cb30993b3048335b94af6c,cx5faae53c4dbd1fbe4a2eb4aab6565030f10da5c6,0xfc3722df7cd550d,0x951a93b6f7c5151b36f545ad726f39e35ec6bb0ac9332dbee2f4665c3d79b063,3,97801459,1.1358770727840208,1748298843725106,Staked ICX,0.1700144625,sICX,0,1,2025-05-26
cx2609b924e33ef00b648a409245c7ea394c467824,cxa0af3165c08318e988cb30993b3048335b94af6c,cx21e94c08c03daee80c25d8ee3ea22a20786ec231,0x28faf62aea0af0ab6b,0x951a93b6f7c5151b36f545ad726f39e35ec6bb0ac9332dbee2f4665c3d79b063,2,97801459,755.9534514868292,1748298843725106,Staked ICX,0.1700144625,sICX,0,1,2025-05-26
cx518f64edcd35db9044a2de63fdc10abfd5f7d611,cx21e94c08c03daee80c25d8ee3ea22a20786ec231,cxa0af3165c08318e988cb30993b3048335b94af6c,0xee6b2800,0x951a93b6f7c5151b36f545ad726f39e35ec6bb0ac9332dbee2f4665c3d79b063,1,97801459,400.0,1748298843725106,Stellar,0.1700144625,XLM,0,1,2025-05-26
cx518f64edcd35db9044a2de63fdc10abfd5f7d611,hxd75467e3e4ce64e3424c747dfb71503017440433,cx21e94c08c03daee80c25d8ee3ea22a20786ec231,0xee6b2800,0x951a93b6f7c5151b36f545ad726f39e35ec6bb0ac9332dbee2f4665c3d79b063,0,97801459,400.0,1748298843725106,Stellar,0.1700144625,XLM,0,1,2025-05-26
cx65c9e3d4fea842e00add0d32a5b4c5e4e04c7a6b,hx1adc2b41608d81704d775ff143f43ab6efe0d792,cx66d4d90f5f113eba575bf793570135f9b10cece1,0x10deb1f0,0x3d7569aa53f83785ea3975feb0e75a974acc2d4009c4da2ac69517abf5683bee,0,97801333,0.28303,1748298591525003,Solana,0.022558375,SOL,0,1,2025-05-26
cx288d13e1b63563459a2ac6179f237711f6851cb5,hx1adc2b41608d81704d775ff143f43ab6efe0d792,cx66d4d90f5f113eba575bf793570135f9b10cece1,0x450cc67f06f010,0x07ed71b35cfca414228ad264bd5bccd9936d214b699c7f2057a41e637d3328e9,0,97801323,0.01943582006725429,1748298571665875,Ethereum,0.022616,ETH,0,1,2025-05-26
cxf61cd5a45dc9f91c15aa65831a30a90d59a09619,cx9345f80d6c98357ccbb70392b14162199c2c5f66,cxd82fb5d3effecd8c9071a4bba3856ad7222c4b91,0x127e2439f1426613,0x92c8e308a6e2dbc6c1e1089bee7a4916f91ba66de04867f3cd3722d7c8eace0d,4,97801307,1.3325423710276418,1748298539547780,Balance Token,0.130607425,BALN,0,1,2025-05-26
cx2609b924e33ef00b648a409245c7ea394c467824,cx9345f80d6c98357ccbb70392b14162199c2c5f66,cxd82fb5d3effecd8c9071a4bba3856ad7222c4b91,0x1361d1f0c56e60aa7,0x92c8e308a6e2dbc6c1e1089bee7a4916f91ba66de04867f3cd3722d7c8eace0d,3,97801307,22.346051063940255,1748298539547780,Staked ICX,0.130607425,sICX,0,1,2025-05-26
cx88fd7df7ddff82f7cc735c871dc519838cb235bb,hx0000000000000000000000000000000000000000,cx5faae53c4dbd1fbe4a2eb4aab6565030f10da5c6,0x0,0x92c8e308a6e2dbc6c1e1089bee7a4916f91ba66de04867f3cd3722d7c8eace0d,2,97801307,0.0,1748298539547780,Balanced Dollar,0.130607425,bnUSD,0,1,2025-05-26
cx88fd7df7ddff82f7cc735c871dc519838cb235bb,hx0000000000000000000000000000000000000000,cxd82fb5d3effecd8c9071a4bba3856ad7222c4b91,0x1da834ec05880488,0x92c8e308a6e2dbc6c1e1089bee7a4916f91ba66de04867f3cd3722d7c8eace0d,1,97801307,2.1370162114970266,1748298539547780,Balanced Dollar,0.130607425,bnUSD,0,1,2025-05-26
cx88fd7df7ddff82f7cc735c871dc519838cb235bb,hx1adc2b41608d81704d775ff143f43ab6efe0d792,cxd82fb5d3effecd8c9071a4bba3856ad7222c4b91,0x571ebb8f7a0da1386,0x92c8e308a6e2dbc6c1e1089bee7a4916f91ba66de04867f3cd3722d7c8eace0d,0,97801307,100.4425784880557,1748298539547780,Balanced Dollar,0.130607425,bnUSD,0,1,2025-05-26
cx288d13e1b63563459a2ac6179f237711f6851cb5,cx21e94c08c03daee80c25d8ee3ea22a20786ec231,hx1adc2b41608d81704d775ff143f43ab6efe0d792,0x450c0562cbb5d6,0xffd30644c7f6934dc3fd308198dea7a4655e3fc2752290b7b86004eb9207bb3e,5,97801299,0.01943499066492258,1748298523572844,Ethereum,0.0861469875,ETH,0,1,2025-05-26
cx88fd7df7ddff82f7cc735c871dc519838cb235bb,cxa0af3165c08318e988cb30993b3048335b94af6c,cx5faae53c4dbd1fbe4a2eb4aab6565030f10da5c6,0x10a741a46278000,0xffd30644c7f6934dc3fd308198dea7a4655e3fc2752290b7b86004eb9207bb3e,3,97801299,0.075,1748298523572844,Balanced Dollar,0.0861469875,bnUSD,0,1,2025-05-26
cx288d13e1b63563459a2ac6179f237711f6851cb5,cxa0af3165c08318e988cb30993b3048335b94af6c,cx21e94c08c03daee80c25d8ee3ea22a20786ec231,0x450c0562cbb5d6,0xffd30644c7f6934dc3fd308198dea7a4655e3fc2752290b7b86004eb9207bb3e,2,97801299,0.01943499066492258,1748298523572844,Ethereum,0.0861469875,ETH,0,1,2025-05-26
cx88fd7df7ddff82f7cc735c871dc519838cb235bb,cx21e94c08c03daee80c25d8ee3ea22a20786ec231,cxa0af3165c08318e988cb30993b3048335b94af6c,0x2b5e3af16b1880000,0xffd30644c7f6934dc3fd308198dea7a4655e3fc2752290b7b86004eb9207bb3e,1,97801299,50.0,1748298523572844,Balanced Dollar,0.0861469875,bnUSD,0,1,2025-05-26
cx88fd7df7ddff82f7cc735c871dc519838cb235bb,hx1adc2b41608d81704d775ff143f43ab6efe0d792,cx21e94c08c03daee80c25d8ee3ea22a20786ec231,0x2b5e3af16b1880000,0xffd30644c7f6934dc3fd308198dea7a4655e3fc2752290b7b86004eb9207bb3e,0,97801299,50.0,1748298523572844,Balanced Dollar,0.0861469875,bnUSD,0,1,2025-05-26
cx65c9e3d4fea842e00add0d32a5b4c5e4e04c7a6b,cx21e94c08c03daee80c25d8ee3ea22a20786ec231,hx1adc2b41608d81704d775ff143f43ab6efe0d792,0x10deb1d7,0x905840a7a178c4004b57d25fe4398436328b73206ad8508ed5b18fd47bbb5456,5,97801282,0.283029975,1748298489523157,Solana,0.075774625,SOL,0,1,2025-05-26
cx88fd7df7ddff82f7cc735c871dc519838cb235bb,cxa0af3165c08318e988cb30993b3048335b94af6c,cx5faae53c4dbd1fbe4a2eb4aab6565030f10da5c6,0x10a741a46278000,0x905840a7a178c4004b57d25fe4398436328b73206ad8508ed5b18fd47bbb5456,3,97801282,0.075,1748298489523157,Balanced Dollar,0.075774625,bnUSD,0,1,2025-05-26
cx65c9e3d4fea842e00add0d32a5b4c5e4e04c7a6b,cxa0af3165c08318e988cb30993b3048335b94af6c,cx21e94c08c03daee80c25d8ee3ea22a20786ec231,0x10deb1d7,0x905840a7a178c4004b57d25fe4398436328b73206ad8508ed5b18fd47bbb5456,2,97801282,0.283029975,1748298489523157,Solana,0.075774625,SOL,0,1,2025-05-26
cx88fd7df7ddff82f7cc735c871dc519838cb235bb,cx21e94c08c03daee80c25d8ee3ea22a20786ec231,cxa0af3165c08318e988cb30993b3048335b94af6c,0x2b5e3af16b1880000,0x905840a7a178c4004b57d25fe4398436328b73206ad8508ed5b18fd47bbb5456,1,97801282,50.0,1748298489523157,Balanced Dollar,0.075774625,bnUSD,0,1,2025-05-26
cx88fd7df7ddff82f7cc735c871dc519838cb235bb,hx1adc2b41608d81704d775ff143f43ab6efe0d792,cx21e94c08c03daee80c25d8ee3ea22a20786ec231,0x2b5e3af16b1880000,0x905840a7a178c4004b57d25fe4398436328b73206ad8508ed5b18fd47bbb5456,0,97801282,50.0,1748298489523157,Balanced Dollar,0.075774625,bnUSD,0,1,2025-05-26
cx518f64edcd35db9044a2de63fdc10abfd5f7d611,cx21e94c08c03daee80c25d8ee3ea22a20786ec231,hx1adc2b41608d81704d775ff143f43ab6efe0d792,0x1424bc25a,0x8ceb0b9ecc71e3074a4cb92996cdc749fde0152457d8fc81ec85de66c2fd6329,16,97801237,540.7228506,1748298399480396,Stellar,0.36491955,XLM,0,1,2025-05-26
cx2609b924e33ef00b648a409245c7ea394c467824,cx203d9cd2a669be67177e997b8948ce2c35caffae,cx835b300dcfe01f0bdb794e134a0c5628384f4367,0x3a7bddd2872ba478,0x8ceb0b9ecc71e3074a4cb92996cdc749fde0152457d8fc81ec85de66c2fd6329,13,97801237,4.214205772615886,1748298399480396,Staked ICX,0.36491955,sICX,0,1,2025-05-26
cx2609b924e33ef00b648a409245c7ea394c467824,cx5faae53c4dbd1fbe4a2eb4aab6565030f10da5c6,cx203d9cd2a669be67177e997b8948ce2c35caffae,0x538c6175e5ac0f87,0x8ceb0b9ecc71e3074a4cb92996cdc749fde0152457d8fc81ec85de66c2fd6329,10,97801237,6.020293960879837,1748298399480396,Staked ICX,0.36491955,sICX,0,1,2025-05-26
cx2609b924e33ef00b648a409245c7ea394c467824,cx5faae53c4dbd1fbe4a2eb4aab6565030f10da5c6,cxdc30a0d3a1f131565c071272a20bc0b06fd4c17b,0x538c6175e5ac0f87,0x8ceb0b9ecc71e3074a4cb92996cdc749fde0152457d8fc81ec85de66c2fd6329,8,97801237,6.020293960879837,1748298399480396,Staked ICX,0.36491955,sICX,0,1,2025-05-26
cx2609b924e33ef00b648a409245c7ea394c467824,cxa0af3165c08318e988cb30993b3048335b94af6c,cx5faae53c4dbd1fbe4a2eb4aab6565030f10da5c6,0x1564198312fc40a0,0x8ceb0b9ecc71e3074a4cb92996cdc749fde0152457d8fc81ec85de66c2fd6329,7,97801237,1.541385023217484,1748298399480396,Staked ICX,0.36491955,sICX,0,1,2025-05-26
cx518f64edcd35db9044a2de63fdc10abfd5f7d611,cxa0af3165c08318e988cb30993b3048335b94af6c,cx21e94c08c03daee80c25d8ee3ea22a20786ec231,0x1424bc25a,0x8ceb0b9ecc71e3074a4cb92996cdc749fde0152457d8fc81ec85de66c2fd6329,6,97801237,540.7228506,1748298399480396,Stellar,0.36491955,XLM,0,1,2025-05-26
cx2609b924e33ef00b648a409245c7ea394c467824,cx21e94c08c03daee80c25d8ee3ea22a20786ec231,cxa0af3165c08318e988cb30993b3048335b94af6c,0x37b4ad1aac1b92f6e4,0x8ceb0b9ecc71e3074a4cb92996cdc749fde0152457d8fc81ec85de66c2fd6329,5,97801237,1027.5900154783226,1748298399480396,Staked ICX,0.36491955,sICX,0,1,2025-05-26
cx88fd7df7ddff82f7cc735c871dc519838cb235bb,cxa0af3165c08318e988cb30993b3048335b94af6c,cx5faae53c4dbd1fbe4a2eb4aab6565030f10da5c6,0x344aa00949ac000,0x8ceb0b9ecc71e3074a4cb92996cdc749fde0152457d8fc81ec85de66c2fd6329,3,97801237,0.2355,1748298399480396,Balanced Dollar,0.36491955,bnUSD,0,1,2025-05-26
cx2609b924e33ef00b648a409245c7ea394c467824,cxa0af3165c08318e988cb30993b3048335b94af6c,cx21e94c08c03daee80c25d8ee3ea22a20786ec231,0x37b4ad1aac1b92f6e4,0x8ceb0b9ecc71e3074a4cb92996cdc749fde0152457d8fc81ec85de66c2fd6329,2,97801237,1027.5900154783226,1748298399480396,Staked ICX,0.36491955,sICX,0,1,2025-05-26
cx88fd7df7ddff82f7cc735c871dc519838cb235bb,cx21e94c08c03daee80c25d8ee3ea22a20786ec231,cxa0af3165c08318e988cb30993b3048335b94af6c,0x882d00c2da8540000,0x8ceb0b9ecc71e3074a4cb92996cdc749fde0152457d8fc81ec85de66c2fd6329,1,97801237,157.0,1748298399480396,Balanced Dollar,0.36491955,bnUSD,0,1,2025-05-26
cx88fd7df7ddff82f7cc735c871dc519838cb235bb,hx1adc2b41608d81704d775ff143f43ab6efe0d792,cx21e94c08c03daee80c25d8ee3ea22a20786ec231,0x882d00c2da8540000,0x8ceb0b9ecc71e3074a4cb92996cdc749fde0152457d8fc81ec85de66c2fd6329,0,97801237,157.0,1748298399480396,Balanced Dollar,0.36491955,bnUSD,0,1,2025-05-26
cx88fd7df7ddff82f7cc735c871dc519838cb235bb,hx0000000000000000000000000000000000000000,cx5faae53c4dbd1fbe4a2eb4aab6565030f10da5c6,0x9ebc8433cc2af24,0xffd891e6e5fd6ccaa3b7e06c8fb9e2fc01390d99ddaa57db8457bcd4a4db7f13,3,97801217,0.7148851569761114,1748298359634957,Balanced Dollar,0.1057619,bnUSD,0,1,2025-05-26
cx88fd7df7ddff82f7cc735c871dc519838cb235bb,cx66d4d90f5f113eba575bf793570135f9b10cece1,hx1adc2b41608d81704d775ff143f43ab6efe0d792,0x1360832352ac3e1386,0xffd891e6e5fd6ccaa3b7e06c8fb9e2fc01390d99ddaa57db8457bcd4a4db7f13,1,97801217,357.4425784880557,1748298359634957,Balanced Dollar,0.1057619,bnUSD,0,1,2025-05-26
cx88fd7df7ddff82f7cc735c871dc519838cb235bb,hx0000000000000000000000000000000000000000,cx66d4d90f5f113eba575bf793570135f9b10cece1,0x1360832352ac3e1386,0xffd891e6e5fd6ccaa3b7e06c8fb9e2fc01390d99ddaa57db8457bcd4a4db7f13,0,97801217,357.4425784880557,1748298359634957,Balanced Dollar,0.1057619,bnUSD,0,1,2025-05-26
cx2609b924e33ef00b648a409245c7ea394c467824,hx0000000000000000000000000000000000000000,cx66d4d90f5f113eba575bf793570135f9b10cece1,0xc95d647be135e5f685,0xfd243b66c1b5bdbba5b64f9d5b2852ac070bf26b4c571254c949720c8f5f6fb1,3,97801196,3714.5251987660204,1748298317510506,Staked ICX,0.1335241,sICX,0,1,2025-05-26
cx07b184a37f03c6ab681fcbd0b45aec6dc3eafbeb,hx1adc2b41608d81704d775ff143f43ab6efe0d792,cx66d4d90f5f113eba575bf793570135f9b10cece1,0x371091862a3c9,0x97fb94fb13d1eb1d6ccff2b730a8a2af0c6ad97ce0bd3ba054f2a1217d3b890d,0,97801177,0.000968708807893961,1748298279445481,Bitcoin,0.022582375,BTC,0,1,2025-05-26
cx7baf94bd53b505353285ee4c4c050f9703581703,hx3c72c692480ee86cef5aa9dcf48fdb3d6dd05e14,hx3c72c692480ee86cef5aa9dcf48fdb3d6dd05e14,0x0,0xa79648a4f12983ee6a72fd0175055ddb8bf152539dff47153fb053052165e6a7,2,97801057,0.0,1748298039380939,unknown_token,0.0906180625,$unknown,31,2,2025-05-26
cx7baf94bd53b505353285ee4c4c050f9703581703,hx3c72c692480ee86cef5aa9dcf48fdb3d6dd05e14,hx3c72c692480ee86cef5aa9dcf48fdb3d6dd05e14,0x0,0xa79648a4f12983ee6a72fd0175055ddb8bf152539dff47153fb053052165e6a7,1,97801057,0.0,1748298039380939,unknown_token,0.0906180625,$unknown,21,2,2025-05-26
cx88fd7df7ddff82f7cc735c871dc519838cb235bb,cx21e94c08c03daee80c25d8ee3ea22a20786ec231,hx2debd9ec927cca1639da8d3518dd9dbf1cdfb357,0x160d4bd9bfb4c9eaf5,0xf359e34a4842f9cd6ab6f39087da0aa9dd74116eae3cff9995810f37c5043427,5,97801041,406.78646838475163,1748298007327336,Balanced Dollar,0.088410925,bnUSD,0,1,2025-05-26
cx88fd7df7ddff82f7cc735c871dc519838cb235bb,cxa0af3165c08318e988cb30993b3048335b94af6c,cx5faae53c4dbd1fbe4a2eb4aab6565030f10da5c6,0x87a2ff9164f1a5d,0xf359e34a4842f9cd6ab6f39087da0aa9dd74116eae3cff9995810f37c5043427,3,97801041,0.6108534463297686,1748298007327336,Balanced Dollar,0.088410925,bnUSD,0,1,2025-05-26
cx88fd7df7ddff82f7cc735c871dc519838cb235bb,cxa0af3165c08318e988cb30993b3048335b94af6c,cx21e94c08c03daee80c25d8ee3ea22a20786ec231,0x160d4bd9bfb4c9eaf5,0xf359e34a4842f9cd6ab6f39087da0aa9dd74116eae3cff9995810f37c5043427,2,97801041,406.78646838475163,1748298007327336,Balanced Dollar,0.088410925,bnUSD,0,1,2025-05-26
cx4297f4b63262507623b6ad575d0d8dd2db980e4e,cx21e94c08c03daee80c25d8ee3ea22a20786ec231,cxa0af3165c08318e988cb30993b3048335b94af6c,0x1a055690d9db80000,0xf359e34a4842f9cd6ab6f39087da0aa9dd74116eae3cff9995810f37c5043427,1,97801041,30.0,1748298007327336,Injective,0.088410925,INJ,0,1,2025-05-26
cx4297f4b63262507623b6ad575d0d8dd2db980e4e,hx2debd9ec927cca1639da8d3518dd9dbf1cdfb357,cx21e94c08c03daee80c25d8ee3ea22a20786ec231,0x1a055690d9db80000,0xf359e34a4842f9cd6ab6f39087da0aa9dd74116eae3cff9995810f37c5043427,0,97801041,30.0,1748298007327336,Injective,0.088410925,INJ,0,1,2025-05-26
cx88fd7df7ddff82f7cc735c871dc519838cb235bb,cxa0af3165c08318e988cb30993b3048335b94af6c,cx5faae53c4dbd1fbe4a2eb4aab6565030f10da5c6,0x337fbf5525918d4,0x0d823eab7d93b95ec62e0660512358eb21d3fce4a3fffcb487ffea9839005705,2,97800898,0.23193093689999997,1748297721355363,Balanced Dollar,0.0564028625,bnUSD,0,1,2025-05-26
cx288d13e1b63563459a2ac6179f237711f6851cb5,cxa0af3165c08318e988cb30993b3048335b94af6c,hxd75467e3e4ce64e3424c747dfb71503017440433,0xd599755c60227d,0x0d823eab7d93b95ec62e0660512358eb21d3fce4a3fffcb487ffea9839005705,1,97800898,0.06012289937939724,1748297721355363,Ethereum,0.0564028625,ETH,0,1,2025-05-26
cx88fd7df7ddff82f7cc735c871dc519838cb235bb,hxd75467e3e4ce64e3424c747dfb71503017440433,cxa0af3165c08318e988cb30993b3048335b94af6c,0x861cacedbc8060000,0x0d823eab7d93b95ec62e0660512358eb21d3fce4a3fffcb487ffea9839005705,0,97800898,154.62062459999999,1748297721355363,Balanced Dollar,0.0564028625,bnUSD,0,1,2025-05-26
cx88fd7df7ddff82f7cc735c871dc519838cb235bb,cxa0af3165c08318e988cb30993b3048335b94af6c,cx5faae53c4dbd1fbe4a2eb4aab6565030f10da5c6,0x338267ae639e4ed,0xa6f827503699a9f8b5b143e48144dfa08d09b8ea0934472ca7af1eb9ed4131f1,2,97800874,0.2319776901,1748297673270477,Balanced Dollar,0.0564028625,bnUSD,0,1,2025-05-26
cx288d13e1b63563459a2ac6179f237711f6851cb5,cxa0af3165c08318e988cb30993b3048335b94af6c,hxd75467e3e4ce64e3424c747dfb71503017440433,0xd5c2968e34b437,0xa6f827503699a9f8b5b143e48144dfa08d09b8ea0934472ca7af1eb9ed4131f1,1,97800874,0.06016812192607135,1748297673270477,Ethereum,0.0564028625,ETH,0,1,2025-05-26
cx88fd7df7ddff82f7cc735c871dc519838cb235bb,hxd75467e3e4ce64e3424c747dfb71503017440433,cxa0af3165c08318e988cb30993b3048335b94af6c,0x862398ab78c198000,0xa6f827503699a9f8b5b143e48144dfa08d09b8ea0934472ca7af1eb9ed4131f1,0,97800874,154.65179339999997,1748297673270477,Balanced Dollar,0.0564028625,bnUSD,0,1,2025-05-26
cx88fd7df7ddff82f7cc735c871dc519838cb235bb,cxa0af3165c08318e988cb30993b3048335b94af6c,cx5faae53c4dbd1fbe4a2eb4aab6565030f10da5c6,0x3389824e2bf19db,0xd7eeb52e680180529c5e3d756dee12e2cdeeccd62f741ee89bb2d50d0b563f62,2,97800868,0.23210266499999996,1748297661308289,Balanced Dollar,0.0564028625,bnUSD,0,1,2025-05-26
cx288d13e1b63563459a2ac6179f237711f6851cb5,cxa0af3165c08318e988cb30993b3048335b94af6c,hxd75467e3e4ce64e3424c747dfb71503017440433,0xd5fe3a71973b1a,0xd7eeb52e680180529c5e3d756dee12e2cdeeccd62f741ee89bb2d50d0b563f62,1,97800868,0.06023369700666448,1748297661308289,Ethereum,0.0564028625,ETH,0,1,2025-05-26
cx88fd7df7ddff82f7cc735c871dc519838cb235bb,hxd75467e3e4ce64e3424c747dfb71503017440433,cxa0af3165c08318e988cb30993b3048335b94af6c,0x863618ab926fe0000,0xd7eeb52e680180529c5e3d756dee12e2cdeeccd62f741ee89bb2d50d0b563f62,0,97800868,154.73510999999996,1748297661308289,Balanced Dollar,0.0564028625,bnUSD,0,1,2025-05-26
cx88fd7df7ddff82f7cc735c871dc519838cb235bb,cxa0af3165c08318e988cb30993b3048335b94af6c,cx5faae53c4dbd1fbe4a2eb4aab6565030f10da5c6,0x3386643440b16f9,0x5cfea0cfb087fe15e6c9e441cd5fd41f6946433c98a1d6cbba0d25dcb3dfcd6a,2,97800862,0.23204781989999998,1748297649241822,Balanced Dollar,0.0564028625,bnUSD,0,1,2025-05-26
cx288d13e1b63563459a2ac6179f237711f6851cb5,cxa0af3165c08318e988cb30993b3048335b94af6c,hxd75467e3e4ce64e3424c747dfb71503017440433,0xd60f77041cdab1,0x5cfea0cfb087fe15e6c9e441cd5fd41f6946433c98a1d6cbba0d25dcb3dfcd6a,1,97800862,0.06025264886060511,1748297649241822,Ethereum,0.0564028625,ETH,0,1,2025-05-26
cx88fd7df7ddff82f7cc735c871dc519838cb235bb,hxd75467e3e4ce64e3424c747dfb71503017440433,cxa0af3165c08318e988cb30993b3048335b94af6c,0x862dfa48132368000,0x5cfea0cfb087fe15e6c9e441cd5fd41f6946433c98a1d6cbba0d25dcb3dfcd6a,0,97800862,154.6985466,1748297649241822,Balanced Dollar,0.0564028625,bnUSD,0,1,2025-05-26
cx88fd7df7ddff82f7cc735c871dc519838cb235bb,cxa0af3165c08318e988cb30993b3048335b94af6c,cx5faae53c4dbd1fbe4a2eb4aab6565030f10da5c6,0x2d95a4292d76800,0xe1afecd712ac232b20a44cb3e9948217a38068fb0d7bf1e0316c66e18e96122c,2,97800856,0.2052945,1748297637278849,Balanced Dollar,0.0563762625,bnUSD,0,1,2025-05-26
cx4297f4b63262507623b6ad575d0d8dd2db980e4e,cxa0af3165c08318e988cb30993b3048335b94af6c,hxd75467e3e4ce64e3424c747dfb71503017440433,0x8b0f8e580e8ed547,0xe1afecd712ac232b20a44cb3e9948217a38068fb0d7bf1e0316c66e18e96122c,1,97800856,10.020384204775151,1748297637278849,Injective,0.0563762625,INJ,0,1,2025-05-26
cx88fd7df7ddff82f7cc735c871dc519838cb235bb,hxd75467e3e4ce64e3424c747dfb71503017440433,cxa0af3165c08318e988cb30993b3048335b94af6c,0x76b5b0d5e66498000,0xe1afecd712ac232b20a44cb3e9948217a38068fb0d7bf1e0316c66e18e96122c,0,97800856,136.863,1748297637278849,Balanced Dollar,0.0563762625,bnUSD,0,1,2025-05-26
cx88fd7df7ddff82f7cc735c871dc519838cb235bb,cxa0af3165c08318e988cb30993b3048335b94af6c,cx5faae53c4dbd1fbe4a2eb4aab6565030f10da5c6,0x3397c4a3252c312,0x15f94721285d59419e8e497a5ec4327742d401a49dd3f9105cde15f15f99eaf1,2,97800850,0.23235351390000003,1748297625441885,Balanced Dollar,0.0564028625,bnUSD,0,2,2025-05-26
cx288d13e1b63563459a2ac6179f237711f6851cb5,cxa0af3165c08318e988cb30993b3048335b94af6c,hxd75467e3e4ce64e3424c747dfb71503017440433,0xd675eb407d71b1,0x15f94721285d59419e8e497a5ec4327742d401a49dd3f9105cde15f15f99eaf1,1,97800850,0.060365298275807666,1748297625441885,Ethereum,0.0564028625,ETH,0,2,2025-05-26
cx88fd7df7ddff82f7cc735c871dc519838cb235bb,hxd75467e3e4ce64e3424c747dfb71503017440433,cxa0af3165c08318e988cb30993b3048335b94af6c,0x865b3abe30cdc0000,0x15f94721285d59419e8e497a5ec4327742d401a49dd3f9105cde15f15f99eaf1,0,97800850,154.90234260000003,1748297625441885,Balanced Dollar,0.0564028625,bnUSD,0,2,2025-05-26
cx4297f4b63262507623b6ad575d0d8dd2db980e4e,cx21e94c08c03daee80c25d8ee3ea22a20786ec231,hx2debd9ec927cca1639da8d3518dd9dbf1cdfb357,0x1a05473f4a75546d5,0x2c874e0fd44c82d71a36f1439278e9bc1580dfedc11919e24c60c00a9cfeb331,5,97800850,29.999730512438315,1748297625441885,Injective,0.088385925,INJ,0,1,2025-05-26
cx88fd7df7ddff82f7cc735c871dc519838cb235bb,cxa0af3165c08318e988cb30993b3048335b94af6c,cx5faae53c4dbd1fbe4a2eb4aab6565030f10da5c6,0x8820d617fcba85e,0x2c874e0fd44c82d71a36f1439278e9bc1580dfedc11919e24c60c00a9cfeb331,3,97800850,0.6130672116828509,1748297625441885,Balanced Dollar,0.088385925,bnUSD,0,1,2025-05-26
cx4297f4b63262507623b6ad575d0d8dd2db980e4e,cxa0af3165c08318e988cb30993b3048335b94af6c,cx21e94c08c03daee80c25d8ee3ea22a20786ec231,0x1a05473f4a75546d5,0x2c874e0fd44c82d71a36f1439278e9bc1580dfedc11919e24c60c00a9cfeb331,2,97800850,29.999730512438315,1748297625441885,Injective,0.088385925,INJ,0,1,2025-05-26
cx88fd7df7ddff82f7cc735c871dc519838cb235bb,cx21e94c08c03daee80c25d8ee3ea22a20786ec231,cxa0af3165c08318e988cb30993b3048335b94af6c,0x162802d892225bca20,0x2c874e0fd44c82d71a36f1439278e9bc1580dfedc11919e24c60c00a9cfeb331,1,97800850,408.71147445523394,1748297625441885,Balanced Dollar,0.088385925,bnUSD,0,1,2025-05-26
cx88fd7df7ddff82f7cc735c871dc519838cb235bb,hx2debd9ec927cca1639da8d3518dd9dbf1cdfb357,cx21e94c08c03daee80c25d8ee3ea22a20786ec231,0x162802d892225bca20,0x2c874e0fd44c82d71a36f1439278e9bc1580dfedc11919e24c60c00a9cfeb331,0,97800850,408.71147445523394,1748297625441885,Balanced Dollar,0.088385925,bnUSD,0,1,2025-05-26
cx66a031cc3bd305c76371fb586e93801b948254f0,cx21e94c08c03daee80c25d8ee3ea22a20786ec231,hx2debd9ec927cca1639da8d3518dd9dbf1cdfb357,0x1158da29a9f807efa,0xdf0bb5e333a1a90083eaf6a42368f525c4c520fbf9c8a14e77ccea182f64064f,5,97800846,19.999820305206903,1748297617272949,Avalanche,0.0882961875,AVAX,0,1,2025-05-26
cx88fd7df7ddff82f7cc735c871dc519838cb235bb,cxa0af3165c08318e988cb30993b3048335b94af6c,cx5faae53c4dbd1fbe4a2eb4aab6565030f10da5c6,0x9a96539c2356e2a,0xdf0bb5e333a1a90083eaf6a42368f525c4c520fbf9c8a14e77ccea182f64064f,3,97800846,0.696198916151275,1748297617272949,Balanced Dollar,0.0882961875,bnUSD,0,1,2025-05-26
cx66a031cc3bd305c76371fb586e93801b948254f0,cxa0af3165c08318e988cb30993b3048335b94af6c,cx21e94c08c03daee80c25d8ee3ea22a20786ec231,0x1158da29a9f807efa,0xdf0bb5e333a1a90083eaf6a42368f525c4c520fbf9c8a14e77ccea182f64064f,2,97800846,19.999820305206903,1748297617272949,Avalanche,0.0882961875,AVAX,0,1,2025-05-26
cx88fd7df7ddff82f7cc735c871dc519838cb235bb,cx21e94c08c03daee80c25d8ee3ea22a20786ec231,cxa0af3165c08318e988cb30993b3048335b94af6c,0x1929224669c0798d60,0xdf0bb5e333a1a90083eaf6a42368f525c4c520fbf9c8a14e77ccea182f64064f,1,97800846,464.1326107675167,1748297617272949,Balanced Dollar,0.0882961875,bnUSD,0,1,2025-05-26
cx88fd7df7ddff82f7cc735c871dc519838cb235bb,hx2debd9ec927cca1639da8d3518dd9dbf1cdfb357,cx21e94c08c03daee80c25d8ee3ea22a20786ec231,0x1929224669c0798d60,0xdf0bb5e333a1a90083eaf6a42368f525c4c520fbf9c8a14e77ccea182f64064f,0,97800846,464.1326107675167,1748297617272949,Balanced Dollar,0.0882961875,bnUSD,0,1,2025-05-26
cx88fd7df7ddff82f7cc735c871dc519838cb235bb,cxa0af3165c08318e988cb30993b3048335b94af6c,cx5faae53c4dbd1fbe4a2eb4aab6565030f10da5c6,0x337aca388583a0c,0xef692cb8d191fc94d0a8ecb42729d36b42a7718b58ff35f51f08afe00278cf0f,2,97800845,0.23184372420000002,1748297615268762,Balanced Dollar,0.0564028625,bnUSD,0,1,2025-05-26
cx288d13e1b63563459a2ac6179f237711f6851cb5,cxa0af3165c08318e988cb30993b3048335b94af6c,hxd75467e3e4ce64e3424c747dfb71503017440433,0xd61babaa3c4717,0xef692cb8d191fc94d0a8ecb42729d36b42a7718b58ff35f51f08afe00278cf0f,1,97800845,0.060266069125515034,1748297615268762,Ethereum,0.0564028625,ETH,0,1,2025-05-26
cx88fd7df7ddff82f7cc735c871dc519838cb235bb,hxd75467e3e4ce64e3424c747dfb71503017440433,cxa0af3165c08318e988cb30993b3048335b94af6c,0x860fc3f33106c8000,0xef692cb8d191fc94d0a8ecb42729d36b42a7718b58ff35f51f08afe00278cf0f,0,97800845,154.5624828,1748297615268762,Balanced Dollar,0.0564028625,bnUSD,0,1,2025-05-26
cx88fd7df7ddff82f7cc735c871dc519838cb235bb,cxa0af3165c08318e988cb30993b3048335b94af6c,cx5faae53c4dbd1fbe4a2eb4aab6565030f10da5c6,0x3355d6c22bb4ced,0xaa8d5ceca1116da0391b1cfdbd3846ad31e4c28d9030ba5098a73c8346dfa8a2,2,97800840,0.23119367489999998,1748297605273057,Balanced Dollar,0.0564028625,bnUSD,0,1,2025-05-26
cx288d13e1b63563459a2ac6179f237711f6851cb5,cxa0af3165c08318e988cb30993b3048335b94af6c,hxd75467e3e4ce64e3424c747dfb71503017440433,0xd5a00f9a16228a,0xaa8d5ceca1116da0391b1cfdbd3846ad31e4c28d9030ba5098a73c8346dfa8a2,1,97800840,0.06013015890946523,1748297605273057,Ethereum,0.0564028625,ETH,0,1,2025-05-26
cx88fd7df7ddff82f7cc735c871dc519838cb235bb,hxd75467e3e4ce64e3424c747dfb71503017440433,cxa0af3165c08318e988cb30993b3048335b94af6c,0x85af89eefc7c30000,0xaa8d5ceca1116da0391b1cfdbd3846ad31e4c28d9030ba5098a73c8346dfa8a2,0,97800840,154.12911659999997,1748297605273057,Balanced Dollar,0.0564028625,bnUSD,0,1,2025-05-26
cx88fd7df7ddff82f7cc735c871dc519838cb235bb,cxa0af3165c08318e988cb30993b3048335b94af6c,cx5faae53c4dbd1fbe4a2eb4aab6565030f10da5c6,0x2d628888ab95000,0xeafd526df9a118c02d359dc29b1b93792aa5df834e1ceebea573b2b7a2c17043,2,97800815,0.2043954,1748297555255529,Balanced Dollar,0.0563762625,bnUSD,0,1,2025-05-26
cx4297f4b63262507623b6ad575d0d8dd2db980e4e,cxa0af3165c08318e988cb30993b3048335b94af6c,hxd75467e3e4ce64e3424c747dfb71503017440433,0x8b27e64ba5bddab8,0xeafd526df9a118c02d359dc29b1b93792aa5df834e1ceebea573b2b7a2c17043,1,97800815,10.027236307941317,1748297555255529,Injective,0.0563762625,INJ,0,1,2025-05-26
cx88fd7df7ddff82f7cc735c871dc519838cb235bb,hxd75467e3e4ce64e3424c747dfb71503017440433,cxa0af3165c08318e988cb30993b3048335b94af6c,0x763098e3e97eb0000,0xeafd526df9a118c02d359dc29b1b93792aa5df834e1ceebea573b2b7a2c17043,0,97800815,136.2636,1748297555255529,Balanced Dollar,0.0563762625,bnUSD,0,1,2025-05-26
cx88fd7df7ddff82f7cc735c871dc519838cb235bb,cxa0af3165c08318e988cb30993b3048335b94af6c,cx5faae53c4dbd1fbe4a2eb4aab6565030f10da5c6,0x334f8d78eca0800,0x9a439cbca7f940fdc5f06c3407a83c5e1cb117db2ebd93f7142ba2e086e35ed4,2,97800806,0.2310830856,1748297537266279,Balanced Dollar,0.0564028625,bnUSD,0,1,2025-05-26
cx288d13e1b63563459a2ac6179f237711f6851cb5,cxa0af3165c08318e988cb30993b3048335b94af6c,hxd75467e3e4ce64e3424c747dfb71503017440433,0xd5a3ef684beae1,0x9a439cbca7f940fdc5f06c3407a83c5e1cb117db2ebd93f7142ba2e086e35ed4,1,97800806,0.06013441868168675,1748297537266279,Ethereum,0.0564028625,ETH,0,1,2025-05-26
cx88fd7df7ddff82f7cc735c871dc519838cb235bb,hxd75467e3e4ce64e3424c747dfb71503017440433,cxa0af3165c08318e988cb30993b3048335b94af6c,0x859f2b1592e1f8000,0x9a439cbca7f940fdc5f06c3407a83c5e1cb117db2ebd93f7142ba2e086e35ed4,0,97800806,154.0553904,1748297537266279,Balanced Dollar,0.0564028625,bnUSD,0,1,2025-05-26
cx88fd7df7ddff82f7cc735c871dc519838cb235bb,cxa0af3165c08318e988cb30993b3048335b94af6c,cx5faae53c4dbd1fbe4a2eb4aab6565030f10da5c6,0x2d5a03edeb44c00,0x1b147b78d4b4f881d913f1c8cdeee8e4303990816bd5bd7ad276eee4fdfb7773,2,97800801,0.20424555,1748297527213372,Balanced Dollar,0.0563923875,bnUSD,0,1,2025-05-26
cx4297f4b63262507623b6ad575d0d8dd2db980e4e,cxa0af3165c08318e988cb30993b3048335b94af6c,hxd75467e3e4ce64e3424c747dfb71503017440433,0x8b3afe20124302e2,0x1b147b78d4b4f881d913f1c8cdeee8e4303990816bd5bd7ad276eee4fdfb7773,1,97800801,10.032610533619991,1748297527213372,Injective,0.0563923875,INJ,0,1,2025-05-26
cx88fd7df7ddff82f7cc735c871dc519838cb235bb,hxd75467e3e4ce64e3424c747dfb71503017440433,cxa0af3165c08318e988cb30993b3048335b94af6c,0x761a6a3b94adb4000,0x1b147b78d4b4f881d913f1c8cdeee8e4303990816bd5bd7ad276eee4fdfb7773,0,97800801,136.1637,1748297527213372,Balanced Dollar,0.0563923875,bnUSD,0,1,2025-05-26
cxf61cd5a45dc9f91c15aa65831a30a90d59a09619,cx9345f80d6c98357ccbb70392b14162199c2c5f66,cxd82fb5d3effecd8c9071a4bba3856ad7222c4b91,0x1944bb20118aa682,0xe9675c032aa758a4160572f34bb1094ebdb17b3eaecce41186ab10d440ff5f76,9,97800682,1.8207858957721699,1748297289141167,Balance Token,0.1727492,BALN,0,1,2025-05-26
cx2609b924e33ef00b648a409245c7ea394c467824,cx9345f80d6c98357ccbb70392b14162199c2c5f66,cxd82fb5d3effecd8c9071a4bba3856ad7222c4b91,0x1a7bd4b9a139d73ba,0xe9675c032aa758a4160572f34bb1094ebdb17b3eaecce41186ab10d440ff5f76,8,97800682,30.533644173767964,1748297289141167,Staked ICX,0.1727492,sICX,0,1,2025-05-26
cx88fd7df7ddff82f7cc735c871dc519838cb235bb,cx203d9cd2a669be67177e997b8948ce2c35caffae,cx835b300dcfe01f0bdb794e134a0c5628384f4367,0x1d728a492b8fd14f,0xe9675c032aa758a4160572f34bb1094ebdb17b3eaecce41186ab10d440ff5f76,6,97800682,2.121910421313016,1748297289141167,Balanced Dollar,0.1727492,bnUSD,0,1,2025-05-26
cx88fd7df7ddff82f7cc735c871dc519838cb235bb,cx5faae53c4dbd1fbe4a2eb4aab6565030f10da5c6,cx203d9cd2a669be67177e997b8948ce2c35caffae,0x2a1157d63e3b2b04,0xe9675c032aa758a4160572f34bb1094ebdb17b3eaecce41186ab10d440ff5f76,4,97800682,3.031300601875737,1748297289141167,Balanced Dollar,0.1727492,bnUSD,0,1,2025-05-26
cx88fd7df7ddff82f7cc735c871dc519838cb235bb,cx5faae53c4dbd1fbe4a2eb4aab6565030f10da5c6,cxdc30a0d3a1f131565c071272a20bc0b06fd4c17b,0x2a1157d63e3b2b04,0xe9675c032aa758a4160572f34bb1094ebdb17b3eaecce41186ab10d440ff5f76,3,97800682,3.031300601875737,1748297289141167,Balanced Dollar,0.1727492,bnUSD,0,1,2025-05-26
cx88fd7df7ddff82f7cc735c871dc519838cb235bb,hx0000000000000000000000000000000000000000,cx5faae53c4dbd1fbe4a2eb4aab6565030f10da5c6,0x0,0xe9675c032aa758a4160572f34bb1094ebdb17b3eaecce41186ab10d440ff5f76,2,97800682,0.0,1748297289141167,Balanced Dollar,0.1727492,bnUSD,0,1,2025-05-26
cx88fd7df7ddff82f7cc735c871dc519838cb235bb,hx0000000000000000000000000000000000000000,cxd82fb5d3effecd8c9071a4bba3856ad7222c4b91,0x289c6739da92f914,0xe9675c032aa758a4160572f34bb1094ebdb17b3eaecce41186ab10d440ff5f76,1,97800682,2.9263273560618415,1748297289141167,Balanced Dollar,0.1727492,bnUSD,0,1,2025-05-26
cx88fd7df7ddff82f7cc735c871dc519838cb235bb,hx970eda4988e547df0de8324226fdf3e8ebc9734f,cxd82fb5d3effecd8c9071a4bba3856ad7222c4b91,0x661b23cfe1ef00a75c,0xe9675c032aa758a4160572f34bb1094ebdb17b3eaecce41186ab10d440ff5f76,0,97800682,1883.5235307508676,1748297289141167,Balanced Dollar,0.1727492,bnUSD,0,1,2025-05-26
cxd17316e24ee40f2ef8ed6f3a497311db1b35206d,hx8acbfbf57dfc49f5fa9b1df2fc55fd9216b3e7aa,hx8acbfbf57dfc49f5fa9b1df2fc55fd9216b3e7aa,0x0,0xa8fe4d6e6dac3116a7331b28699bc4cbf90acdba0a968ac88bfa8f8b5970d23f,2,97800507,0.0,1748296939026939,unknown_token,0.0107544875,$unknown,5,1,2025-05-26
cx7baf94bd53b505353285ee4c4c050f9703581703,hx8acbfbf57dfc49f5fa9b1df2fc55fd9216b3e7aa,hx0000000000000000000000000000000000000000,0x0,0xa8fe4d6e6dac3116a7331b28699bc4cbf90acdba0a968ac88bfa8f8b5970d23f,1,97800507,0.0,1748296939026939,unknown_token,0.0107544875,$unknown,3,1,2025-05-26
cxf61cd5a45dc9f91c15aa65831a30a90d59a09619,hx07bf6f9fde57126b8b30311e3f8a6878c5d5a2c0,cxe0252e6c1fe4040412811d83d13979e335287e45,0x98a7d9b8314c0000,0x1769a4a289e0b8784bbd5e885cb30120f7824c96882fd51d6739c4b559de93e9,0,97800220,11.0,1748296362379850,Balance Token,0.0771223125,BALN,0,1,2025-05-26
cx88fd7df7ddff82f7cc735c871dc519838cb235bb,cx21e94c08c03daee80c25d8ee3ea22a20786ec231,hxd75467e3e4ce64e3424c747dfb71503017440433,0x637bb6d134baa0e2b,0x1bf782f6bd579d8b65d99d486f29b1b6d0a63922589027cbdf2f05aa0f92ec86,9,97800004,114.69638786462949,1748295929002441,Balanced Dollar,0.1700009625,bnUSD,0,1,2025-05-26
cx88fd7df7ddff82f7cc735c871dc519838cb235bb,cxa0af3165c08318e988cb30993b3048335b94af6c,cx5faae53c4dbd1fbe4a2eb4aab6565030f10da5c6,0x264fcb9aa1cfc5d,0x1bf782f6bd579d8b65d99d486f29b1b6d0a63922589027cbdf2f05aa0f92ec86,7,97800004,0.1725405601000971,1748295929002441,Balanced Dollar,0.1700009625,bnUSD,0,1,2025-05-26
cx88fd7df7ddff82f7cc735c871dc519838cb235bb,cxa0af3165c08318e988cb30993b3048335b94af6c,cx21e94c08c03daee80c25d8ee3ea22a20786ec231,0x637bb6d134baa0e2b,0x1bf782f6bd579d8b65d99d486f29b1b6d0a63922589027cbdf2f05aa0f92ec86,6,97800004,114.69638786462949,1748295929002441,Balanced Dollar,0.1700009625,bnUSD,0,1,2025-05-26
cx2609b924e33ef00b648a409245c7ea394c467824,cx21e94c08c03daee80c25d8ee3ea22a20786ec231,cxa0af3165c08318e988cb30993b3048335b94af6c,0x28f167bbbdbecadcca,0x1bf782f6bd579d8b65d99d486f29b1b6d0a63922589027cbdf2f05aa0f92ec86,5,97800004,755.264841457748,1748295929002441,Staked ICX,0.1700009625,sICX,0,1,2025-05-26
cx2609b924e33ef00b648a409245c7ea394c467824,cxa0af3165c08318e988cb30993b3048335b94af6c,cx5faae53c4dbd1fbe4a2eb4aab6565030f10da5c6,0xfbfc5bd2a92380b,0x1bf782f6bd579d8b65d99d486f29b1b6d0a63922589027cbdf2f05aa0f92ec86,3,97800004,1.134843047374371,1748295929002441,Staked ICX,0.1700009625,sICX,0,1,2025-05-26
cx2609b924e33ef00b648a409245c7ea394c467824,cxa0af3165c08318e988cb30993b3048335b94af6c,cx21e94c08c03daee80c25d8ee3ea22a20786ec231,0x28f167bbbdbecadcca,0x1bf782f6bd579d8b65d99d486f29b1b6d0a63922589027cbdf2f05aa0f92ec86,2,97800004,755.264841457748,1748295929002441,Staked ICX,0.1700009625,sICX,0,1,2025-05-26
cx518f64edcd35db9044a2de63fdc10abfd5f7d611,cx21e94c08c03daee80c25d8ee3ea22a20786ec231,cxa0af3165c08318e988cb30993b3048335b94af6c,0xee6b2800,0x1bf782f6bd579d8b65d99d486f29b1b6d0a63922589027cbdf2f05aa0f92ec86,1,97800004,400.0,1748295929002441,Stellar,0.1700009625,XLM,0,1,2025-05-26
cx518f64edcd35db9044a2de63fdc10abfd5f7d611,hxd75467e3e4ce64e3424c747dfb71503017440433,cx21e94c08c03daee80c25d8ee3ea22a20786ec231,0xee6b2800,0x1bf782f6bd579d8b65d99d486f29b1b6d0a63922589027cbdf2f05aa0f92ec86,0,97800004,400.0,1748295929002441,Stellar,0.1700009625,XLM,0,1,2025-05-26
cx2609b924e33ef00b648a409245c7ea394c467824,cx43e2eec79eb76293c298f2b17aec06097be606e0,hx0000000000000000000000000000000000000000,0x19344dd0e7d22dc0006,0xf0419e37b8e9e94cfe9e91ee701164a6d98af05b9fc54271d020f5054c09e777,1,97799980,7439.0,1748295880979870,Staked ICX,0.089073925,sICX,0,1,2025-05-26
cx2609b924e33ef00b648a409245c7ea394c467824,hx970eda4988e547df0de8324226fdf3e8ebc9734f,cx43e2eec79eb76293c298f2b17aec06097be606e0,0x19344dd0e7d22dc0006,0xf0419e37b8e9e94cfe9e91ee701164a6d98af05b9fc54271d020f5054c09e777,0,97799980,7439.0,1748295880979870,Staked ICX,0.089073925,sICX,0,1,2025-05-26
cx2609b924e33ef00b648a409245c7ea394c467824,cx21e94c08c03daee80c25d8ee3ea22a20786ec231,hx970eda4988e547df0de8324226fdf3e8ebc9734f,0x19344dd0e7d22dc0006,0x3f133b1b51374d43b53a1c14788941777eca0cd4355685f6e6eb04614405a937,6,97799969,7439.0,1748295859222373,Staked ICX,0.1721983625,sICX,0,1,2025-05-26
cx88fd7df7ddff82f7cc735c871dc519838cb235bb,cxa0af3165c08318e988cb30993b3048335b94af6c,cx5faae53c4dbd1fbe4a2eb4aab6565030f10da5c6,0x17a1d042230faf0c,0x3f133b1b51374d43b53a1c14788941777eca0cd4355685f6e6eb04614405a937,3,97799969,1.7028711165974075,1748295859222373,Balanced Dollar,0.1721983625,bnUSD,0,1,2025-05-26
cx2609b924e33ef00b648a409245c7ea394c467824,cxa0af3165c08318e988cb30993b3048335b94af6c,cx21e94c08c03daee80c25d8ee3ea22a20786ec231,0x19344dd0e7d22dc0006,0x3f133b1b51374d43b53a1c14788941777eca0cd4355685f6e6eb04614405a937,2,97799969,7439.0,1748295859222373,Staked ICX,0.1721983625,sICX,0,1,2025-05-26
cx88fd7df7ddff82f7cc735c871dc519838cb235bb,cx21e94c08c03daee80c25d8ee3ea22a20786ec231,cxa0af3165c08318e988cb30993b3048335b94af6c,0x3d8ab90190a38284cd,0x3f133b1b51374d43b53a1c14788941777eca0cd4355685f6e6eb04614405a937,1,97799969,1135.2474110649384,1748295859222373,Balanced Dollar,0.1721983625,bnUSD,0,1,2025-05-26
cx88fd7df7ddff82f7cc735c871dc519838cb235bb,hx970eda4988e547df0de8324226fdf3e8ebc9734f,cx21e94c08c03daee80c25d8ee3ea22a20786ec231,0x3d8ab90190a38284cd,0x3f133b1b51374d43b53a1c14788941777eca0cd4355685f6e6eb04614405a937,0,97799969,1135.2474110649384,1748295859222373,Balanced Dollar,0.1721983625,bnUSD,0,1,2025-05-26
cx88fd7df7ddff82f7cc735c871dc519838cb235bb,cx21e94c08c03daee80c25d8ee3ea22a20786ec231,hxd75467e3e4ce64e3424c747dfb71503017440433,0x63849d8cae757a1ac,0x73c82f23bb89e2bc779cdb86f3350fb05d3a4463199d4c435383eb87368fc79a,9,97799892,114.73647574765742,1748295704930830,Balanced Dollar,0.16999965,bnUSD,0,1,2025-05-26
cx88fd7df7ddff82f7cc735c871dc519838cb235bb,cxa0af3165c08318e988cb30993b3048335b94af6c,cx5faae53c4dbd1fbe4a2eb4aab6565030f10da5c6,0x265338b26576304,0x73c82f23bb89e2bc779cdb86f3350fb05d3a4463199d4c435383eb87368fc79a,7,97799892,0.17260083346036403,1748295704930830,Balanced Dollar,0.16999965,bnUSD,0,1,2025-05-26
cx88fd7df7ddff82f7cc735c871dc519838cb235bb,cxa0af3165c08318e988cb30993b3048335b94af6c,cx21e94c08c03daee80c25d8ee3ea22a20786ec231,0x63849d8cae757a1ac,0x73c82f23bb89e2bc779cdb86f3350fb05d3a4463199d4c435383eb87368fc79a,6,97799892,114.73647574765742,1748295704930830,Balanced Dollar,0.16999965,bnUSD,0,1,2025-05-26
cx2609b924e33ef00b648a409245c7ea394c467824,cx21e94c08c03daee80c25d8ee3ea22a20786ec231,cxa0af3165c08318e988cb30993b3048335b94af6c,0x290c726270474833f0,0x73c82f23bb89e2bc779cdb86f3350fb05d3a4463199d4c435383eb87368fc79a,5,97799892,757.2133945322636,1748295704930830,Staked ICX,0.16999965,sICX,0,1,2025-05-26
cx2609b924e33ef00b648a409245c7ea394c467824,cxa0af3165c08318e988cb30993b3048335b94af6c,cx5faae53c4dbd1fbe4a2eb4aab6565030f10da5c6,0xfca2ae1f1aa2e51,0x73c82f23bb89e2bc779cdb86f3350fb05d3a4463199d4c435383eb87368fc79a,3,97799892,1.1377690057749417,1748295704930830,Staked ICX,0.16999965,sICX,0,1,2025-05-26
cx2609b924e33ef00b648a409245c7ea394c467824,cxa0af3165c08318e988cb30993b3048335b94af6c,cx21e94c08c03daee80c25d8ee3ea22a20786ec231,0x290c726270474833f0,0x73c82f23bb89e2bc779cdb86f3350fb05d3a4463199d4c435383eb87368fc79a,2,97799892,757.2133945322636,1748295704930830,Staked ICX,0.16999965,sICX,0,1,2025-05-26
cx518f64edcd35db9044a2de63fdc10abfd5f7d611,cx21e94c08c03daee80c25d8ee3ea22a20786ec231,cxa0af3165c08318e988cb30993b3048335b94af6c,0xee6b2800,0x73c82f23bb89e2bc779cdb86f3350fb05d3a4463199d4c435383eb87368fc79a,1,97799892,400.0,1748295704930830,Stellar,0.16999965,XLM,0,1,2025-05-26
cx518f64edcd35db9044a2de63fdc10abfd5f7d611,hxd75467e3e4ce64e3424c747dfb71503017440433,cx21e94c08c03daee80c25d8ee3ea22a20786ec231,0xee6b2800,0x73c82f23bb89e2bc779cdb86f3350fb05d3a4463199d4c435383eb87368fc79a,0,97799892,400.0,1748295704930830,Stellar,0.16999965,XLM,0,1,2025-05-26
cxf61cd5a45dc9f91c15aa65831a30a90d59a09619,cx9345f80d6c98357ccbb70392b14162199c2c5f66,cxd82fb5d3effecd8c9071a4bba3856ad7222c4b91,0x2f1ace24ffb9eca8,0xb58347edf7d2cbb9f8294ad9b536c80367893e1a1b73f8f83862963be6d5fbdb,4,97799828,3.3942519274816094,1748295576859308,Balance Token,0.1377635125,BALN,0,1,2025-05-26
cx2609b924e33ef00b648a409245c7ea394c467824,cx9345f80d6c98357ccbb70392b14162199c2c5f66,cxd82fb5d3effecd8c9071a4bba3856ad7222c4b91,0x315ebf84032f45b08,0xb58347edf7d2cbb9f8294ad9b536c80367893e1a1b73f8f83862963be6d5fbdb,3,97799828,56.919861270068616,1748295576859308,Staked ICX,0.1377635125,sICX,0,1,2025-05-26
cx88fd7df7ddff82f7cc735c871dc519838cb235bb,hx0000000000000000000000000000000000000000,cx5faae53c4dbd1fbe4a2eb4aab6565030f10da5c6,0x0,0xb58347edf7d2cbb9f8294ad9b536c80367893e1a1b73f8f83862963be6d5fbdb,2,97799828,0.0,1748295576859308,Balanced Dollar,0.1377635125,bnUSD,0,1,2025-05-26
cx88fd7df7ddff82f7cc735c871dc519838cb235bb,hx0000000000000000000000000000000000000000,cxd82fb5d3effecd8c9071a4bba3856ad7222c4b91,0x4bb3c275f386a4fd,0xb58347edf7d2cbb9f8294ad9b536c80367893e1a1b73f8f83862963be6d5fbdb,1,97799828,5.454917385528453,1748295576859308,Balanced Dollar,0.1377635125,bnUSD,0,1,2025-05-26
cx2609b924e33ef00b648a409245c7ea394c467824,cx21e94c08c03daee80c25d8ee3ea22a20786ec231,hx2debd9ec927cca1639da8d3518dd9dbf1cdfb357,0xa2a0fd2936e86eaac0,0xa8e337604ba98e6fc2a3b25e92965e767f68f2ca511714d4bd8ecd72574ea67e,5,97799789,2999.973013471928,1748295498860585,Staked ICX,0.1127098125,sICX,0,1,2025-05-26
cx88fd7df7ddff82f7cc735c871dc519838cb235bb,cxa0af3165c08318e988cb30993b3048335b94af6c,cx5faae53c4dbd1fbe4a2eb4aab6565030f10da5c6,0x9841f7855e6ef54,0xa8e337604ba98e6fc2a3b25e92965e767f68f2ca511714d4bd8ecd72574ea67e,3,97799789,0.6857076449648924,1748295498860585,Balanced Dollar,0.1127098125,bnUSD,0,1,2025-05-26
cx2609b924e33ef00b648a409245c7ea394c467824,cxa0af3165c08318e988cb30993b3048335b94af6c,cx21e94c08c03daee80c25d8ee3ea22a20786ec231,0xa2a0fd2936e86eaac0,0xa8e337604ba98e6fc2a3b25e92965e767f68f2ca511714d4bd8ecd72574ea67e,2,97799789,2999.973013471928,1748295498860585,Staked ICX,0.1127098125,sICX,0,1,2025-05-26
cx88fd7df7ddff82f7cc735c871dc519838cb235bb,cx21e94c08c03daee80c25d8ee3ea22a20786ec231,cxa0af3165c08318e988cb30993b3048335b94af6c,0x18c811f40a5eb9eac0,0xa8e337604ba98e6fc2a3b25e92965e767f68f2ca511714d4bd8ecd72574ea67e,1,97799789,457.138429976595,1748295498860585,Balanced Dollar,0.1127098125,bnUSD,0,1,2025-05-26
cx88fd7df7ddff82f7cc735c871dc519838cb235bb,hx2debd9ec927cca1639da8d3518dd9dbf1cdfb357,cx21e94c08c03daee80c25d8ee3ea22a20786ec231,0x18c811f40a5eb9eac0,0xa8e337604ba98e6fc2a3b25e92965e767f68f2ca511714d4bd8ecd72574ea67e,0,97799789,457.138429976595,1748295498860585,Balanced Dollar,0.1127098125,bnUSD,0,1,2025-05-26
cx88fd7df7ddff82f7cc735c871dc519838cb235bb,hx0000000000000000000000000000000000000000,cx5faae53c4dbd1fbe4a2eb4aab6565030f10da5c6,0x5489b4f17470b07,0xf389f63765c9114f8f3db5d004f970011edd72f89e8004eface65d2715419abb,9,97799780,0.38072493250806044,1748295480839758,Balanced Dollar,0.1167024625,bnUSD,0,2,2025-05-26
cx88fd7df7ddff82f7cc735c871dc519838cb235bb,hx0000000000000000000000000000000000000000,cx66d4d90f5f113eba575bf793570135f9b10cece1,0xa51cf567976c18a79,0xf389f63765c9114f8f3db5d004f970011edd72f89e8004eface65d2715419abb,0,97799780,190.3624662540302,1748295480839758,Balanced Dollar,0.1167024625,bnUSD,0,2,2025-05-26
cx2609b924e33ef00b648a409245c7ea394c467824,cx21e94c08c03daee80c25d8ee3ea22a20786ec231,hx2debd9ec927cca1639da8d3518dd9dbf1cdfb357,0xa2a0fd293526c90bcf,0x7884cf562c7c9822a76ffca9ee97b6193a3744f33a8fcdb5493d507bd00e0aff,5,97799778,2999.973013464384,1748295476826649,Staked ICX,0.1127098125,sICX,0,1,2025-05-26
cx88fd7df7ddff82f7cc735c871dc519838cb235bb,cxa0af3165c08318e988cb30993b3048335b94af6c,cx5faae53c4dbd1fbe4a2eb4aab6565030f10da5c6,0x981b0f9b36af124,0x7884cf562c7c9822a76ffca9ee97b6193a3744f33a8fcdb5493d507bd00e0aff,3,97799778,0.6850232048405015,1748295476826649,Balanced Dollar,0.1127098125,bnUSD,0,1,2025-05-26
cx2609b924e33ef00b648a409245c7ea394c467824,cxa0af3165c08318e988cb30993b3048335b94af6c,cx21e94c08c03daee80c25d8ee3ea22a20786ec231,0xa2a0fd293526c90bcf,0x7884cf562c7c9822a76ffca9ee97b6193a3744f33a8fcdb5493d507bd00e0aff,2,97799778,2999.973013464384,1748295476826649,Staked ICX,0.1127098125,sICX,0,1,2025-05-26
cx88fd7df7ddff82f7cc735c871dc519838cb235bb,cx21e94c08c03daee80c25d8ee3ea22a20786ec231,cxa0af3165c08318e988cb30993b3048335b94af6c,0x18c1bcdf9891294dc0,0x7884cf562c7c9822a76ffca9ee97b6193a3744f33a8fcdb5493d507bd00e0aff,1,97799778,456.68213656033436,1748295476826649,Balanced Dollar,0.1127098125,bnUSD,0,1,2025-05-26
cx88fd7df7ddff82f7cc735c871dc519838cb235bb,hx2debd9ec927cca1639da8d3518dd9dbf1cdfb357,cx21e94c08c03daee80c25d8ee3ea22a20786ec231,0x18c1bcdf9891294dc0,0x7884cf562c7c9822a76ffca9ee97b6193a3744f33a8fcdb5493d507bd00e0aff,0,97799778,456.68213656033436,1748295476826649,Balanced Dollar,0.1127098125,bnUSD,0,1,2025-05-26
cx88fd7df7ddff82f7cc735c871dc519838cb235bb,cx21e94c08c03daee80c25d8ee3ea22a20786ec231,hx970eda4988e547df0de8324226fdf3e8ebc9734f,0x6c6b935b8bbd400000,0xce737036fbd5a7b6efed9f211f01a34ae61ab56619599d2a0b65c378e73cf5c9,1,97799777,2000.0,1748295474848906,Balanced Dollar,0.035591875,bnUSD,0,2,2025-05-26
cx2609b924e33ef00b648a409245c7ea394c467824,cx21e94c08c03daee80c25d8ee3ea22a20786ec231,hx2debd9ec927cca1639da8d3518dd9dbf1cdfb357,0xa2a0fd2933b3659eab,0x07ef34b49fb8f497c5d2fb23a2f60d4b4a4ba797ba9fbb5549e8acd40c38d601,5,97799762,2999.9730134581537,1748295444831085,Staked ICX,0.1127098125,sICX,0,1,2025-05-26
cx88fd7df7ddff82f7cc735c871dc519838cb235bb,cxa0af3165c08318e988cb30993b3048335b94af6c,cx5faae53c4dbd1fbe4a2eb4aab6565030f10da5c6,0x97f43697bcefe54,0x07ef34b49fb8f497c5d2fb23a2f60d4b4a4ba797ba9fbb5549e8acd40c38d601,3,97799762,0.6843397887113949,1748295444831085,Balanced Dollar,0.1127098125,bnUSD,0,1,2025-05-26
cx2609b924e33ef00b648a409245c7ea394c467824,cxa0af3165c08318e988cb30993b3048335b94af6c,cx21e94c08c03daee80c25d8ee3ea22a20786ec231,0xa2a0fd2933b3659eab,0x07ef34b49fb8f497c5d2fb23a2f60d4b4a4ba797ba9fbb5549e8acd40c38d601,2,97799762,2999.9730134581537,1748295444831085,Staked ICX,0.1127098125,sICX,0,1,2025-05-26
cx88fd7df7ddff82f7cc735c871dc519838cb235bb,cx21e94c08c03daee80c25d8ee3ea22a20786ec231,cxa0af3165c08318e988cb30993b3048335b94af6c,0x18bb6a3807c060fac0,0x07ef34b49fb8f497c5d2fb23a2f60d4b4a4ba797ba9fbb5549e8acd40c38d601,1,97799762,456.2265258075966,1748295444831085,Balanced Dollar,0.1127098125,bnUSD,0,1,2025-05-26
cx88fd7df7ddff82f7cc735c871dc519838cb235bb,hx2debd9ec927cca1639da8d3518dd9dbf1cdfb357,cx21e94c08c03daee80c25d8ee3ea22a20786ec231,0x18bb6a3807c060fac0,0x07ef34b49fb8f497c5d2fb23a2f60d4b4a4ba797ba9fbb5549e8acd40c38d601,0,97799762,456.2265258075966,1748295444831085,Balanced Dollar,0.1127098125,bnUSD,0,1,2025-05-26
cx2609b924e33ef00b648a409245c7ea394c467824,cx21e94c08c03daee80c25d8ee3ea22a20786ec231,hx2debd9ec927cca1639da8d3518dd9dbf1cdfb357,0xa2a0fd2932434c1c0b,0xb82d954897f26dc33d02696cc123a09bbdfbe34d7b1d3208dbebb740f1daac6f,5,97799758,2999.9730134519777,1748295436841181,Staked ICX,0.1127098125,sICX,0,1,2025-05-26
cx88fd7df7ddff82f7cc735c871dc519838cb235bb,cxa0af3165c08318e988cb30993b3048335b94af6c,cx5faae53c4dbd1fbe4a2eb4aab6565030f10da5c6,0x97cd6c7356168cd,0xb82d954897f26dc33d02696cc123a09bbdfbe34d7b1d3208dbebb740f1daac6f,3,97799758,0.683657394535885,1748295436841181,Balanced Dollar,0.1127098125,bnUSD,0,1,2025-05-26
cx2609b924e33ef00b648a409245c7ea394c467824,cxa0af3165c08318e988cb30993b3048335b94af6c,cx21e94c08c03daee80c25d8ee3ea22a20786ec231,0xa2a0fd2932434c1c0b,0xb82d954897f26dc33d02696cc123a09bbdfbe34d7b1d3208dbebb740f1daac6f,2,97799758,2999.9730134519777,1748295436841181,Staked ICX,0.1127098125,sICX,0,1,2025-05-26
cx88fd7df7ddff82f7cc735c871dc519838cb235bb,cx21e94c08c03daee80c25d8ee3ea22a20786ec231,cxa0af3165c08318e988cb30993b3048335b94af6c,0x18b519fc1b0300eb30,0xb82d954897f26dc33d02696cc123a09bbdfbe34d7b1d3208dbebb740f1daac6f,1,97799758,455.77159635725667,1748295436841181,Balanced Dollar,0.1127098125,bnUSD,0,1,2025-05-26
cx88fd7df7ddff82f7cc735c871dc519838cb235bb,hx2debd9ec927cca1639da8d3518dd9dbf1cdfb357,cx21e94c08c03daee80c25d8ee3ea22a20786ec231,0x18b519fc1b0300eb30,0xb82d954897f26dc33d02696cc123a09bbdfbe34d7b1d3208dbebb740f1daac6f,0,97799758,455.77159635725667,1748295436841181,Balanced Dollar,0.1127098125,bnUSD,0,1,2025-05-26
cx518f64edcd35db9044a2de63fdc10abfd5f7d611,hx0000000000000000000000000000000000000000,cx66d4d90f5f113eba575bf793570135f9b10cece1,0x2c0e0e9e0,0x2d8f438c45dd2c7dbbfddf470097bb569605fbdd5b2db310e83f39ac7b20ae09,1,97799744,1182.59,1748295409008821,Stellar,0.0356816375,XLM,0,1,2025-05-26
cx518f64edcd35db9044a2de63fdc10abfd5f7d611,cx21e94c08c03daee80c25d8ee3ea22a20786ec231,hx0000000000000000000000000000000000000000,0x2c7f500c6,0x71596f0301d7ef8c9a25bee5564b14933a6c81ba6e3550da87206a9fd8dde1d1,12,97799686,1194.4657094,1748295291590077,Stellar,0.1765515,XLM,0,1,2025-05-26
cx2609b924e33ef00b648a409245c7ea394c467824,cxa0af3165c08318e988cb30993b3048335b94af6c,cx5faae53c4dbd1fbe4a2eb4aab6565030f10da5c6,0x2f3b7249c9a7bd4b,0x71596f0301d7ef8c9a25bee5564b14933a6c81ba6e3550da87206a9fd8dde1d1,8,97799686,3.4034396046499342,1748295291590077,Staked ICX,0.1765515,sICX,0,1,2025-05-26
cx518f64edcd35db9044a2de63fdc10abfd5f7d611,cxa0af3165c08318e988cb30993b3048335b94af6c,cx21e94c08c03daee80c25d8ee3ea22a20786ec231,0x2c7f500c6,0x71596f0301d7ef8c9a25bee5564b14933a6c81ba6e3550da87206a9fd8dde1d1,7,97799686,1194.4657094,1748295291590077,Stellar,0.1765515,XLM,0,1,2025-05-26
cx2609b924e33ef00b648a409245c7ea394c467824,cx21e94c08c03daee80c25d8ee3ea22a20786ec231,cxa0af3165c08318e988cb30993b3048335b94af6c,0x7b00244ad27a279eab,0x71596f0301d7ef8c9a25bee5564b14933a6c81ba6e3550da87206a9fd8dde1d1,6,97799686,2268.9597364332894,1748295291590077,Staked ICX,0.1765515,sICX,0,1,2025-05-26
cx2609b924e33ef00b648a409245c7ea394c467824,cxa0af3165c08318e988cb30993b3048335b94af6c,cx5faae53c4dbd1fbe4a2eb4aab6565030f10da5c6,0x2f5b2af08aedf51b,0x71596f0301d7ef8c9a25bee5564b14933a6c81ba6e3550da87206a9fd8dde1d1,4,97799686,3.412368355274651,1748295291590077,Staked ICX,0.1765515,sICX,0,1,2025-05-26
cx2609b924e33ef00b648a409245c7ea394c467824,cxa0af3165c08318e988cb30993b3048335b94af6c,cx21e94c08c03daee80c25d8ee3ea22a20786ec231,0x7b00244ad27a279eab,0x71596f0301d7ef8c9a25bee5564b14933a6c81ba6e3550da87206a9fd8dde1d1,3,97799686,2268.9597364332894,1748295291590077,Staked ICX,0.1765515,sICX,0,1,2025-05-26
cx3975b43d260fb8ec802cef6e60c2f4d07486f11d,cx21e94c08c03daee80c25d8ee3ea22a20786ec231,cxa0af3165c08318e988cb30993b3048335b94af6c,0xa55740b8684d680000,0x71596f0301d7ef8c9a25bee5564b14933a6c81ba6e3550da87206a9fd8dde1d1,2,97799686,3050.0,1748295291590077,Wrapped ICX,0.1765515,wICX,0,1,2025-05-26
cx3975b43d260fb8ec802cef6e60c2f4d07486f11d,hxf302ee867340f9d60982b76d23bab582e473a26b,cx21e94c08c03daee80c25d8ee3ea22a20786ec231,0xa55740b8684d680000,0x71596f0301d7ef8c9a25bee5564b14933a6c81ba6e3550da87206a9fd8dde1d1,1,97799686,3050.0,1748295291590077,Wrapped ICX,0.1765515,wICX,0,1,2025-05-26
cx3975b43d260fb8ec802cef6e60c2f4d07486f11d,hx0000000000000000000000000000000000000000,hxf302ee867340f9d60982b76d23bab582e473a26b,0xa55740b8684d680000,0x71596f0301d7ef8c9a25bee5564b14933a6c81ba6e3550da87206a9fd8dde1d1,0,97799686,3050.0,1748295291590077,Wrapped ICX,0.1765515,wICX,0,1,2025-05-26
cx2609b924e33ef00b648a409245c7ea394c467824,cx21e94c08c03daee80c25d8ee3ea22a20786ec231,hx2debd9ec927cca1639da8d3518dd9dbf1cdfb357,0xa2a0fd2930c075ae3f,0xa899cb2023450529dd9f0f441510a52745b00cc71b7dd986088959f110cf373a,5,97799624,2999.9730134454876,1748295166229559,Staked ICX,0.1127098125,sICX,0,1,2025-05-26
cx88fd7df7ddff82f7cc735c871dc519838cb235bb,cxa0af3165c08318e988cb30993b3048335b94af6c,cx5faae53c4dbd1fbe4a2eb4aab6565030f10da5c6,0x97a6b1266c13196,0xa899cb2023450529dd9f0f441510a52745b00cc71b7dd986088959f110cf373a,3,97799624,0.682976020277572,1748295166229559,Balanced Dollar,0.1127098125,bnUSD,0,1,2025-05-26
cx2609b924e33ef00b648a409245c7ea394c467824,cxa0af3165c08318e988cb30993b3048335b94af6c,cx21e94c08c03daee80c25d8ee3ea22a20786ec231,0xa2a0fd2930c075ae3f,0xa899cb2023450529dd9f0f441510a52745b00cc71b7dd986088959f110cf373a,2,97799624,2999.9730134454876,1748295166229559,Staked ICX,0.1127098125,sICX,0,1,2025-05-26
cx88fd7df7ddff82f7cc735c871dc519838cb235bb,cx21e94c08c03daee80c25d8ee3ea22a20786ec231,cxa0af3165c08318e988cb30993b3048335b94af6c,0x18aecc2a9641c676a0,0xa899cb2023450529dd9f0f441510a52745b00cc71b7dd986088959f110cf373a,1,97799624,455.31734685171466,1748295166229559,Balanced Dollar,0.1127098125,bnUSD,0,1,2025-05-26
cx88fd7df7ddff82f7cc735c871dc519838cb235bb,hx2debd9ec927cca1639da8d3518dd9dbf1cdfb357,cx21e94c08c03daee80c25d8ee3ea22a20786ec231,0x18aecc2a9641c676a0,0xa899cb2023450529dd9f0f441510a52745b00cc71b7dd986088959f110cf373a,0,97799624,455.31734685171466,1748295166229559,Balanced Dollar,0.1127098125,bnUSD,0,1,2025-05-26
cx65c9e3d4fea842e00add0d32a5b4c5e4e04c7a6b,cx21e94c08c03daee80c25d8ee3ea22a20786ec231,hx0000000000000000000000000000000000000000,0x2fc26449,0x5ae2ad6cfd17500fd973898be82758dc1d9840149bfe6a330ed024758c95738a,21,97799296,0.801268809,1748294508825785,Solana,0.273014025,SOL,0,1,2025-05-26
cx88fd7df7ddff82f7cc735c871dc519838cb235bb,cxa0af3165c08318e988cb30993b3048335b94af6c,cx5faae53c4dbd1fbe4a2eb4aab6565030f10da5c6,0x2f1be215067c365,0x5ae2ad6cfd17500fd973898be82758dc1d9840149bfe6a330ed024758c95738a,17,97799296,0.2121597077552997,1748294508825785,Balanced Dollar,0.273014025,bnUSD,0,1,2025-05-26
cx65c9e3d4fea842e00add0d32a5b4c5e4e04c7a6b,cxa0af3165c08318e988cb30993b3048335b94af6c,cx21e94c08c03daee80c25d8ee3ea22a20786ec231,0x2fc26449,0x5ae2ad6cfd17500fd973898be82758dc1d9840149bfe6a330ed024758c95738a,16,97799296,0.801268809,1748294508825785,Solana,0.273014025,SOL,0,1,2025-05-26
cx88fd7df7ddff82f7cc735c871dc519838cb235bb,cx21e94c08c03daee80c25d8ee3ea22a20786ec231,cxa0af3165c08318e988cb30993b3048335b94af6c,0x7aadf216c0e3782df,0x5ae2ad6cfd17500fd973898be82758dc1d9840149bfe6a330ed024758c95738a,15,97799296,141.4398051701998,1748294508825785,Balanced Dollar,0.273014025,bnUSD,0,1,2025-05-26
cx88fd7df7ddff82f7cc735c871dc519838cb235bb,cx203d9cd2a669be67177e997b8948ce2c35caffae,cx835b300dcfe01f0bdb794e134a0c5628384f4367,0xc2a4eb16e847d79,0x5ae2ad6cfd17500fd973898be82758dc1d9840149bfe6a330ed024758c95738a,12,97799296,0.8765996014473373,1748294508825785,Balanced Dollar,0.273014025,bnUSD,0,1,2025-05-26
cx88fd7df7ddff82f7cc735c871dc519838cb235bb,cx5faae53c4dbd1fbe4a2eb4aab6565030f10da5c6,cx203d9cd2a669be67177e997b8948ce2c35caffae,0x116102b454bd4589,0x5ae2ad6cfd17500fd973898be82758dc1d9840149bfe6a330ed024758c95738a,10,97799296,1.2522851449247676,1748294508825785,Balanced Dollar,0.273014025,bnUSD,0,1,2025-05-26
cx88fd7df7ddff82f7cc735c871dc519838cb235bb,cx5faae53c4dbd1fbe4a2eb4aab6565030f10da5c6,cxdc30a0d3a1f131565c071272a20bc0b06fd4c17b,0x116102b454bd4589,0x5ae2ad6cfd17500fd973898be82758dc1d9840149bfe6a330ed024758c95738a,9,97799296,1.2522851449247676,1748294508825785,Balanced Dollar,0.273014025,bnUSD,0,1,2025-05-26
cx88fd7df7ddff82f7cc735c871dc519838cb235bb,cxa0af3165c08318e988cb30993b3048335b94af6c,cx5faae53c4dbd1fbe4a2eb4aab6565030f10da5c6,0x2f3e49e3a076b67,0x5ae2ad6cfd17500fd973898be82758dc1d9840149bfe6a330ed024758c95738a,8,97799296,0.21276497564607574,1748294508825785,Balanced Dollar,0.273014025,bnUSD,0,1,2025-05-26
cx88fd7df7ddff82f7cc735c871dc519838cb235bb,cxa0af3165c08318e988cb30993b3048335b94af6c,cx21e94c08c03daee80c25d8ee3ea22a20786ec231,0x7aadf216c0e3782df,0x5ae2ad6cfd17500fd973898be82758dc1d9840149bfe6a330ed024758c95738a,7,97799296,141.4398051701998,1748294508825785,Balanced Dollar,0.273014025,bnUSD,0,1,2025-05-26
cx2609b924e33ef00b648a409245c7ea394c467824,cx21e94c08c03daee80c25d8ee3ea22a20786ec231,cxa0af3165c08318e988cb30993b3048335b94af6c,0x32d7463b82e70664bb,0x5ae2ad6cfd17500fd973898be82758dc1d9840149bfe6a330ed024758c95738a,6,97799296,937.8493550854096,1748294508825785,Staked ICX,0.273014025,sICX,0,1,2025-05-26
cx2609b924e33ef00b648a409245c7ea394c467824,cxa0af3165c08318e988cb30993b3048335b94af6c,cx5faae53c4dbd1fbe4a2eb4aab6565030f10da5c6,0x13941b8f4789c5ac,0x5ae2ad6cfd17500fd973898be82758dc1d9840149bfe6a330ed024758c95738a,4,97799296,1.4107828854682924,1748294508825785,Staked ICX,0.273014025,sICX,0,1,2025-05-26
cx2609b924e33ef00b648a409245c7ea394c467824,cxa0af3165c08318e988cb30993b3048335b94af6c,cx21e94c08c03daee80c25d8ee3ea22a20786ec231,0x32d7463b82e70664bb,0x5ae2ad6cfd17500fd973898be82758dc1d9840149bfe6a330ed024758c95738a,3,97799296,937.8493550854096,1748294508825785,Staked ICX,0.273014025,sICX,0,1,2025-05-26
cx3975b43d260fb8ec802cef6e60c2f4d07486f11d,cx21e94c08c03daee80c25d8ee3ea22a20786ec231,cxa0af3165c08318e988cb30993b3048335b94af6c,0x444e033c3be0300000,0x5ae2ad6cfd17500fd973898be82758dc1d9840149bfe6a330ed024758c95738a,2,97799296,1260.0,1748294508825785,Wrapped ICX,0.273014025,wICX,0,1,2025-05-26
cx3975b43d260fb8ec802cef6e60c2f4d07486f11d,hx5b10ae9827b1562596a0db32b6f9410e15e84411,cx21e94c08c03daee80c25d8ee3ea22a20786ec231,0x444e033c3be0300000,0x5ae2ad6cfd17500fd973898be82758dc1d9840149bfe6a330ed024758c95738a,1,97799296,1260.0,1748294508825785,Wrapped ICX,0.273014025,wICX,0,1,2025-05-26
cx3975b43d260fb8ec802cef6e60c2f4d07486f11d,hx0000000000000000000000000000000000000000,hx5b10ae9827b1562596a0db32b6f9410e15e84411,0x444e033c3be0300000,0x5ae2ad6cfd17500fd973898be82758dc1d9840149bfe6a330ed024758c95738a,0,97799296,1260.0,1748294508825785,Wrapped ICX,0.273014025,wICX,0,1,2025-05-26
cx3975b43d260fb8ec802cef6e60c2f4d07486f11d,hx5b10ae9827b1562596a0db32b6f9410e15e84411,hx0000000000000000000000000000000000000000,0x3d694dc29bd210f99b,0xb915c44dd004790d5206817f79b013a7d093ed696ac3b42bf8d451436367d3e1,13,97799200,1132.8393234179719,1748294315701503,Wrapped ICX,0.2895862875,wICX,0,1,2025-05-26
cx3975b43d260fb8ec802cef6e60c2f4d07486f11d,cx21e94c08c03daee80c25d8ee3ea22a20786ec231,hx5b10ae9827b1562596a0db32b6f9410e15e84411,0x3d694dc29bd210f99b,0xb915c44dd004790d5206817f79b013a7d093ed696ac3b42bf8d451436367d3e1,12,97799200,1132.8393234179719,1748294315701503,Wrapped ICX,0.2895862875,wICX,0,1,2025-05-26
cx2609b924e33ef00b648a409245c7ea394c467824,cx203d9cd2a669be67177e997b8948ce2c35caffae,cx835b300dcfe01f0bdb794e134a0c5628384f4367,0x178a9b6122a315ee,0xb915c44dd004790d5206817f79b013a7d093ed696ac3b42bf8d451436367d3e1,9,97799200,1.6963390511536593,1748294315701503,Staked ICX,0.2895862875,sICX,0,1,2025-05-26
cx2609b924e33ef00b648a409245c7ea394c467824,cx5faae53c4dbd1fbe4a2eb4aab6565030f10da5c6,cx203d9cd2a669be67177e997b8948ce2c35caffae,0x21a170419f321f55,0xb915c44dd004790d5206817f79b013a7d093ed696ac3b42bf8d451436367d3e1,6,97799200,2.423341501648085,1748294315701503,Staked ICX,0.2895862875,sICX,0,1,2025-05-26
cx2609b924e33ef00b648a409245c7ea394c467824,cx5faae53c4dbd1fbe4a2eb4aab6565030f10da5c6,cxdc30a0d3a1f131565c071272a20bc0b06fd4c17b,0x21a170419f321f55,0xb915c44dd004790d5206817f79b013a7d093ed696ac3b42bf8d451436367d3e1,4,97799200,2.423341501648085,1748294315701503,Staked ICX,0.2895862875,sICX,0,1,2025-05-26
cx2609b924e33ef00b648a409245c7ea394c467824,cxa0af3165c08318e988cb30993b3048335b94af6c,cx5faae53c4dbd1fbe4a2eb4aab6565030f10da5c6,0x11a8a07ee8d579db,0xb915c44dd004790d5206817f79b013a7d093ed696ac3b42bf8d451436367d3e1,3,97799200,1.272443361664793,1748294315701503,Staked ICX,0.2895862875,sICX,0,1,2025-05-26
cx3975b43d260fb8ec802cef6e60c2f4d07486f11d,cxa0af3165c08318e988cb30993b3048335b94af6c,cx21e94c08c03daee80c25d8ee3ea22a20786ec231,0x3d694dc29bd210f99b,0xb915c44dd004790d5206817f79b013a7d093ed696ac3b42bf8d451436367d3e1,2,97799200,1132.8393234179719,1748294315701503,Wrapped ICX,0.2895862875,wICX,0,1,2025-05-26
cx2609b924e33ef00b648a409245c7ea394c467824,cx21e94c08c03daee80c25d8ee3ea22a20786ec231,cxa0af3165c08318e988cb30993b3048335b94af6c,0x2dfc774a7e569801af,0xb915c44dd004790d5206817f79b013a7d093ed696ac3b42bf8d451436367d3e1,1,97799200,848.2955744431954,1748294315701503,Staked ICX,0.2895862875,sICX,0,1,2025-05-26
cx2609b924e33ef00b648a409245c7ea394c467824,hx5b10ae9827b1562596a0db32b6f9410e15e84411,cx21e94c08c03daee80c25d8ee3ea22a20786ec231,0x2dfc774a7e569801af,0xb915c44dd004790d5206817f79b013a7d093ed696ac3b42bf8d451436367d3e1,0,97799200,848.2955744431954,1748294315701503,Staked ICX,0.2895862875,sICX,0,1,2025-05-26
cxf61cd5a45dc9f91c15aa65831a30a90d59a09619,cx10d59e8103ab44635190bd4139dbfd682fa2d07e,hx5b10ae9827b1562596a0db32b6f9410e15e84411,0x134d4a50a13f85d08,0xc0c63c13955d71ee5a1816db917baa60d0428541f76b81bec53e450d911c4022,3,97799146,22.253593121447764,1748294207508683,Balance Token,0.07237985,BALN,0,1,2025-05-26
cx2609b924e33ef00b648a409245c7ea394c467824,cx10d59e8103ab44635190bd4139dbfd682fa2d07e,hx5b10ae9827b1562596a0db32b6f9410e15e84411,0x2d8ff28824cb5ebc5a,0xc0c63c13955d71ee5a1816db917baa60d0428541f76b81bec53e450d911c4022,1,97799146,840.4759859003296,1748294207508683,Staked ICX,0.07237985,sICX,0,1,2025-05-26
cxd17316e24ee40f2ef8ed6f3a497311db1b35206d,hx9645117f1b0c7181a126c7f4f222caefc6ee7a61,hx9645117f1b0c7181a126c7f4f222caefc6ee7a61,0x0,0x7ce358d2756789dbe7a870d02da0c7f9f68e5ade3202300bb60638f9a0184390,4,97798879,0.0,1748293671205737,unknown_token,0.0199577,$unknown,34,1,2025-05-26
cx7baf94bd53b505353285ee4c4c050f9703581703,hx9645117f1b0c7181a126c7f4f222caefc6ee7a61,hx0000000000000000000000000000000000000000,0x0,0x7ce358d2756789dbe7a870d02da0c7f9f68e5ade3202300bb60638f9a0184390,2,97798879,0.0,1748293671205737,unknown_token,0.0199577,$unknown,25,1,2025-05-26
cx7baf94bd53b505353285ee4c4c050f9703581703,hx9645117f1b0c7181a126c7f4f222caefc6ee7a61,hx0000000000000000000000000000000000000000,0x0,0x7ce358d2756789dbe7a870d02da0c7f9f68e5ade3202300bb60638f9a0184390,0,97798879,0.0,1748293671205737,unknown_token,0.0199577,$unknown,31,1,2025-05-26
cxd17316e24ee40f2ef8ed6f3a497311db1b35206d,hx9645117f1b0c7181a126c7f4f222caefc6ee7a61,hx9645117f1b0c7181a126c7f4f222caefc6ee7a61,0x0,0x3e31af2611236faa714164d0e6cc82f20204a74df70bb507822d85316eda5824,4,97798861,0.0,1748293635179846,unknown_token,0.0167977625,$unknown,34,1,2025-05-26
cx7baf94bd53b505353285ee4c4c050f9703581703,hx9645117f1b0c7181a126c7f4f222caefc6ee7a61,hx0000000000000000000000000000000000000000,0x0,0x3e31af2611236faa714164d0e6cc82f20204a74df70bb507822d85316eda5824,2,97798861,0.0,1748293635179846,unknown_token,0.0167977625,$unknown,22,1,2025-05-26
cx7baf94bd53b505353285ee4c4c050f9703581703,hx9645117f1b0c7181a126c7f4f222caefc6ee7a61,hx0000000000000000000000000000000000000000,0x0,0x3e31af2611236faa714164d0e6cc82f20204a74df70bb507822d85316eda5824,0,97798861,0.0,1748293635179846,unknown_token,0.0167977625,$unknown,31,1,2025-05-26
cxd17316e24ee40f2ef8ed6f3a497311db1b35206d,hx66b0a5c1aa35aa0d4ce16bd81e89b6da5f2a379f,hx66b0a5c1aa35aa0d4ce16bd81e89b6da5f2a379f,0x0,0xad9ce89da90b457a3bb8410293ee9dd211f82c97320550bab122c5dfc87acf9f,0,97798845,0.0,1748293603257361,unknown_token,0.0043651375,$unknown,34,1,2025-05-26
cxd17316e24ee40f2ef8ed6f3a497311db1b35206d,hx1a4c9e9c8c866a961e5c88c18c0f019aa97f33db,hx0000000000000000000000000000000000000000,0x0,0x0a9466574dfe5941e0e5df9bf67c00ceec7e4bf7b58768f4f03d7dd3a736b0e0,20,97798785,0.0,1748293483116351,unknown_token,0.0887389,$unknown,5,1,2025-05-26
cxd17316e24ee40f2ef8ed6f3a497311db1b35206d,hx66b0a5c1aa35aa0d4ce16bd81e89b6da5f2a379f,hx0000000000000000000000000000000000000000,0x0,0x0a9466574dfe5941e0e5df9bf67c00ceec7e4bf7b58768f4f03d7dd3a736b0e0,19,97798785,0.0,1748293483116351,unknown_token,0.0887389,$unknown,34,1,2025-05-26
cxd17316e24ee40f2ef8ed6f3a497311db1b35206d,hx9b04b34b66c9aaf8fe5fc6f5f91962ba6e8d0e7a,hx0000000000000000000000000000000000000000,0x0,0x0a9466574dfe5941e0e5df9bf67c00ceec7e4bf7b58768f4f03d7dd3a736b0e0,18,97798785,0.0,1748293483116351,unknown_token,0.0887389,$unknown,34,1,2025-05-26
cxd17316e24ee40f2ef8ed6f3a497311db1b35206d,hx9645117f1b0c7181a126c7f4f222caefc6ee7a61,hx0000000000000000000000000000000000000000,0x0,0x0a9466574dfe5941e0e5df9bf67c00ceec7e4bf7b58768f4f03d7dd3a736b0e0,17,97798785,0.0,1748293483116351,unknown_token,0.0887389,$unknown,34,1,2025-05-26
cxd17316e24ee40f2ef8ed6f3a497311db1b35206d,hx95d23a20e152e1ac90e06cdf85fbd7d3dd6954b7,hx0000000000000000000000000000000000000000,0x0,0x0a9466574dfe5941e0e5df9bf67c00ceec7e4bf7b58768f4f03d7dd3a736b0e0,16,97798785,0.0,1748293483116351,unknown_token,0.0887389,$unknown,34,1,2025-05-26
cx288d13e1b63563459a2ac6179f237711f6851cb5,cx21e94c08c03daee80c25d8ee3ea22a20786ec231,hx2debd9ec927cca1639da8d3518dd9dbf1cdfb357,0x30d97090fbc2a6c,0xba6ff3a5c566f838fdacbae7f548b2d0728bbf95be73d7e715550fa4e25d8fc2,5,97798451,0.21999802198551205,1748292814867330,Ethereum,0.08846975,ETH,0,1,2025-05-26
cx88fd7df7ddff82f7cc735c871dc519838cb235bb,cxa0af3165c08318e988cb30993b3048335b94af6c,cx5faae53c4dbd1fbe4a2eb4aab6565030f10da5c6,0xbb7a2ab37cb1126,0xba6ff3a5c566f838fdacbae7f548b2d0728bbf95be73d7e715550fa4e25d8fc2,3,97798451,0.8443223114144197,1748292814867330,Balanced Dollar,0.08846975,bnUSD,0,1,2025-05-26
cx288d13e1b63563459a2ac6179f237711f6851cb5,cxa0af3165c08318e988cb30993b3048335b94af6c,cx21e94c08c03daee80c25d8ee3ea22a20786ec231,0x30d97090fbc2a6c,0xba6ff3a5c566f838fdacbae7f548b2d0728bbf95be73d7e715550fa4e25d8fc2,2,97798451,0.21999802198551205,1748292814867330,Ethereum,0.08846975,ETH,0,1,2025-05-26
cx88fd7df7ddff82f7cc735c871dc519838cb235bb,cx21e94c08c03daee80c25d8ee3ea22a20786ec231,cxa0af3165c08318e988cb30993b3048335b94af6c,0x1e838cf336a0d1fda0,0xba6ff3a5c566f838fdacbae7f548b2d0728bbf95be73d7e715550fa4e25d8fc2,1,97798451,562.8815409429465,1748292814867330,Balanced Dollar,0.08846975,bnUSD,0,1,2025-05-26
cx88fd7df7ddff82f7cc735c871dc519838cb235bb,hx2debd9ec927cca1639da8d3518dd9dbf1cdfb357,cx21e94c08c03daee80c25d8ee3ea22a20786ec231,0x1e838cf336a0d1fda0,0xba6ff3a5c566f838fdacbae7f548b2d0728bbf95be73d7e715550fa4e25d8fc2,0,97798451,562.8815409429465,1748292814867330,Balanced Dollar,0.08846975,bnUSD,0,1,2025-05-26
cx88fd7df7ddff82f7cc735c871dc519838cb235bb,cxa0af3165c08318e988cb30993b3048335b94af6c,hx9092a3fc19763f078f069b5406c4433f37b7ea56,0x1,0x583ad32131560f5dc07191517f0233c7c7016bc3e731a41aa597e116c32894d0,3,97798313,1e-18,1748292538864477,Balanced Dollar,0.0347382125,bnUSD,0,1,2025-05-26
cx2609b924e33ef00b648a409245c7ea394c467824,hx9092a3fc19763f078f069b5406c4433f37b7ea56,cxa0af3165c08318e988cb30993b3048335b94af6c,0xa0e7b2dbe72d74476,0xc25a5a657e79093c65a2e7bf22381f97d4f90ef759321447870bb070c6c812e6,1,97798309,185.51091877175566,1748292530853747,Staked ICX,0.093032475,sICX,0,1,2025-05-26
cx88fd7df7ddff82f7cc735c871dc519838cb235bb,hx9092a3fc19763f078f069b5406c4433f37b7ea56,cxa0af3165c08318e988cb30993b3048335b94af6c,0x1857e68e391bc0835,0x54db469637c9173022d32e793c4d8617d3f63c1c10d28dd11d72b38b98b54520,0,97798308,28.065985254431393,1748292528929446,Balanced Dollar,0.02218695,bnUSD,0,1,2025-05-26
cx88fd7df7ddff82f7cc735c871dc519838cb235bb,cx21e94c08c03daee80c25d8ee3ea22a20786ec231,hx9092a3fc19763f078f069b5406c4433f37b7ea56,0x1857e68e391bc0834,0x9f2fac01dba8883722afad6b515a1788598ff15a9f2b1c05159ec4b44d4f3d2c,10,97798302,28.065985254431393,1748292516779190,Balanced Dollar,0.155679875,bnUSD,0,1,2025-05-26
cx88fd7df7ddff82f7cc735c871dc519838cb235bb,cxa0af3165c08318e988cb30993b3048335b94af6c,cx5faae53c4dbd1fbe4a2eb4aab6565030f10da5c6,0x9602d2b49a6372,0x9f2fac01dba8883722afad6b515a1788598ff15a9f2b1c05159ec4b44d4f3d2c,8,97798302,0.042224350503002994,1748292516779190,Balanced Dollar,0.155679875,bnUSD,0,1,2025-05-26
cx88fd7df7ddff82f7cc735c871dc519838cb235bb,cxa0af3165c08318e988cb30993b3048335b94af6c,cx21e94c08c03daee80c25d8ee3ea22a20786ec231,0x1857e68e391bc0834,0x9f2fac01dba8883722afad6b515a1788598ff15a9f2b1c05159ec4b44d4f3d2c,7,97798302,28.065985254431393,1748292516779190,Balanced Dollar,0.155679875,bnUSD,0,1,2025-05-26
cx2609b924e33ef00b648a409245c7ea394c467824,cx21e94c08c03daee80c25d8ee3ea22a20786ec231,cxa0af3165c08318e988cb30993b3048335b94af6c,0xa1625e11aee27b871,0x9f2fac01dba8883722afad6b515a1788598ff15a9f2b1c05159ec4b44d4f3d2c,6,97798302,186.0633698858492,1748292516779190,Staked ICX,0.155679875,sICX,0,1,2025-05-26
cx2609b924e33ef00b648a409245c7ea394c467824,cxa0af3165c08318e988cb30993b3048335b94af6c,cx5faae53c4dbd1fbe4a2eb4aab6565030f10da5c6,0x3e27f3ef01da18e,0x9f2fac01dba8883722afad6b515a1788598ff15a9f2b1c05159ec4b44d4f3d2c,4,97798302,0.27992603514356573,1748292516779190,Staked ICX,0.155679875,sICX,0,1,2025-05-26
cx2609b924e33ef00b648a409245c7ea394c467824,cxa0af3165c08318e988cb30993b3048335b94af6c,cx21e94c08c03daee80c25d8ee3ea22a20786ec231,0xa1625e11aee27b871,0x9f2fac01dba8883722afad6b515a1788598ff15a9f2b1c05159ec4b44d4f3d2c,3,97798302,186.0633698858492,1748292516779190,Staked ICX,0.155679875,sICX,0,1,2025-05-26
cx3975b43d260fb8ec802cef6e60c2f4d07486f11d,cx21e94c08c03daee80c25d8ee3ea22a20786ec231,cxa0af3165c08318e988cb30993b3048335b94af6c,0xd8d726b7177a80000,0x9f2fac01dba8883722afad6b515a1788598ff15a9f2b1c05159ec4b44d4f3d2c,2,97798302,250.0,1748292516779190,Wrapped ICX,0.155679875,wICX,0,1,2025-05-26
cx3975b43d260fb8ec802cef6e60c2f4d07486f11d,hx9092a3fc19763f078f069b5406c4433f37b7ea56,cx21e94c08c03daee80c25d8ee3ea22a20786ec231,0xd8d726b7177a80000,0x9f2fac01dba8883722afad6b515a1788598ff15a9f2b1c05159ec4b44d4f3d2c,1,97798302,250.0,1748292516779190,Wrapped ICX,0.155679875,wICX,0,1,2025-05-26
cx3975b43d260fb8ec802cef6e60c2f4d07486f11d,hx0000000000000000000000000000000000000000,hx9092a3fc19763f078f069b5406c4433f37b7ea56,0xd8d726b7177a80000,0x9f2fac01dba8883722afad6b515a1788598ff15a9f2b1c05159ec4b44d4f3d2c,0,97798302,250.0,1748292516779190,Wrapped ICX,0.155679875,wICX,0,1,2025-05-26
cxf61cd5a45dc9f91c15aa65831a30a90d59a09619,cx9345f80d6c98357ccbb70392b14162199c2c5f66,cxd82fb5d3effecd8c9071a4bba3856ad7222c4b91,0x12491e7eeceb3abe,0xdf3306eb9a4451a63b80d0199437aec0a9d13aa2bcab796a8c9599a20cff6a9d,4,97798236,1.3176178964721323,1748292384796664,Balance Token,0.138165825,BALN,0,1,2025-05-26
cx2609b924e33ef00b648a409245c7ea394c467824,cx9345f80d6c98357ccbb70392b14162199c2c5f66,cxd82fb5d3effecd8c9071a4bba3856ad7222c4b91,0x132a3f68f45f37086,0xdf3306eb9a4451a63b80d0199437aec0a9d13aa2bcab796a8c9599a20cff6a9d,3,97798236,22.095775292024122,1748292384796664,Staked ICX,0.138165825,sICX,0,1,2025-05-26
cx88fd7df7ddff82f7cc735c871dc519838cb235bb,hx0000000000000000000000000000000000000000,cx5faae53c4dbd1fbe4a2eb4aab6565030f10da5c6,0x0,0xdf3306eb9a4451a63b80d0199437aec0a9d13aa2bcab796a8c9599a20cff6a9d,2,97798236,0.0,1748292384796664,Balanced Dollar,0.138165825,bnUSD,0,1,2025-05-26
cx88fd7df7ddff82f7cc735c871dc519838cb235bb,hx0000000000000000000000000000000000000000,cxd82fb5d3effecd8c9071a4bba3856ad7222c4b91,0x1d52752403a1b1f0,0xdf3306eb9a4451a63b80d0199437aec0a9d13aa2bcab796a8c9599a20cff6a9d,1,97798236,2.112879972730385,1748292384796664,Balanced Dollar,0.138165825,bnUSD,0,1,2025-05-26
cx88fd7df7ddff82f7cc735c871dc519838cb235bb,hx0000000000000000000000000000000000000000,cx5faae53c4dbd1fbe4a2eb4aab6565030f10da5c6,0x164fa0713080000,0x74f7ba967a48eaf8b3ca16c8e7adad109050f55409d3ce7328bf7d721f59f698,9,97798185,0.10048,1748292282705147,Balanced Dollar,0.120563625,bnUSD,0,1,2025-05-26
cx88fd7df7ddff82f7cc735c871dc519838cb235bb,hx0000000000000000000000000000000000000000,cx66d4d90f5f113eba575bf793570135f9b10cece1,0x2b93855d12ba00000,0x74f7ba967a48eaf8b3ca16c8e7adad109050f55409d3ce7328bf7d721f59f698,0,97798185,50.24,1748292282705147,Balanced Dollar,0.120563625,bnUSD,0,1,2025-05-26
cx518f64edcd35db9044a2de63fdc10abfd5f7d611,hx0000000000000000000000000000000000000000,cx66d4d90f5f113eba575bf793570135f9b10cece1,0xd3c4f3a0,0xd714cdeb56249f3f6b7e63bfa6ea360b3e2a025857c25f547529bbcc388d9b16,1,97798152,355.29,1748292216681646,Stellar,0.0371736875,XLM,0,1,2025-05-26
cx518f64edcd35db9044a2de63fdc10abfd5f7d611,cx21e94c08c03daee80c25d8ee3ea22a20786ec231,hx0000000000000000000000000000000000000000,0xd9231a91,0xe7591ec00942af196b31fee0f828a074a5ca410f388d216e3738d1a6f6742423,12,97798099,364.2956433,1748292110667079,Stellar,0.1765945625,XLM,0,1,2025-05-26
cx2609b924e33ef00b648a409245c7ea394c467824,cxa0af3165c08318e988cb30993b3048335b94af6c,cx5faae53c4dbd1fbe4a2eb4aab6565030f10da5c6,0xe55427ed9f05af4,0xe7591ec00942af196b31fee0f828a074a5ca410f388d216e3738d1a6f6742423,8,97798099,1.0328048021411171,1748292110667079,Staked ICX,0.1765945625,sICX,0,1,2025-05-26
cx518f64edcd35db9044a2de63fdc10abfd5f7d611,cxa0af3165c08318e988cb30993b3048335b94af6c,cx21e94c08c03daee80c25d8ee3ea22a20786ec231,0xd9231a91,0xe7591ec00942af196b31fee0f828a074a5ca410f388d216e3738d1a6f6742423,7,97798099,364.2956433,1748292110667079,Stellar,0.1765945625,XLM,0,1,2025-05-26
cx2609b924e33ef00b648a409245c7ea394c467824,cx21e94c08c03daee80c25d8ee3ea22a20786ec231,cxa0af3165c08318e988cb30993b3048335b94af6c,0x25535d2a578c978675,0xe7591ec00942af196b31fee0f828a074a5ca410f388d216e3738d1a6f6742423,6,97798099,688.5365347607448,1748292110667079,Staked ICX,0.1765945625,sICX,0,1,2025-05-26
cx2609b924e33ef00b648a409245c7ea394c467824,cxa0af3165c08318e988cb30993b3048335b94af6c,cx5faae53c4dbd1fbe4a2eb4aab6565030f10da5c6,0xe5fdf136ed13c2d,0xe7591ec00942af196b31fee0f828a074a5ca410f388d216e3738d1a6f6742423,4,97798099,1.0357917138750823,1748292110667079,Staked ICX,0.1765945625,sICX,0,1,2025-05-26
cx2609b924e33ef00b648a409245c7ea394c467824,cxa0af3165c08318e988cb30993b3048335b94af6c,cx21e94c08c03daee80c25d8ee3ea22a20786ec231,0x25535d2a578c978675,0xe7591ec00942af196b31fee0f828a074a5ca410f388d216e3738d1a6f6742423,3,97798099,688.5365347607448,1748292110667079,Staked ICX,0.1765945625,sICX,0,1,2025-05-26
cx3975b43d260fb8ec802cef6e60c2f4d07486f11d,cx21e94c08c03daee80c25d8ee3ea22a20786ec231,cxa0af3165c08318e988cb30993b3048335b94af6c,0x3224f42723d4540000,0xe7591ec00942af196b31fee0f828a074a5ca410f388d216e3738d1a6f6742423,2,97798099,925.0,1748292110667079,Wrapped ICX,0.1765945625,wICX,0,1,2025-05-26
cx3975b43d260fb8ec802cef6e60c2f4d07486f11d,hx8d8c3fb923e07671c8e6348f03a88bc398d82d05,cx21e94c08c03daee80c25d8ee3ea22a20786ec231,0x3224f42723d4540000,0xe7591ec00942af196b31fee0f828a074a5ca410f388d216e3738d1a6f6742423,1,97798099,925.0,1748292110667079,Wrapped ICX,0.1765945625,wICX,0,1,2025-05-26
cx3975b43d260fb8ec802cef6e60c2f4d07486f11d,hx0000000000000000000000000000000000000000,hx8d8c3fb923e07671c8e6348f03a88bc398d82d05,0x3224f42723d4540000,0xe7591ec00942af196b31fee0f828a074a5ca410f388d216e3738d1a6f6742423,0,97798099,925.0,1748292110667079,Wrapped ICX,0.1765945625,wICX,0,1,2025-05-26
cx88fd7df7ddff82f7cc735c871dc519838cb235bb,cxa0af3165c08318e988cb30993b3048335b94af6c,cx5faae53c4dbd1fbe4a2eb4aab6565030f10da5c6,0x2d40761daa54000,0x3bd621d830057095fb7ecd0fdeb121e8d049fe963d47ab1dced919cf62f29d31,2,97798077,0.203796,1748292066630229,Balanced Dollar,0.0563762625,bnUSD,0,1,2025-05-26
cx4297f4b63262507623b6ad575d0d8dd2db980e4e,cxa0af3165c08318e988cb30993b3048335b94af6c,hxd75467e3e4ce64e3424c747dfb71503017440433,0x8b19ac021ec39d84,0x3bd621d830057095fb7ecd0fdeb121e8d049fe963d47ab1dced919cf62f29d31,1,97798077,10.023231570795797,1748292066630229,Injective,0.0563762625,INJ,0,1,2025-05-26
cx88fd7df7ddff82f7cc735c871dc519838cb235bb,hxd75467e3e4ce64e3424c747dfb71503017440433,cxa0af3165c08318e988cb30993b3048335b94af6c,0x75d7de42963ac0000,0x3bd621d830057095fb7ecd0fdeb121e8d049fe963d47ab1dced919cf62f29d31,0,97798077,135.864,1748292066630229,Balanced Dollar,0.0563762625,bnUSD,0,1,2025-05-26
cx88fd7df7ddff82f7cc735c871dc519838cb235bb,cxa0af3165c08318e988cb30993b3048335b94af6c,cx5faae53c4dbd1fbe4a2eb4aab6565030f10da5c6,0x2d40761daa54000,0xe693fc6d55efbffa531644c1e497cc237dc9f3a4b8c3b2e1bf53cf15c8d7d36d,2,97798050,0.203796,1748292012862408,Balanced Dollar,0.056373575,bnUSD,0,1,2025-05-26
cx4297f4b63262507623b6ad575d0d8dd2db980e4e,cxa0af3165c08318e988cb30993b3048335b94af6c,hxd75467e3e4ce64e3424c747dfb71503017440433,0x8b46d6a811871ac5,0xe693fc6d55efbffa531644c1e497cc237dc9f3a4b8c3b2e1bf53cf15c8d7d36d,1,97798050,10.035944836978645,1748292012862408,Injective,0.056373575,INJ,0,1,2025-05-26
cx88fd7df7ddff82f7cc735c871dc519838cb235bb,hxd75467e3e4ce64e3424c747dfb71503017440433,cxa0af3165c08318e988cb30993b3048335b94af6c,0x75d7de42963ac0000,0xe693fc6d55efbffa531644c1e497cc237dc9f3a4b8c3b2e1bf53cf15c8d7d36d,0,97798050,135.864,1748292012862408,Balanced Dollar,0.056373575,bnUSD,0,1,2025-05-26
cx66a031cc3bd305c76371fb586e93801b948254f0,cx21e94c08c03daee80c25d8ee3ea22a20786ec231,hx2debd9ec927cca1639da8d3518dd9dbf1cdfb357,0x1158da29a80bf2f84,0xfca2b4a48e6a18be132b008a5755ec1c583fb84987a79e10d0bd66d5d5a528dd,5,97798049,19.999820304690918,1748292010633322,Avalanche,0.0882961875,AVAX,0,1,2025-05-26
cx88fd7df7ddff82f7cc735c871dc519838cb235bb,cxa0af3165c08318e988cb30993b3048335b94af6c,cx5faae53c4dbd1fbe4a2eb4aab6565030f10da5c6,0x9a103fce424f745,0xfca2b4a48e6a18be132b008a5755ec1c583fb84987a79e10d0bd66d5d5a528dd,3,97798049,0.6938402022860368,1748292010633322,Balanced Dollar,0.0882961875,bnUSD,0,1,2025-05-26
cx66a031cc3bd305c76371fb586e93801b948254f0,cxa0af3165c08318e988cb30993b3048335b94af6c,cx21e94c08c03daee80c25d8ee3ea22a20786ec231,0x1158da29a80bf2f84,0xfca2b4a48e6a18be132b008a5755ec1c583fb84987a79e10d0bd66d5d5a528dd,2,97798049,19.999820304690918,1748292010633322,Avalanche,0.0882961875,AVAX,0,1,2025-05-26
cx88fd7df7ddff82f7cc735c871dc519838cb235bb,cx21e94c08c03daee80c25d8ee3ea22a20786ec231,cxa0af3165c08318e988cb30993b3048335b94af6c,0x19134fb7e7759943b0,0xfca2b4a48e6a18be132b008a5755ec1c583fb84987a79e10d0bd66d5d5a528dd,1,97798049,462.56013485735787,1748292010633322,Balanced Dollar,0.0882961875,bnUSD,0,1,2025-05-26
cx88fd7df7ddff82f7cc735c871dc519838cb235bb,hx2debd9ec927cca1639da8d3518dd9dbf1cdfb357,cx21e94c08c03daee80c25d8ee3ea22a20786ec231,0x19134fb7e7759943b0,0xfca2b4a48e6a18be132b008a5755ec1c583fb84987a79e10d0bd66d5d5a528dd,0,97798049,462.56013485735787,1748292010633322,Balanced Dollar,0.0882961875,bnUSD,0,1,2025-05-26
cx88fd7df7ddff82f7cc735c871dc519838cb235bb,cxa0af3165c08318e988cb30993b3048335b94af6c,cx5faae53c4dbd1fbe4a2eb4aab6565030f10da5c6,0x2d26e84d69633ce,0xfd236f9e26f817f745f307f9103a337115c9e9410ce413c61765d684add11d25,2,97798044,0.20334644999999996,1748292001494999,Balanced Dollar,0.0563963875,bnUSD,0,1,2025-05-26
cx4297f4b63262507623b6ad575d0d8dd2db980e4e,cxa0af3165c08318e988cb30993b3048335b94af6c,hxd75467e3e4ce64e3424c747dfb71503017440433,0x8b254a7f2ba3177b,0xfd236f9e26f817f745f307f9103a337115c9e9410ce413c61765d684add11d25,1,97798044,10.026502055463688,1748292001494999,Injective,0.0563963875,INJ,0,1,2025-05-26
cx88fd7df7ddff82f7cc735c871dc519838cb235bb,hxd75467e3e4ce64e3424c747dfb71503017440433,cxa0af3165c08318e988cb30993b3048335b94af6c,0x7595524997c7c4000,0xfd236f9e26f817f745f307f9103a337115c9e9410ce413c61765d684add11d25,0,97798044,135.56429999999997,1748292001494999,Balanced Dollar,0.0563963875,bnUSD,0,1,2025-05-26
cx3975b43d260fb8ec802cef6e60c2f4d07486f11d,hx5b24217047526bd1c9475ddc7e10f93325dd2322,hx0000000000000000000000000000000000000000,0x829cb913ea8d24e82,0x10745717e9928f5b0a8215d65bad1c99666db8aca4019018b43adf8131d15f37,10,97797997,150.5856130638101,1748291906748217,Wrapped ICX,0.1504731875,wICX,0,1,2025-05-26
cx3975b43d260fb8ec802cef6e60c2f4d07486f11d,cx21e94c08c03daee80c25d8ee3ea22a20786ec231,hx5b24217047526bd1c9475ddc7e10f93325dd2322,0x829cb913ea8d24e82,0x10745717e9928f5b0a8215d65bad1c99666db8aca4019018b43adf8131d15f37,9,97797997,150.5856130638101,1748291906748217,Wrapped ICX,0.1504731875,wICX,0,1,2025-05-26
cx2609b924e33ef00b648a409245c7ea394c467824,cxa0af3165c08318e988cb30993b3048335b94af6c,cx5faae53c4dbd1fbe4a2eb4aab6565030f10da5c6,0x258ff2c0b82be08,0x10745717e9928f5b0a8215d65bad1c99666db8aca4019018b43adf8131d15f37,7,97797997,0.1691655506631552,1748291906748217,Staked ICX,0.1504731875,sICX,0,1,2025-05-26
cx3975b43d260fb8ec802cef6e60c2f4d07486f11d,cxa0af3165c08318e988cb30993b3048335b94af6c,cx21e94c08c03daee80c25d8ee3ea22a20786ec231,0x829cb913ea8d24e82,0x10745717e9928f5b0a8215d65bad1c99666db8aca4019018b43adf8131d15f37,6,97797997,150.5856130638101,1748291906748217,Wrapped ICX,0.1504731875,wICX,0,1,2025-05-26
cx2609b924e33ef00b648a409245c7ea394c467824,cx21e94c08c03daee80c25d8ee3ea22a20786ec231,cxa0af3165c08318e988cb30993b3048335b94af6c,0x61d1882b34f243599,0x10745717e9928f5b0a8215d65bad1c99666db8aca4019018b43adf8131d15f37,5,97797997,112.7770337754368,1748291906748217,Staked ICX,0.1504731875,sICX,0,1,2025-05-26
cx2609b924e33ef00b648a409245c7ea394c467824,cxa0af3165c08318e988cb30993b3048335b94af6c,cx5faae53c4dbd1fbe4a2eb4aab6565030f10da5c6,0x25abae27ab1ff16,0x10745717e9928f5b0a8215d65bad1c99666db8aca4019018b43adf8131d15f37,3,97797997,0.16965341786367566,1748291906748217,Staked ICX,0.1504731875,sICX,0,1,2025-05-26
cx2609b924e33ef00b648a409245c7ea394c467824,cxa0af3165c08318e988cb30993b3048335b94af6c,cx21e94c08c03daee80c25d8ee3ea22a20786ec231,0x61d1882b34f243599,0x10745717e9928f5b0a8215d65bad1c99666db8aca4019018b43adf8131d15f37,2,97797997,112.7770337754368,1748291906748217,Staked ICX,0.1504731875,sICX,0,1,2025-05-26
cxf61cd5a45dc9f91c15aa65831a30a90d59a09619,cx21e94c08c03daee80c25d8ee3ea22a20786ec231,cxa0af3165c08318e988cb30993b3048335b94af6c,0xd57e93f96d4341fd3,0x10745717e9928f5b0a8215d65bad1c99666db8aca4019018b43adf8131d15f37,1,97797997,246.1423372261353,1748291906748217,Balance Token,0.1504731875,BALN,0,1,2025-05-26
cxf61cd5a45dc9f91c15aa65831a30a90d59a09619,hx5b24217047526bd1c9475ddc7e10f93325dd2322,cx21e94c08c03daee80c25d8ee3ea22a20786ec231,0xd57e93f96d4341fd3,0x10745717e9928f5b0a8215d65bad1c99666db8aca4019018b43adf8131d15f37,0,97797997,246.1423372261353,1748291906748217,Balance Token,0.1504731875,BALN,0,1,2025-05-26
cx3975b43d260fb8ec802cef6e60c2f4d07486f11d,hx5b24217047526bd1c9475ddc7e10f93325dd2322,hx0000000000000000000000000000000000000000,0x2acda436f626978fc0,0x7222539e13041017d5d49862c84f2f26aa90f9dde67333a1f2605eb7e9c30bdd,15,97797957,789.5812802005943,1748291826567640,Wrapped ICX,0.197455475,wICX,0,1,2025-05-26
cx3975b43d260fb8ec802cef6e60c2f4d07486f11d,cx21e94c08c03daee80c25d8ee3ea22a20786ec231,hx5b24217047526bd1c9475ddc7e10f93325dd2322,0x2acda436f626978fc0,0x7222539e13041017d5d49862c84f2f26aa90f9dde67333a1f2605eb7e9c30bdd,14,97797957,789.5812802005943,1748291826567640,Wrapped ICX,0.197455475,wICX,0,1,2025-05-26
cx2609b924e33ef00b648a409245c7ea394c467824,cxa0af3165c08318e988cb30993b3048335b94af6c,cx5faae53c4dbd1fbe4a2eb4aab6565030f10da5c6,0xc4ee524967acf02,0x7222539e13041017d5d49862c84f2f26aa90f9dde67333a1f2605eb7e9c30bdd,12,97797957,0.8868981219447806,1748291826567640,Staked ICX,0.197455475,sICX,0,1,2025-05-26
cx3975b43d260fb8ec802cef6e60c2f4d07486f11d,cxa0af3165c08318e988cb30993b3048335b94af6c,cx21e94c08c03daee80c25d8ee3ea22a20786ec231,0x2acda436f626978fc0,0x7222539e13041017d5d49862c84f2f26aa90f9dde67333a1f2605eb7e9c30bdd,11,97797957,789.5812802005943,1748291826567640,Wrapped ICX,0.197455475,wICX,0,1,2025-05-26
cx2609b924e33ef00b648a409245c7ea394c467824,cx21e94c08c03daee80c25d8ee3ea22a20786ec231,cxa0af3165c08318e988cb30993b3048335b94af6c,0x200d74b9f28a7b16d5,0x7222539e13041017d5d49862c84f2f26aa90f9dde67333a1f2605eb7e9c30bdd,10,97797957,591.2654146298537,1748291826567640,Staked ICX,0.197455475,sICX,0,1,2025-05-26
cx88fd7df7ddff82f7cc735c871dc519838cb235bb,cx203d9cd2a669be67177e997b8948ce2c35caffae,cx835b300dcfe01f0bdb794e134a0c5628384f4367,0x2e94fabac1f8b85,0x7222539e13041017d5d49862c84f2f26aa90f9dde67333a1f2605eb7e9c30bdd,7,97797957,0.2097864563951891,1748291826567640,Balanced Dollar,0.197455475,bnUSD,0,1,2025-05-26
cx88fd7df7ddff82f7cc735c871dc519838cb235bb,cx5faae53c4dbd1fbe4a2eb4aab6565030f10da5c6,cx203d9cd2a669be67177e997b8948ce2c35caffae,0x428baf53f087e2c,0x7222539e13041017d5d49862c84f2f26aa90f9dde67333a1f2605eb7e9c30bdd,5,97797957,0.299694937707413,1748291826567640,Balanced Dollar,0.197455475,bnUSD,0,1,2025-05-26
cx88fd7df7ddff82f7cc735c871dc519838cb235bb,cx5faae53c4dbd1fbe4a2eb4aab6565030f10da5c6,cxdc30a0d3a1f131565c071272a20bc0b06fd4c17b,0x428baf53f087e2b,0x7222539e13041017d5d49862c84f2f26aa90f9dde67333a1f2605eb7e9c30bdd,4,97797957,0.299694937707413,1748291826567640,Balanced Dollar,0.197455475,bnUSD,0,1,2025-05-26
cx88fd7df7ddff82f7cc735c871dc519838cb235bb,cxa0af3165c08318e988cb30993b3048335b94af6c,cx5faae53c4dbd1fbe4a2eb4aab6565030f10da5c6,0x1de1dd1fc01c11a,0x7222539e13041017d5d49862c84f2f26aa90f9dde67333a1f2605eb7e9c30bdd,3,97797957,0.13457782658103734,1748291826567640,Balanced Dollar,0.197455475,bnUSD,0,1,2025-05-26
cx2609b924e33ef00b648a409245c7ea394c467824,cxa0af3165c08318e988cb30993b3048335b94af6c,cx21e94c08c03daee80c25d8ee3ea22a20786ec231,0x200d74b9f28a7b16d5,0x7222539e13041017d5d49862c84f2f26aa90f9dde67333a1f2605eb7e9c30bdd,2,97797957,591.2654146298537,1748291826567640,Staked ICX,0.197455475,sICX,0,1,2025-05-26
cx88fd7df7ddff82f7cc735c871dc519838cb235bb,cx21e94c08c03daee80c25d8ee3ea22a20786ec231,cxa0af3165c08318e988cb30993b3048335b94af6c,0x4dd1852d599e6de90,0x7222539e13041017d5d49862c84f2f26aa90f9dde67333a1f2605eb7e9c30bdd,1,97797957,89.71855105402489,1748291826567640,Balanced Dollar,0.197455475,bnUSD,0,1,2025-05-26
cx88fd7df7ddff82f7cc735c871dc519838cb235bb,hx5b24217047526bd1c9475ddc7e10f93325dd2322,cx21e94c08c03daee80c25d8ee3ea22a20786ec231,0x4dd1852d599e6de90,0x7222539e13041017d5d49862c84f2f26aa90f9dde67333a1f2605eb7e9c30bdd,0,97797957,89.71855105402489,1748291826567640,Balanced Dollar,0.197455475,bnUSD,0,1,2025-05-26
cx88fd7df7ddff82f7cc735c871dc519838cb235bb,cxd82fb5d3effecd8c9071a4bba3856ad7222c4b91,hx5b24217047526bd1c9475ddc7e10f93325dd2322,0x4957dca87e4f2d32c,0xe1b42a266f14eea179cd91162b3114d65751ac54e25f2b1a0a035b24fc2cc8d0,0,97797917,84.55896486358881,1748291746635663,Balanced Dollar,0.0206605,bnUSD,0,1,2025-05-26
cxf61cd5a45dc9f91c15aa65831a30a90d59a09619,cx10d59e8103ab44635190bd4139dbfd682fa2d07e,hx5b24217047526bd1c9475ddc7e10f93325dd2322,0xd4b3d7839be83074c,0xd579b41c06d85f89b5daf254c9cd10174114f9391a2a8058ef38871667493fcf,5,97797883,245.22929467405285,1748291679002010,Balance Token,0.1451963625,BALN,0,1,2025-05-26
cx2609b924e33ef00b648a409245c7ea394c467824,cx10d59e8103ab44635190bd4139dbfd682fa2d07e,hx5b24217047526bd1c9475ddc7e10f93325dd2322,0x9a9243a255fdc34b8,0xd579b41c06d85f89b5daf254c9cd10174114f9391a2a8058ef38871667493fcf,3,97797883,178.20862708715384,1748291679002010,Staked ICX,0.1451963625,sICX,0,1,2025-05-26
cx2609b924e33ef00b648a409245c7ea394c467824,cx203d9cd2a669be67177e997b8948ce2c35caffae,hx5b24217047526bd1c9475ddc7e10f93325dd2322,0x14b796da6a9fb14f,0x78f254e7300fecd9469c53e9520c0e4f697671252de371fb966192ca2db1d5f1,3,97797874,1.4928276663324962,1748291660499946,Staked ICX,0.1389926125,sICX,0,1,2025-05-26
cx88fd7df7ddff82f7cc735c871dc519838cb235bb,cx203d9cd2a669be67177e997b8948ce2c35caffae,hx5b24217047526bd1c9475ddc7e10f93325dd2322,0x479a884db4f40b64,0x78f254e7300fecd9469c53e9520c0e4f697671252de371fb966192ca2db1d5f1,0,97797874,5.159586190436077,1748291660499946,Balanced Dollar,0.1389926125,bnUSD,0,1,2025-05-26
cx7baf94bd53b505353285ee4c4c050f9703581703,hx9645117f1b0c7181a126c7f4f222caefc6ee7a61,hx9645117f1b0c7181a126c7f4f222caefc6ee7a61,0x0,0x36b0c1cefeeab6484101d4ce709ec185dd3614acaa1371f775e4be318b7a33f9,2,97797819,0.0,1748291550659842,unknown_token,0.0938425375,$unknown,32,1,2025-05-26
cx7baf94bd53b505353285ee4c4c050f9703581703,hx9645117f1b0c7181a126c7f4f222caefc6ee7a61,hx9645117f1b0c7181a126c7f4f222caefc6ee7a61,0x0,0x36b0c1cefeeab6484101d4ce709ec185dd3614acaa1371f775e4be318b7a33f9,1,97797819,0.0,1748291550659842,unknown_token,0.0938425375,$unknown,3,1,2025-05-26
cxf61cd5a45dc9f91c15aa65831a30a90d59a09619,cx9345f80d6c98357ccbb70392b14162199c2c5f66,cxd82fb5d3effecd8c9071a4bba3856ad7222c4b91,0x313c2da89a15f38,0xd02a55e238bf803beaf6d1fa95a977d911b8584389604edd3f3a94a509f2f2c5,4,97797618,0.2217350505389996,1748291148374348,Balance Token,0.1308266125,BALN,0,1,2025-05-26
cx2609b924e33ef00b648a409245c7ea394c467824,cx9345f80d6c98357ccbb70392b14162199c2c5f66,cxd82fb5d3effecd8c9071a4bba3856ad7222c4b91,0x339a598b44efcd58,0xd02a55e238bf803beaf6d1fa95a977d911b8584389604edd3f3a94a509f2f2c5,3,97797618,3.718382897039658,1748291148374348,Staked ICX,0.1308266125,sICX,0,1,2025-05-26
cx88fd7df7ddff82f7cc735c871dc519838cb235bb,hx0000000000000000000000000000000000000000,cx5faae53c4dbd1fbe4a2eb4aab6565030f10da5c6,0x0,0xd02a55e238bf803beaf6d1fa95a977d911b8584389604edd3f3a94a509f2f2c5,2,97797618,0.0,1748291148374348,Balanced Dollar,0.1308266125,bnUSD,0,1,2025-05-26
cx88fd7df7ddff82f7cc735c871dc519838cb235bb,hx0000000000000000000000000000000000000000,cxd82fb5d3effecd8c9071a4bba3856ad7222c4b91,0x4f6a64bf6a8c649,0xd02a55e238bf803beaf6d1fa95a977d911b8584389604edd3f3a94a509f2f2c5,1,97797618,0.35765606561354707,1748291148374348,Balanced Dollar,0.1308266125,bnUSD,0,1,2025-05-26
cx88fd7df7ddff82f7cc735c871dc519838cb235bb,hx81d4f834b91569b43cde903ec241eb1fce64a171,cxd82fb5d3effecd8c9071a4bba3856ad7222c4b91,0x64b422e8246b9ca8b,0xd02a55e238bf803beaf6d1fa95a977d911b8584389604edd3f3a94a509f2f2c5,0,97797618,116.10341248063202,1748291148374348,Balanced Dollar,0.1308266125,bnUSD,0,1,2025-05-26
cx88fd7df7ddff82f7cc735c871dc519838cb235bb,cx21e94c08c03daee80c25d8ee3ea22a20786ec231,hxeb833b2d1790f2fbc63961ceb637f6c704debfad,0x4baee2cccbb1b9bdf,0x87657cae3c057aba928d17ac0d42775fe5d31a25b6580cbcf7449c340e459441,5,97797617,87.25672908817404,1748291146339324,Balanced Dollar,0.08039835,bnUSD,0,1,2025-05-26
cx88fd7df7ddff82f7cc735c871dc519838cb235bb,cxa0af3165c08318e988cb30993b3048335b94af6c,cx5faae53c4dbd1fbe4a2eb4aab6565030f10da5c6,0x1d1d54a5491ef44,0x87657cae3c057aba928d17ac0d42775fe5d31a25b6580cbcf7449c340e459441,3,97797617,0.13112037939360136,1748291146339324,Balanced Dollar,0.08039835,bnUSD,0,1,2025-05-26
cx88fd7df7ddff82f7cc735c871dc519838cb235bb,cxa0af3165c08318e988cb30993b3048335b94af6c,cx21e94c08c03daee80c25d8ee3ea22a20786ec231,0x4baee2cccbb1b9bdf,0x87657cae3c057aba928d17ac0d42775fe5d31a25b6580cbcf7449c340e459441,2,97797617,87.25672908817404,1748291146339324,Balanced Dollar,0.08039835,bnUSD,0,1,2025-05-26
cxf61cd5a45dc9f91c15aa65831a30a90d59a09619,cx21e94c08c03daee80c25d8ee3ea22a20786ec231,cxa0af3165c08318e988cb30993b3048335b94af6c,0x43cab0b8b31bb8286a,0x87657cae3c057aba928d17ac0d42775fe5d31a25b6580cbcf7449c340e459441,1,97797617,1250.537229609506,1748291146339324,Balance Token,0.08039835,BALN,0,1,2025-05-26
cxf61cd5a45dc9f91c15aa65831a30a90d59a09619,hxeb833b2d1790f2fbc63961ceb637f6c704debfad,cx21e94c08c03daee80c25d8ee3ea22a20786ec231,0x43cab0b8b31bb8286a,0x87657cae3c057aba928d17ac0d42775fe5d31a25b6580cbcf7449c340e459441,0,97797617,1250.537229609506,1748291146339324,Balance Token,0.08039835,BALN,0,1,2025-05-26
cxf61cd5a45dc9f91c15aa65831a30a90d59a09619,cx21e94c08c03daee80c25d8ee3ea22a20786ec231,hxeb833b2d1790f2fbc63961ceb637f6c704debfad,0x43cab0b8b31bb8286a,0xf1796aa47fc0277c3d4dbf86e7357e78fda54485dc53b9d5775508ca030d5db0,12,97797615,1250.537229609506,1748291142390067,Balance Token,0.305464675,BALN,0,1,2025-05-26
cx2609b924e33ef00b648a409245c7ea394c467824,cx203d9cd2a669be67177e997b8948ce2c35caffae,cx835b300dcfe01f0bdb794e134a0c5628384f4367,0x62d4bdfda87277b,0xf1796aa47fc0277c3d4dbf86e7357e78fda54485dc53b9d5775508ca030d5db0,9,97797615,0.4450953629956279,1748291142390067,Staked ICX,0.305464675,sICX,0,1,2025-05-26
cx2609b924e33ef00b648a409245c7ea394c467824,cx5faae53c4dbd1fbe4a2eb4aab6565030f10da5c6,cx203d9cd2a669be67177e997b8948ce2c35caffae,0x8d2fead81535cf9,0xf1796aa47fc0277c3d4dbf86e7357e78fda54485dc53b9d5775508ca030d5db0,6,97797615,0.6358505185651827,1748291142390067,Staked ICX,0.305464675,sICX,0,1,2025-05-26
cx2609b924e33ef00b648a409245c7ea394c467824,cx5faae53c4dbd1fbe4a2eb4aab6565030f10da5c6,cxdc30a0d3a1f131565c071272a20bc0b06fd4c17b,0x8d2fead81535cf8,0xf1796aa47fc0277c3d4dbf86e7357e78fda54485dc53b9d5775508ca030d5db0,4,97797615,0.6358505185651827,1748291142390067,Staked ICX,0.305464675,sICX,0,1,2025-05-26
cx2609b924e33ef00b648a409245c7ea394c467824,cxa0af3165c08318e988cb30993b3048335b94af6c,cx5faae53c4dbd1fbe4a2eb4aab6565030f10da5c6,0xbfe3a61a7358626,0xf1796aa47fc0277c3d4dbf86e7357e78fda54485dc53b9d5775508ca030d5db0,3,97797615,0.8641923695932555,1748291142390067,Staked ICX,0.305464675,sICX,0,1,2025-05-26
cxf61cd5a45dc9f91c15aa65831a30a90d59a09619,cxa0af3165c08318e988cb30993b3048335b94af6c,cx21e94c08c03daee80c25d8ee3ea22a20786ec231,0x43cab0b8b31bb8286a,0xf1796aa47fc0277c3d4dbf86e7357e78fda54485dc53b9d5775508ca030d5db0,2,97797615,1250.537229609506,1748291142390067,Balance Token,0.305464675,BALN,0,1,2025-05-26
cx2609b924e33ef00b648a409245c7ea394c467824,cx21e94c08c03daee80c25d8ee3ea22a20786ec231,cxa0af3165c08318e988cb30993b3048335b94af6c,0x1f3b62b3a370b80460,0xf1796aa47fc0277c3d4dbf86e7357e78fda54485dc53b9d5775508ca030d5db0,1,97797615,576.1282463955037,1748291142390067,Staked ICX,0.305464675,sICX,0,1,2025-05-26
cx2609b924e33ef00b648a409245c7ea394c467824,hxeb833b2d1790f2fbc63961ceb637f6c704debfad,cx21e94c08c03daee80c25d8ee3ea22a20786ec231,0x1f3b62b3a370b80460,0xf1796aa47fc0277c3d4dbf86e7357e78fda54485dc53b9d5775508ca030d5db0,0,97797615,576.1282463955037,1748291142390067,Staked ICX,0.305464675,sICX,0,1,2025-05-26
cx2609b924e33ef00b648a409245c7ea394c467824,cx55f6ac86d82a14022c338c8c0033eeceeeab382d,hxeb833b2d1790f2fbc63961ceb637f6c704debfad,0x1f3b62b3a370b80460,0x40e237c0d32b6be5e15824ac516c544a0b82e86997416d9dab03d5f0d0b2bdb1,4,97797612,576.1282463955037,1748291136354940,Staked ICX,0.049298725,sICX,0,1,2025-05-26
cx88fd7df7ddff82f7cc735c871dc519838cb235bb,cx55f6ac86d82a14022c338c8c0033eeceeeab382d,hx35e504e72af8b895dd5c19f8fc7aafc564403341,0x1359921cf76cb02,0x40e237c0d32b6be5e15824ac516c544a0b82e86997416d9dab03d5f0d0b2bdb1,2,97797612,0.08714413829723212,1748291136354940,Balanced Dollar,0.049298725,bnUSD,0,1,2025-05-26
cx88fd7df7ddff82f7cc735c871dc519838cb235bb,cx55f6ac86d82a14022c338c8c0033eeceeeab382d,hx81d4f834b91569b43cde903ec241eb1fce64a171,0x4b82892f0989234fe,0x40e237c0d32b6be5e15824ac516c544a0b82e86997416d9dab03d5f0d0b2bdb1,1,97797612,87.0569941589349,1748291136354940,Balanced Dollar,0.049298725,bnUSD,0,1,2025-05-26
cx88fd7df7ddff82f7cc735c871dc519838cb235bb,hxeb833b2d1790f2fbc63961ceb637f6c704debfad,cx55f6ac86d82a14022c338c8c0033eeceeeab382d,0x4b95e2c1268090000,0x40e237c0d32b6be5e15824ac516c544a0b82e86997416d9dab03d5f0d0b2bdb1,0,97797612,87.14413829723213,1748291136354940,Balanced Dollar,0.049298725,bnUSD,0,1,2025-05-26
cx2609b924e33ef00b648a409245c7ea394c467824,hx81d4f834b91569b43cde903ec241eb1fce64a171,cx55f6ac86d82a14022c338c8c0033eeceeeab382d,0x1f3b62b3a370b80460,0x8cc75601ad24415e8949cc98e59dc49042d235a1ade2cce3dba7d1ca66fc7d93,1,97797609,576.1282463955037,1748291130338527,Staked ICX,0.086473425,sICX,0,1,2025-05-26
cx88fd7df7ddff82f7cc735c871dc519838cb235bb,cxf14dea1cff7ceb29a46e6d04533a08f84441e41d,hx81d4f834b91569b43cde903ec241eb1fce64a171,0x5930b8bb479879c4,0x762227aa36e463e4c5705ee7dcc41057cda546ad44a6fcf41eb8a49982aef023,2,97797576,6.426839782757268,1748291063034415,Balanced Dollar,0.0172881,bnUSD,0,1,2025-05-26
cxf14dea1cff7ceb29a46e6d04533a08f84441e41d,hx81d4f834b91569b43cde903ec241eb1fce64a171,hx23af9c6fbaa5a5c34eb82b9fd354075232bff850,0xaa87bee5380000,0x762227aa36e463e4c5705ee7dcc41057cda546ad44a6fcf41eb8a49982aef023,1,97797576,0.048,1748291063034415,Blobble Stake Token,0.0172881,BST,0,1,2025-05-26
cxf14dea1cff7ceb29a46e6d04533a08f84441e41d,hx81d4f834b91569b43cde903ec241eb1fce64a171,hx0000000000000000000000000000000000000000,0x41f27ed2a4a80000,0x762227aa36e463e4c5705ee7dcc41057cda546ad44a6fcf41eb8a49982aef023,0,97797576,4.752,1748291063034415,Blobble Stake Token,0.0172881,BST,0,1,2025-05-26
cxf14dea1cff7ceb29a46e6d04533a08f84441e41d,cx21e94c08c03daee80c25d8ee3ea22a20786ec231,hx81d4f834b91569b43cde903ec241eb1fce64a171,0xb25a4321e6ff38c,0x84b81bd8a060d1124489329f11ee3b9daf5b04fd3c9d2efce122f6d99859cacb,5,97797564,0.803228643721475,1748291039111891,Blobble Stake Token,0.0659235,BST,0,1,2025-05-26
cx88fd7df7ddff82f7cc735c871dc519838cb235bb,cxa0af3165c08318e988cb30993b3048335b94af6c,cx5faae53c4dbd1fbe4a2eb4aab6565030f10da5c6,0x479f69c6ac000,0x84b81bd8a060d1124489329f11ee3b9daf5b04fd3c9d2efce122f6d99859cacb,3,97797564,0.00126,1748291039111891,Balanced Dollar,0.0659235,bnUSD,0,1,2025-05-26
cxf14dea1cff7ceb29a46e6d04533a08f84441e41d,cxa0af3165c08318e988cb30993b3048335b94af6c,cx21e94c08c03daee80c25d8ee3ea22a20786ec231,0xb25a4321e6ff38c,0x84b81bd8a060d1124489329f11ee3b9daf5b04fd3c9d2efce122f6d99859cacb,2,97797564,0.803228643721475,1748291039111891,Blobble Stake Token,0.0659235,BST,0,1,2025-05-26
cx88fd7df7ddff82f7cc735c871dc519838cb235bb,cx21e94c08c03daee80c25d8ee3ea22a20786ec231,cxa0af3165c08318e988cb30993b3048335b94af6c,0xba8478cab540000,0x84b81bd8a060d1124489329f11ee3b9daf5b04fd3c9d2efce122f6d99859cacb,1,97797564,0.84,1748291039111891,Balanced Dollar,0.0659235,bnUSD,0,1,2025-05-26
cx88fd7df7ddff82f7cc735c871dc519838cb235bb,hx81d4f834b91569b43cde903ec241eb1fce64a171,cx21e94c08c03daee80c25d8ee3ea22a20786ec231,0xba8478cab540000,0x84b81bd8a060d1124489329f11ee3b9daf5b04fd3c9d2efce122f6d99859cacb,0,97797564,0.84,1748291039111891,Balanced Dollar,0.0659235,bnUSD,0,1,2025-05-26
cxf14dea1cff7ceb29a46e6d04533a08f84441e41d,cx21e94c08c03daee80c25d8ee3ea22a20786ec231,hx81d4f834b91569b43cde903ec241eb1fce64a171,0xc455c0c76604cc5,0x324bd88801deecbc6a35b8b89ac6e29a8f4c6dfac55f28cd448a9571555a4b98,5,97797553,0.884214110443556,1748291016995347,Blobble Stake Token,0.0659235,BST,0,1,2025-05-26
cx88fd7df7ddff82f7cc735c871dc519838cb235bb,cxa0af3165c08318e988cb30993b3048335b94af6c,cx5faae53c4dbd1fbe4a2eb4aab6565030f10da5c6,0x3ff2e795f5000,0x324bd88801deecbc6a35b8b89ac6e29a8f4c6dfac55f28cd448a9571555a4b98,3,97797553,0.001125,1748291016995347,Balanced Dollar,0.0659235,bnUSD,0,1,2025-05-26
cxf14dea1cff7ceb29a46e6d04533a08f84441e41d,cxa0af3165c08318e988cb30993b3048335b94af6c,cx21e94c08c03daee80c25d8ee3ea22a20786ec231,0xc455c0c76604cc5,0x324bd88801deecbc6a35b8b89ac6e29a8f4c6dfac55f28cd448a9571555a4b98,2,97797553,0.884214110443556,1748291016995347,Blobble Stake Token,0.0659235,BST,0,1,2025-05-26
cx88fd7df7ddff82f7cc735c871dc519838cb235bb,cx21e94c08c03daee80c25d8ee3ea22a20786ec231,cxa0af3165c08318e988cb30993b3048335b94af6c,0xa688906bd8b0000,0x324bd88801deecbc6a35b8b89ac6e29a8f4c6dfac55f28cd448a9571555a4b98,1,97797553,0.75,1748291016995347,Balanced Dollar,0.0659235,bnUSD,0,1,2025-05-26
cx88fd7df7ddff82f7cc735c871dc519838cb235bb,hx81d4f834b91569b43cde903ec241eb1fce64a171,cx21e94c08c03daee80c25d8ee3ea22a20786ec231,0xa688906bd8b0000,0x324bd88801deecbc6a35b8b89ac6e29a8f4c6dfac55f28cd448a9571555a4b98,0,97797553,0.75,1748291016995347,Balanced Dollar,0.0659235,bnUSD,0,1,2025-05-26
cxf14dea1cff7ceb29a46e6d04533a08f84441e41d,cx21e94c08c03daee80c25d8ee3ea22a20786ec231,hx81d4f834b91569b43cde903ec241eb1fce64a171,0xdb6e31c862a58dc,0x5de21a1c821f485f4d6cc174bb93d9482829a57a595c7980916d8f55ef2f9ec0,5,97797546,0.9882268799039142,1748291003007984,Blobble Stake Token,0.06591875,BST,0,1,2025-05-26
cx88fd7df7ddff82f7cc735c871dc519838cb235bb,cxa0af3165c08318e988cb30993b3048335b94af6c,cx5faae53c4dbd1fbe4a2eb4aab6565030f10da5c6,0x39faf41abc000,0x5de21a1c821f485f4d6cc174bb93d9482829a57a595c7980916d8f55ef2f9ec0,3,97797546,0.00102,1748291003007984,Balanced Dollar,0.06591875,bnUSD,0,1,2025-05-26
cxf14dea1cff7ceb29a46e6d04533a08f84441e41d,cxa0af3165c08318e988cb30993b3048335b94af6c,cx21e94c08c03daee80c25d8ee3ea22a20786ec231,0xdb6e31c862a58dc,0x5de21a1c821f485f4d6cc174bb93d9482829a57a595c7980916d8f55ef2f9ec0,2,97797546,0.9882268799039142,1748291003007984,Blobble Stake Token,0.06591875,BST,0,1,2025-05-26
cx88fd7df7ddff82f7cc735c871dc519838cb235bb,cx21e94c08c03daee80c25d8ee3ea22a20786ec231,cxa0af3165c08318e988cb30993b3048335b94af6c,0x96fd865af440000,0x5de21a1c821f485f4d6cc174bb93d9482829a57a595c7980916d8f55ef2f9ec0,1,97797546,0.68,1748291003007984,Balanced Dollar,0.06591875,bnUSD,0,1,2025-05-26
cx88fd7df7ddff82f7cc735c871dc519838cb235bb,hx81d4f834b91569b43cde903ec241eb1fce64a171,cx21e94c08c03daee80c25d8ee3ea22a20786ec231,0x96fd865af440000,0x5de21a1c821f485f4d6cc174bb93d9482829a57a595c7980916d8f55ef2f9ec0,0,97797546,0.68,1748291003007984,Balanced Dollar,0.06591875,bnUSD,0,1,2025-05-26
cxf14dea1cff7ceb29a46e6d04533a08f84441e41d,cx21e94c08c03daee80c25d8ee3ea22a20786ec231,hx81d4f834b91569b43cde903ec241eb1fce64a171,0xee4e8739ee21ccd,0xf5ad1ff93f1faba2150c0b0e4e10db355caafa0ce09d5e4e3cefce93785eedee,5,97797537,1.0732381945055225,1748290984987662,Blobble Stake Token,0.0659296875,BST,0,1,2025-05-26
cx88fd7df7ddff82f7cc735c871dc519838cb235bb,cxa0af3165c08318e988cb30993b3048335b94af6c,cx5faae53c4dbd1fbe4a2eb4aab6565030f10da5c6,0x3328b944c4000,0xf5ad1ff93f1faba2150c0b0e4e10db355caafa0ce09d5e4e3cefce93785eedee,3,97797537,0.0009,1748290984987662,Balanced Dollar,0.0659296875,bnUSD,0,1,2025-05-26
cxf14dea1cff7ceb29a46e6d04533a08f84441e41d,cxa0af3165c08318e988cb30993b3048335b94af6c,cx21e94c08c03daee80c25d8ee3ea22a20786ec231,0xee4e8739ee21ccd,0xf5ad1ff93f1faba2150c0b0e4e10db355caafa0ce09d5e4e3cefce93785eedee,2,97797537,1.0732381945055225,1748290984987662,Blobble Stake Token,0.0659296875,BST,0,1,2025-05-26
cx88fd7df7ddff82f7cc735c871dc519838cb235bb,cx21e94c08c03daee80c25d8ee3ea22a20786ec231,cxa0af3165c08318e988cb30993b3048335b94af6c,0x853a0d2313c0000,0xf5ad1ff93f1faba2150c0b0e4e10db355caafa0ce09d5e4e3cefce93785eedee,1,97797537,0.6,1748290984987662,Balanced Dollar,0.0659296875,bnUSD,0,1,2025-05-26
cx88fd7df7ddff82f7cc735c871dc519838cb235bb,hx81d4f834b91569b43cde903ec241eb1fce64a171,cx21e94c08c03daee80c25d8ee3ea22a20786ec231,0x853a0d2313c0000,0xf5ad1ff93f1faba2150c0b0e4e10db355caafa0ce09d5e4e3cefce93785eedee,0,97797537,0.6,1748290984987662,Balanced Dollar,0.0659296875,bnUSD,0,1,2025-05-26
cxf14dea1cff7ceb29a46e6d04533a08f84441e41d,cx21e94c08c03daee80c25d8ee3ea22a20786ec231,hx81d4f834b91569b43cde903ec241eb1fce64a171,0xf1e395d90c6e1c9,0xbfc30ee95446b9764ef69acd7f786c6ddccd602ac455084fac0cc6408c62d143,5,97797530,1.0893712338939334,1748290971004484,Blobble Stake Token,0.0659296875,BST,0,1,2025-05-26
cx88fd7df7ddff82f7cc735c871dc519838cb235bb,cxa0af3165c08318e988cb30993b3048335b94af6c,cx5faae53c4dbd1fbe4a2eb4aab6565030f10da5c6,0x2aa1efb94e000,0xbfc30ee95446b9764ef69acd7f786c6ddccd602ac455084fac0cc6408c62d143,3,97797530,0.00075,1748290971004484,Balanced Dollar,0.0659296875,bnUSD,0,1,2025-05-26
cxf14dea1cff7ceb29a46e6d04533a08f84441e41d,cxa0af3165c08318e988cb30993b3048335b94af6c,cx21e94c08c03daee80c25d8ee3ea22a20786ec231,0xf1e395d90c6e1c9,0xbfc30ee95446b9764ef69acd7f786c6ddccd602ac455084fac0cc6408c62d143,2,97797530,1.0893712338939334,1748290971004484,Blobble Stake Token,0.0659296875,BST,0,1,2025-05-26
cx88fd7df7ddff82f7cc735c871dc519838cb235bb,cx21e94c08c03daee80c25d8ee3ea22a20786ec231,cxa0af3165c08318e988cb30993b3048335b94af6c,0x6f05b59d3b20000,0xbfc30ee95446b9764ef69acd7f786c6ddccd602ac455084fac0cc6408c62d143,1,97797530,0.5,1748290971004484,Balanced Dollar,0.0659296875,bnUSD,0,1,2025-05-26
cx88fd7df7ddff82f7cc735c871dc519838cb235bb,hx81d4f834b91569b43cde903ec241eb1fce64a171,cx21e94c08c03daee80c25d8ee3ea22a20786ec231,0x6f05b59d3b20000,0xbfc30ee95446b9764ef69acd7f786c6ddccd602ac455084fac0cc6408c62d143,0,97797530,0.5,1748290971004484,Balanced Dollar,0.0659296875,bnUSD,0,1,2025-05-26
cxf61cd5a45dc9f91c15aa65831a30a90d59a09619,cx10d59e8103ab44635190bd4139dbfd682fa2d07e,hx81d4f834b91569b43cde903ec241eb1fce64a171,0x6c9118f08786bd55,0x0660e5a317dc9a39b3b64e0d6d6f9f73d0ff97ee52d2bf27906f95094440d873,4,97797517,7.823061449064235,1748290945157631,Balance Token,0.1531130375,BALN,0,1,2025-05-26
cx2609b924e33ef00b648a409245c7ea394c467824,cx10d59e8103ab44635190bd4139dbfd682fa2d07e,hx81d4f834b91569b43cde903ec241eb1fce64a171,0x108baeef01e931891a,0x0660e5a317dc9a39b3b64e0d6d6f9f73d0ff97ee52d2bf27906f95094440d873,2,97797517,305.2131501880588,1748290945157631,Staked ICX,0.1531130375,sICX,0,1,2025-05-26
cxf61cd5a45dc9f91c15aa65831a30a90d59a09619,cxd82fb5d3effecd8c9071a4bba3856ad7222c4b91,hx81d4f834b91569b43cde903ec241eb1fce64a171,0xdfb19aff239d415e,0x882d702cb631a39108c9a6cde2ba380cfa9f9f4b309d973c94659b36d84bfebd,7,97797514,16.11883496194056,1748290939079594,Balance Token,0.2229010375,BALN,0,1,2025-05-26
cx88fd7df7ddff82f7cc735c871dc519838cb235bb,cxd82fb5d3effecd8c9071a4bba3856ad7222c4b91,hx81d4f834b91569b43cde903ec241eb1fce64a171,0x168ad87fb83a01bc9,0x882d702cb631a39108c9a6cde2ba380cfa9f9f4b309d973c94659b36d84bfebd,6,97797514,25.98957853893985,1748290939079594,Balanced Dollar,0.2229010375,bnUSD,0,1,2025-05-26
cx2609b924e33ef00b648a409245c7ea394c467824,cxd82fb5d3effecd8c9071a4bba3856ad7222c4b91,hx81d4f834b91569b43cde903ec241eb1fce64a171,0xeafb3c4a187867b46,0x882d702cb631a39108c9a6cde2ba380cfa9f9f4b309d973c94659b36d84bfebd,5,97797514,270.91509620744483,1748290939079594,Staked ICX,0.2229010375,sICX,0,1,2025-05-26
cxf61cd5a45dc9f91c15aa65831a30a90d59a09619,cx9345f80d6c98357ccbb70392b14162199c2c5f66,cxd82fb5d3effecd8c9071a4bba3856ad7222c4b91,0x119353fdb9773876,0x882d702cb631a39108c9a6cde2ba380cfa9f9f4b309d973c94659b36d84bfebd,3,97797514,1.2664482694246708,1748290939079594,Balance Token,0.2229010375,BALN,0,1,2025-05-26
cx2609b924e33ef00b648a409245c7ea394c467824,cx9345f80d6c98357ccbb70392b14162199c2c5f66,cxd82fb5d3effecd8c9071a4bba3856ad7222c4b91,0x126bb6bbde745f25e,0x882d702cb631a39108c9a6cde2ba380cfa9f9f4b309d973c94659b36d84bfebd,2,97797514,21.237686931168817,1748290939079594,Staked ICX,0.2229010375,sICX,0,1,2025-05-26
cx88fd7df7ddff82f7cc735c871dc519838cb235bb,hx0000000000000000000000000000000000000000,cx5faae53c4dbd1fbe4a2eb4aab6565030f10da5c6,0x0,0x882d702cb631a39108c9a6cde2ba380cfa9f9f4b309d973c94659b36d84bfebd,1,97797514,0.0,1748290939079594,Balanced Dollar,0.2229010375,bnUSD,0,1,2025-05-26
cx88fd7df7ddff82f7cc735c871dc519838cb235bb,hx0000000000000000000000000000000000000000,cxd82fb5d3effecd8c9071a4bba3856ad7222c4b91,0x1c2f0e79013582fb,0x882d702cb631a39108c9a6cde2ba380cfa9f9f4b309d973c94659b36d84bfebd,0,97797514,2.030857869841499,1748290939079594,Balanced Dollar,0.2229010375,bnUSD,0,1,2025-05-26
cx6139a27c15f1653471ffba0b4b88dc15de7e3267,hx0000000000000000000000000000000000000000,hx8d8c3fb923e07671c8e6348f03a88bc398d82d05,0x1aff23697ba0880000,0xa1afb25e482df51421f57b23381230a97440bb9897894740a355b32265a6f068,0,97797427,498.0,1748290764928907,GangstaBet Token,0.0126846,GBET,0,1,2025-05-26
cx88fd7df7ddff82f7cc735c871dc519838cb235bb,cxa0af3165c08318e988cb30993b3048335b94af6c,hx4dc7903504bb800a462378348a42f53742759e0b,0x12d6dc0b2b8f689,0x991c422e81d0d608922cb842ff561e16ac1b9809e2a193b869120f1a503a55a9,3,97797262,0.08484464238952205,1748290434799641,Balanced Dollar,0.0347527125,bnUSD,0,3,2025-05-26
cx07b184a37f03c6ab681fcbd0b45aec6dc3eafbeb,hx4dc7903504bb800a462378348a42f53742759e0b,cxa0af3165c08318e988cb30993b3048335b94af6c,0xe8f1c8af2885,0xfdccdc1ac0db07d1d858b7f87a1804190c20b234858804e40933f7f6f50e2ac0,0,97797262,0.000256125151684741,1748290434799641,Bitcoin,0.0215937625,BTC,0,2,2025-05-26
cx88fd7df7ddff82f7cc735c871dc519838cb235bb,hx4dc7903504bb800a462378348a42f53742759e0b,cxa0af3165c08318e988cb30993b3048335b94af6c,0x1855d59197c24f000,0x43d7d29169a154781df0552371091d12ca991e0efbe470bb60d739532b440253,0,97797262,28.05667921957991,1748290434799641,Balanced Dollar,0.02221895,bnUSD,0,1,2025-05-26
cx07b184a37f03c6ab681fcbd0b45aec6dc3eafbeb,cx21e94c08c03daee80c25d8ee3ea22a20786ec231,hx4dc7903504bb800a462378348a42f53742759e0b,0xe90f9c361bcb,0xfb1749b9f1f6543d76906d9a9a7f3ddd2076585a17a510ef14aba189b5126b27,13,97797260,0.000256253254573003,1748290430799371,Bitcoin,0.258957075,BTC,0,2,2025-05-26
cx88fd7df7ddff82f7cc735c871dc519838cb235bb,cxa0af3165c08318e988cb30993b3048335b94af6c,cx5faae53c4dbd1fbe4a2eb4aab6565030f10da5c6,0x9594e28039b820,0xfb1749b9f1f6543d76906d9a9a7f3ddd2076585a17a510ef14aba189b5126b27,11,97797260,0.042103472064673825,1748290430799371,Balanced Dollar,0.258957075,bnUSD,0,2,2025-05-26
cx07b184a37f03c6ab681fcbd0b45aec6dc3eafbeb,cxa0af3165c08318e988cb30993b3048335b94af6c,cx21e94c08c03daee80c25d8ee3ea22a20786ec231,0xe90f9c361bcb,0xfb1749b9f1f6543d76906d9a9a7f3ddd2076585a17a510ef14aba189b5126b27,10,97797260,0.000256253254573003,1748290430799371,Bitcoin,0.258957075,BTC,0,2,2025-05-26
cx88fd7df7ddff82f7cc735c871dc519838cb235bb,cx21e94c08c03daee80c25d8ee3ea22a20786ec231,cxa0af3165c08318e988cb30993b3048335b94af6c,0x185890dd8964f8045,0xfb1749b9f1f6543d76906d9a9a7f3ddd2076585a17a510ef14aba189b5126b27,9,97797260,28.068981376449216,1748290430799371,Balanced Dollar,0.258957075,bnUSD,0,2,2025-05-26
cx88fd7df7ddff82f7cc735c871dc519838cb235bb,cxa0af3165c08318e988cb30993b3048335b94af6c,cx5faae53c4dbd1fbe4a2eb4aab6565030f10da5c6,0x9606ec26fb23c0,0xfb1749b9f1f6543d76906d9a9a7f3ddd2076585a17a510ef14aba189b5126b27,7,97797260,0.04222885784263981,1748290430799371,Balanced Dollar,0.258957075,bnUSD,0,2,2025-05-26
cx88fd7df7ddff82f7cc735c871dc519838cb235bb,cxa0af3165c08318e988cb30993b3048335b94af6c,cx21e94c08c03daee80c25d8ee3ea22a20786ec231,0x185890dd8964f8045,0xfb1749b9f1f6543d76906d9a9a7f3ddd2076585a17a510ef14aba189b5126b27,6,97797260,28.068981376449216,1748290430799371,Balanced Dollar,0.258957075,bnUSD,0,2,2025-05-26
cx2609b924e33ef00b648a409245c7ea394c467824,cx21e94c08c03daee80c25d8ee3ea22a20786ec231,cxa0af3165c08318e988cb30993b3048335b94af6c,0xa16c584ecb920c48a,0xfb1749b9f1f6543d76906d9a9a7f3ddd2076585a17a510ef14aba189b5126b27,5,97797260,186.108304528595,1748290430799371,Staked ICX,0.258957075,sICX,0,2,2025-05-26
cx2609b924e33ef00b648a409245c7ea394c467824,hx0000000000000000000000000000000000000000,cx21e94c08c03daee80c25d8ee3ea22a20786ec231,0xa16c584ecb920c48a,0xfb1749b9f1f6543d76906d9a9a7f3ddd2076585a17a510ef14aba189b5126b27,3,97797260,186.108304528595,1748290430799371,Staked ICX,0.258957075,sICX,0,2,2025-05-26
cx88fd7df7ddff82f7cc735c871dc519838cb235bb,cx21e94c08c03daee80c25d8ee3ea22a20786ec231,hx4dc7903504bb800a462378348a42f53742759e0b,0x1858f362ec1ced4b9,0xe723c96747a52bf564363d92448f076565b543ab3004c1f856a94ba87cf153e8,9,97797260,28.070714576871545,1748290430799371,Balanced Dollar,0.201426275,bnUSD,0,1,2025-05-26
cx88fd7df7ddff82f7cc735c871dc519838cb235bb,cxa0af3165c08318e988cb30993b3048335b94af6c,cx5faae53c4dbd1fbe4a2eb4aab6565030f10da5c6,0x96094b423fb80e,0xe723c96747a52bf564363d92448f076565b543ab3004c1f856a94ba87cf153e8,7,97797260,0.04223146534526773,1748290430799371,Balanced Dollar,0.201426275,bnUSD,0,1,2025-05-26
cx88fd7df7ddff82f7cc735c871dc519838cb235bb,cxa0af3165c08318e988cb30993b3048335b94af6c,cx21e94c08c03daee80c25d8ee3ea22a20786ec231,0x1858f362ec1ced4b9,0xe723c96747a52bf564363d92448f076565b543ab3004c1f856a94ba87cf153e8,6,97797260,28.070714576871545,1748290430799371,Balanced Dollar,0.201426275,bnUSD,0,1,2025-05-26
cx2609b924e33ef00b648a409245c7ea394c467824,cx21e94c08c03daee80c25d8ee3ea22a20786ec231,cxa0af3165c08318e988cb30993b3048335b94af6c,0xa16c584ecb920c48a,0xe723c96747a52bf564363d92448f076565b543ab3004c1f856a94ba87cf153e8,5,97797260,186.108304528595,1748290430799371,Staked ICX,0.201426275,sICX,0,1,2025-05-26
cx2609b924e33ef00b648a409245c7ea394c467824,hx0000000000000000000000000000000000000000,cx21e94c08c03daee80c25d8ee3ea22a20786ec231,0xa16c584ecb920c48a,0xe723c96747a52bf564363d92448f076565b543ab3004c1f856a94ba87cf153e8,3,97797260,186.108304528595,1748290430799371,Staked ICX,0.201426275,sICX,0,1,2025-05-26
cx3975b43d260fb8ec802cef6e60c2f4d07486f11d,hx9092a3fc19763f078f069b5406c4433f37b7ea56,hx0000000000000000000000000000000000000000,0xd8d726b7177a80000,0x0a965cf05c986a4859996d35ed47a56fc5640f0bf6059d622545ce38676b1671,2,97796983,250.0,1748289876578013,Wrapped ICX,0.00827675,wICX,0,1,2025-05-26
cx3975b43d260fb8ec802cef6e60c2f4d07486f11d,cx55f6ac86d82a14022c338c8c0033eeceeeab382d,hx9092a3fc19763f078f069b5406c4433f37b7ea56,0xd8d726b7177a80000,0x0a965cf05c986a4859996d35ed47a56fc5640f0bf6059d622545ce38676b1671,1,97796983,250.0,1748289876578013,Wrapped ICX,0.00827675,wICX,0,1,2025-05-26
cx88fd7df7ddff82f7cc735c871dc519838cb235bb,cxa0af3165c08318e988cb30993b3048335b94af6c,cx5faae53c4dbd1fbe4a2eb4aab6565030f10da5c6,0x2cde8355cb1c80b,0xbf2222718fdba88ca3abd6af1d14b40bc9348cd974857a12ad7e0bedda52a192,2,97796981,0.20207287418760603,1748289872681660,Balanced Dollar,0.0569780125,bnUSD,0,1,2025-05-26
cx88fd7df7ddff82f7cc735c871dc519838cb235bb,cxa0af3165c08318e988cb30993b3048335b94af6c,hxd75467e3e4ce64e3424c747dfb71503017440433,0x7491e025f4969e8ed,0xbf2222718fdba88ca3abd6af1d14b40bc9348cd974857a12ad7e0bedda52a192,1,97796981,134.39585973831376,1748289872681660,Balanced Dollar,0.0569780125,bnUSD,0,1,2025-05-26
cx4297f4b63262507623b6ad575d0d8dd2db980e4e,hxd75467e3e4ce64e3424c747dfb71503017440433,cxa0af3165c08318e988cb30993b3048335b94af6c,0x8ac7230489e80000,0xbf2222718fdba88ca3abd6af1d14b40bc9348cd974857a12ad7e0bedda52a192,0,97796981,10.0,1748289872681660,Injective,0.0569780125,INJ,0,1,2025-05-26
cxf61cd5a45dc9f91c15aa65831a30a90d59a09619,cx9345f80d6c98357ccbb70392b14162199c2c5f66,cxd82fb5d3effecd8c9071a4bba3856ad7222c4b91,0x14ccf65dd87b6d7d,0x8835cdba8e746f1797e4db46c6fec54b7c02e4f1937a9c69cb2d6ec38142f192,9,97796920,1.4988436589318916,1748289750652145,Balance Token,0.1802852875,BALN,0,1,2025-05-26
cx2609b924e33ef00b648a409245c7ea394c467824,cx9345f80d6c98357ccbb70392b14162199c2c5f66,cxd82fb5d3effecd8c9071a4bba3856ad7222c4b91,0x15cd0e234ca99e4a9,0x8835cdba8e746f1797e4db46c6fec54b7c02e4f1937a9c69cb2d6ec38142f192,8,97796920,25.134838236719997,1748289750652145,Staked ICX,0.1802852875,sICX,0,1,2025-05-26
cx88fd7df7ddff82f7cc735c871dc519838cb235bb,cx203d9cd2a669be67177e997b8948ce2c35caffae,cx835b300dcfe01f0bdb794e134a0c5628384f4367,0xc5132556b586ccf,0x8835cdba8e746f1797e4db46c6fec54b7c02e4f1937a9c69cb2d6ec38142f192,6,97796920,0.8875459440232645,1748289750652145,Balanced Dollar,0.1802852875,bnUSD,0,1,2025-05-26
cx88fd7df7ddff82f7cc735c871dc519838cb235bb,cx5faae53c4dbd1fbe4a2eb4aab6565030f10da5c6,cx203d9cd2a669be67177e997b8948ce2c35caffae,0x1198910c50352dba,0x8835cdba8e746f1797e4db46c6fec54b7c02e4f1937a9c69cb2d6ec38142f192,4,97796920,1.2679227771760921,1748289750652145,Balanced Dollar,0.1802852875,bnUSD,0,1,2025-05-26
cx88fd7df7ddff82f7cc735c871dc519838cb235bb,cx5faae53c4dbd1fbe4a2eb4aab6565030f10da5c6,cxdc30a0d3a1f131565c071272a20bc0b06fd4c17b,0x1198910c50352dba,0x8835cdba8e746f1797e4db46c6fec54b7c02e4f1937a9c69cb2d6ec38142f192,3,97796920,1.2679227771760921,1748289750652145,Balanced Dollar,0.1802852875,bnUSD,0,1,2025-05-26
cx88fd7df7ddff82f7cc735c871dc519838cb235bb,hx0000000000000000000000000000000000000000,cx5faae53c4dbd1fbe4a2eb4aab6565030f10da5c6,0x0,0x8835cdba8e746f1797e4db46c6fec54b7c02e4f1937a9c69cb2d6ec38142f192,2,97796920,0.0,1748289750652145,Balanced Dollar,0.1802852875,bnUSD,0,1,2025-05-26
cx88fd7df7ddff82f7cc735c871dc519838cb235bb,hx0000000000000000000000000000000000000000,cxd82fb5d3effecd8c9071a4bba3856ad7222c4b91,0x21620c4938c4ff7d,0x8835cdba8e746f1797e4db46c6fec54b7c02e4f1937a9c69cb2d6ec38142f192,1,97796920,2.405498659593847,1748289750652145,Balanced Dollar,0.1802852875,bnUSD,0,1,2025-05-26
cx88fd7df7ddff82f7cc735c871dc519838cb235bb,hx0000000000000000000000000000000000000000,cx5faae53c4dbd1fbe4a2eb4aab6565030f10da5c6,0x853a0d2313c000,0xf7b8c2a311fe3b3bf6165c93576fe9273490051a1ad57138133a9865ec7293be,9,97796821,0.0375,1748289552561720,Balanced Dollar,0.1205517625,bnUSD,0,1,2025-05-26
cx88fd7df7ddff82f7cc735c871dc519838cb235bb,hx0000000000000000000000000000000000000000,cx66d4d90f5f113eba575bf793570135f9b10cece1,0x1043561a882930000,0xf7b8c2a311fe3b3bf6165c93576fe9273490051a1ad57138133a9865ec7293be,0,97796821,18.75,1748289552561720,Balanced Dollar,0.1205517625,bnUSD,0,1,2025-05-26
cx518f64edcd35db9044a2de63fdc10abfd5f7d611,hx0000000000000000000000000000000000000000,cx66d4d90f5f113eba575bf793570135f9b10cece1,0x4fef8fe0,0xac217c25c07d8c1ed09f6f6b48ae2ff9cef88124e020b13d69977130b96ea829,1,97796755,134.11,1748289420519497,Stellar,0.037163375,XLM,0,1,2025-05-26
cx3975b43d260fb8ec802cef6e60c2f4d07486f11d,hx9092a3fc19763f078f069b5406c4433f37b7ea56,cx55f6ac86d82a14022c338c8c0033eeceeeab382d,0xd8d726b7177a80000,0x38e7437873561ea52e5f9775dc48ee820a3614631cce9ff82a46cb1f764d3476,1,97796721,250.0,1748289352495176,Wrapped ICX,0.0100541,wICX,0,1,2025-05-26
cx3975b43d260fb8ec802cef6e60c2f4d07486f11d,hx0000000000000000000000000000000000000000,hx9092a3fc19763f078f069b5406c4433f37b7ea56,0xd8d726b7177a80000,0x38e7437873561ea52e5f9775dc48ee820a3614631cce9ff82a46cb1f764d3476,0,97796721,250.0,1748289352495176,Wrapped ICX,0.0100541,wICX,0,1,2025-05-26
cx518f64edcd35db9044a2de63fdc10abfd5f7d611,cx21e94c08c03daee80c25d8ee3ea22a20786ec231,hx0000000000000000000000000000000000000000,0x55d0952d,0x6b472a1d733e010bfb66ef31d57bcee9f6c235e9357531f30cdb383dcea3faef,19,97796674,143.9733037,1748289258429178,Stellar,0.374449625,XLM,0,1,2025-05-26
cx2609b924e33ef00b648a409245c7ea394c467824,cxa0af3165c08318e988cb30993b3048335b94af6c,cx5faae53c4dbd1fbe4a2eb4aab6565030f10da5c6,0x5a7c2f95b7133cb,0x6b472a1d733e010bfb66ef31d57bcee9f6c235e9357531f30cdb383dcea3faef,15,97796674,0.40750866753710996,1748289258429178,Staked ICX,0.374449625,sICX,0,1,2025-05-26
cx518f64edcd35db9044a2de63fdc10abfd5f7d611,cxa0af3165c08318e988cb30993b3048335b94af6c,cx21e94c08c03daee80c25d8ee3ea22a20786ec231,0x55d0952d,0x6b472a1d733e010bfb66ef31d57bcee9f6c235e9357531f30cdb383dcea3faef,14,97796674,143.9733037,1748289258429178,Stellar,0.374449625,XLM,0,1,2025-05-26
cx2609b924e33ef00b648a409245c7ea394c467824,cx21e94c08c03daee80c25d8ee3ea22a20786ec231,cxa0af3165c08318e988cb30993b3048335b94af6c,0xeba36695e2176e0cd,0x6b472a1d733e010bfb66ef31d57bcee9f6c235e9357531f30cdb383dcea3faef,13,97796674,271.67244502474,1748289258429178,Staked ICX,0.374449625,sICX,0,1,2025-05-26
cx2609b924e33ef00b648a409245c7ea394c467824,cx203d9cd2a669be67177e997b8948ce2c35caffae,cx835b300dcfe01f0bdb794e134a0c5628384f4367,0x2247abfa794ea5f,0x6b472a1d733e010bfb66ef31d57bcee9f6c235e9357531f30cdb383dcea3faef,10,97796674,0.1543832508063361,1748289258429178,Staked ICX,0.374449625,sICX,0,1,2025-05-26
cx2609b924e33ef00b648a409245c7ea394c467824,cx5faae53c4dbd1fbe4a2eb4aab6565030f10da5c6,cx203d9cd2a669be67177e997b8948ce2c35caffae,0x30f8ac8a6427364,0x6b472a1d733e010bfb66ef31d57bcee9f6c235e9357531f30cdb383dcea3faef,7,97796674,0.22054750115190871,1748289258429178,Staked ICX,0.374449625,sICX,0,1,2025-05-26
cx2609b924e33ef00b648a409245c7ea394c467824,cx5faae53c4dbd1fbe4a2eb4aab6565030f10da5c6,cxdc30a0d3a1f131565c071272a20bc0b06fd4c17b,0x30f8ac8a6427363,0x6b472a1d733e010bfb66ef31d57bcee9f6c235e9357531f30cdb383dcea3faef,5,97796674,0.22054750115190871,1748289258429178,Staked ICX,0.374449625,sICX,0,1,2025-05-26
cx2609b924e33ef00b648a409245c7ea394c467824,cxa0af3165c08318e988cb30993b3048335b94af6c,cx5faae53c4dbd1fbe4a2eb4aab6565030f10da5c6,0x5ac0d176b26ab5a,0x6b472a1d733e010bfb66ef31d57bcee9f6c235e9357531f30cdb383dcea3faef,4,97796674,0.4087160604169778,1748289258429178,Staked ICX,0.374449625,sICX,0,1,2025-05-26
cx2609b924e33ef00b648a409245c7ea394c467824,cxa0af3165c08318e988cb30993b3048335b94af6c,cx21e94c08c03daee80c25d8ee3ea22a20786ec231,0xeba36695e2176e0cd,0x6b472a1d733e010bfb66ef31d57bcee9f6c235e9357531f30cdb383dcea3faef,3,97796674,271.67244502474,1748289258429178,Staked ICX,0.374449625,sICX,0,1,2025-05-26
cx3975b43d260fb8ec802cef6e60c2f4d07486f11d,cx21e94c08c03daee80c25d8ee3ea22a20786ec231,cxa0af3165c08318e988cb30993b3048335b94af6c,0x13c9647e25a9940000,0x6b472a1d733e010bfb66ef31d57bcee9f6c235e9357531f30cdb383dcea3faef,2,97796674,365.0,1748289258429178,Wrapped ICX,0.374449625,wICX,0,1,2025-05-26
cx3975b43d260fb8ec802cef6e60c2f4d07486f11d,hxf302ee867340f9d60982b76d23bab582e473a26b,cx21e94c08c03daee80c25d8ee3ea22a20786ec231,0x13c9647e25a9940000,0x6b472a1d733e010bfb66ef31d57bcee9f6c235e9357531f30cdb383dcea3faef,1,97796674,365.0,1748289258429178,Wrapped ICX,0.374449625,wICX,0,1,2025-05-26
cx3975b43d260fb8ec802cef6e60c2f4d07486f11d,hx0000000000000000000000000000000000000000,hxf302ee867340f9d60982b76d23bab582e473a26b,0x13c9647e25a9940000,0x6b472a1d733e010bfb66ef31d57bcee9f6c235e9357531f30cdb383dcea3faef,0,97796674,365.0,1748289258429178,Wrapped ICX,0.374449625,wICX,0,1,2025-05-26
cx88fd7df7ddff82f7cc735c871dc519838cb235bb,cxa0af3165c08318e988cb30993b3048335b94af6c,hx4dc7903504bb800a462378348a42f53742759e0b,0x12d7730bf1d2a76,0x938f4b1f2af41895fd99017352b7c7385eb2bae3661709ea13d00c640aa73e7b,3,97796519,0.08485501923840268,1748288948367823,Balanced Dollar,0.0347527125,bnUSD,0,3,2025-05-26
cx07b184a37f03c6ab681fcbd0b45aec6dc3eafbeb,hx4dc7903504bb800a462378348a42f53742759e0b,cxa0af3165c08318e988cb30993b3048335b94af6c,0xe8fd9f9a7e5f,0x36f806b6fff4b2b25d9535e14cf9221c005e0408a968d251e153d87b7526aeaa,0,97796519,0.000256176002072159,1748288948367823,Bitcoin,0.0215937625,BTC,0,2,2025-05-26
cx88fd7df7ddff82f7cc735c871dc519838cb235bb,hx4dc7903504bb800a462378348a42f53742759e0b,cxa0af3165c08318e988cb30993b3048335b94af6c,0x18569a8a2666c3000,0x1fb990af2d8f7d2a7913c68495adcd7373dd411d6c86c2a8eb10c4a4174a1375,0,97796519,28.06014436876512,1748288948367823,Balanced Dollar,0.02221895,bnUSD,0,1,2025-05-26
cx07b184a37f03c6ab681fcbd0b45aec6dc3eafbeb,cx21e94c08c03daee80c25d8ee3ea22a20786ec231,hx4dc7903504bb800a462378348a42f53742759e0b,0xe91b74a57e0c,0x70be4241c8cfb3b2ed5fdf117338f509ba50c4c52872f8da11e0f11612f86a86,13,97796517,0.000256304130391564,1748288943200227,Bitcoin,0.258959525,BTC,0,2,2025-05-26
cx88fd7df7ddff82f7cc735c871dc519838cb235bb,cxa0af3165c08318e988cb30993b3048335b94af6c,cx5faae53c4dbd1fbe4a2eb4aab6565030f10da5c6,0x95999d2ef7fc15,0x70be4241c8cfb3b2ed5fdf117338f509ba50c4c52872f8da11e0f11612f86a86,11,97796517,0.042108671906806804,1748288943200227,Balanced Dollar,0.258959525,bnUSD,0,2,2025-05-26
cx07b184a37f03c6ab681fcbd0b45aec6dc3eafbeb,cxa0af3165c08318e988cb30993b3048335b94af6c,cx21e94c08c03daee80c25d8ee3ea22a20786ec231,0xe91b74a57e0c,0x70be4241c8cfb3b2ed5fdf117338f509ba50c4c52872f8da11e0f11612f86a86,10,97796517,0.000256304130391564,1748288943200227,Bitcoin,0.258959525,BTC,0,2,2025-05-26
cx88fd7df7ddff82f7cc735c871dc519838cb235bb,cx21e94c08c03daee80c25d8ee3ea22a20786ec231,cxa0af3165c08318e988cb30993b3048335b94af6c,0x185955eaa5075ce59,0x70be4241c8cfb3b2ed5fdf117338f509ba50c4c52872f8da11e0f11612f86a86,9,97796517,28.072447937871203,1748288943200227,Balanced Dollar,0.258959525,bnUSD,0,2,2025-05-26
cx88fd7df7ddff82f7cc735c871dc519838cb235bb,cxa0af3165c08318e988cb30993b3048335b94af6c,cx5faae53c4dbd1fbe4a2eb4aab6565030f10da5c6,0x960baa6bea73f9,0x70be4241c8cfb3b2ed5fdf117338f509ba50c4c52872f8da11e0f11612f86a86,7,97796517,0.04223407308947148,1748288943200227,Balanced Dollar,0.258959525,bnUSD,0,2,2025-05-26
cx88fd7df7ddff82f7cc735c871dc519838cb235bb,cxa0af3165c08318e988cb30993b3048335b94af6c,cx21e94c08c03daee80c25d8ee3ea22a20786ec231,0x185955eaa5075ce59,0x70be4241c8cfb3b2ed5fdf117338f509ba50c4c52872f8da11e0f11612f86a86,6,97796517,28.072447937871203,1748288943200227,Balanced Dollar,0.258959525,bnUSD,0,2,2025-05-26
cx2609b924e33ef00b648a409245c7ea394c467824,cx21e94c08c03daee80c25d8ee3ea22a20786ec231,cxa0af3165c08318e988cb30993b3048335b94af6c,0xa16c584ecb920c48a,0x70be4241c8cfb3b2ed5fdf117338f509ba50c4c52872f8da11e0f11612f86a86,5,97796517,186.108304528595,1748288943200227,Staked ICX,0.258959525,sICX,0,2,2025-05-26
cx2609b924e33ef00b648a409245c7ea394c467824,hx0000000000000000000000000000000000000000,cx21e94c08c03daee80c25d8ee3ea22a20786ec231,0xa16c584ecb920c48a,0x70be4241c8cfb3b2ed5fdf117338f509ba50c4c52872f8da11e0f11612f86a86,3,97796517,186.108304528595,1748288943200227,Staked ICX,0.258959525,sICX,0,2,2025-05-26
cx88fd7df7ddff82f7cc735c871dc519838cb235bb,cx21e94c08c03daee80c25d8ee3ea22a20786ec231,hx4dc7903504bb800a462378348a42f53742759e0b,0x1859b874b43732662,0xa8d109b70fb7403dd108c7fe484e8882de085771be110741d755d39cb3892901,9,97796517,28.074181459468036,1748288943200227,Balanced Dollar,0.201423825,bnUSD,0,1,2025-05-26
cx88fd7df7ddff82f7cc735c871dc519838cb235bb,cxa0af3165c08318e988cb30993b3048335b94af6c,cx5faae53c4dbd1fbe4a2eb4aab6565030f10da5c6,0x960e09a3fbcc17,0xa8d109b70fb7403dd108c7fe484e8882de085771be110741d755d39cb3892901,7,97796517,0.04223668107528092,1748288943200227,Balanced Dollar,0.201423825,bnUSD,0,1,2025-05-26
cx88fd7df7ddff82f7cc735c871dc519838cb235bb,cxa0af3165c08318e988cb30993b3048335b94af6c,cx21e94c08c03daee80c25d8ee3ea22a20786ec231,0x1859b874b43732662,0xa8d109b70fb7403dd108c7fe484e8882de085771be110741d755d39cb3892901,6,97796517,28.074181459468036,1748288943200227,Balanced Dollar,0.201423825,bnUSD,0,1,2025-05-26
cx2609b924e33ef00b648a409245c7ea394c467824,cx21e94c08c03daee80c25d8ee3ea22a20786ec231,cxa0af3165c08318e988cb30993b3048335b94af6c,0xa16c584ecb920c48a,0xa8d109b70fb7403dd108c7fe484e8882de085771be110741d755d39cb3892901,5,97796517,186.108304528595,1748288943200227,Staked ICX,0.201423825,sICX,0,1,2025-05-26
cx2609b924e33ef00b648a409245c7ea394c467824,hx0000000000000000000000000000000000000000,cx21e94c08c03daee80c25d8ee3ea22a20786ec231,0xa16c584ecb920c48a,0xa8d109b70fb7403dd108c7fe484e8882de085771be110741d755d39cb3892901,3,97796517,186.108304528595,1748288943200227,Staked ICX,0.201423825,sICX,0,1,2025-05-26
cx88fd7df7ddff82f7cc735c871dc519838cb235bb,cxa0af3165c08318e988cb30993b3048335b94af6c,cx5faae53c4dbd1fbe4a2eb4aab6565030f10da5c6,0x2e00b997477120d,0x8a63e389482e10d2e0fa601c94cffcdcd6b1ee9e9a2ac6f312ce61720bbd79aa,2,97796254,0.2071783365709051,1748288416957607,Balanced Dollar,0.056926325,bnUSD,0,1,2025-05-26
cx88fd7df7ddff82f7cc735c871dc519838cb235bb,cxa0af3165c08318e988cb30993b3048335b94af6c,hxd75467e3e4ce64e3424c747dfb71503017440433,0x77801592994b74ee7,0x8a63e389482e10d2e0fa601c94cffcdcd6b1ee9e9a2ac6f312ce61720bbd79aa,1,97796254,137.7744993106185,1748288416957607,Balanced Dollar,0.056926325,bnUSD,0,1,2025-05-26
cx66a031cc3bd305c76371fb586e93801b948254f0,hxd75467e3e4ce64e3424c747dfb71503017440433,cxa0af3165c08318e988cb30993b3048335b94af6c,0x53444835ec580000,0x8a63e389482e10d2e0fa601c94cffcdcd6b1ee9e9a2ac6f312ce61720bbd79aa,0,97796254,6.0,1748288416957607,Avalanche,0.056926325,AVAX,0,1,2025-05-26
cx88fd7df7ddff82f7cc735c871dc519838cb235bb,cxa0af3165c08318e988cb30993b3048335b94af6c,cx5faae53c4dbd1fbe4a2eb4aab6565030f10da5c6,0x2ced00f1a783368,0x2246b7b75af6c9bcca1ff45482b57cbe10fc50c567535c2e68bdbc3c3539821f,2,97796249,0.20232779656542296,1748288406906477,Balanced Dollar,0.0569578875,bnUSD,0,1,2025-05-26
cx88fd7df7ddff82f7cc735c871dc519838cb235bb,cxa0af3165c08318e988cb30993b3048335b94af6c,hxd75467e3e4ce64e3424c747dfb71503017440433,0x74b788bb00b97e1e4,0x2246b7b75af6c9bcca1ff45482b57cbe10fc50c567535c2e68bdbc3c3539821f,1,97796249,134.56545865424175,1748288406906477,Balanced Dollar,0.0569578875,bnUSD,0,1,2025-05-26
cx4297f4b63262507623b6ad575d0d8dd2db980e4e,hxd75467e3e4ce64e3424c747dfb71503017440433,cxa0af3165c08318e988cb30993b3048335b94af6c,0x8ac7230489e80000,0x2246b7b75af6c9bcca1ff45482b57cbe10fc50c567535c2e68bdbc3c3539821f,0,97796249,10.0,1748288406906477,Injective,0.0569578875,INJ,0,1,2025-05-26
cx88fd7df7ddff82f7cc735c871dc519838cb235bb,cxa0af3165c08318e988cb30993b3048335b94af6c,cx5faae53c4dbd1fbe4a2eb4aab6565030f10da5c6,0x2e0cafa23977993,0x480d8896d42be1f36fe003c81c8caef581aaf49ba46e86768e065752df2ebb9d,2,97796246,0.2073887585468072,1748288400915017,Balanced Dollar,0.056922325,bnUSD,0,1,2025-05-26
cx88fd7df7ddff82f7cc735c871dc519838cb235bb,cxa0af3165c08318e988cb30993b3048335b94af6c,hxd75467e3e4ce64e3424c747dfb71503017440433,0x779f29c87dc1a6f9a,0x480d8896d42be1f36fe003c81c8caef581aaf49ba46e86768e065752df2ebb9d,1,97796246,137.91446644624736,1748288400915017,Balanced Dollar,0.056922325,bnUSD,0,1,2025-05-26
cx66a031cc3bd305c76371fb586e93801b948254f0,hxd75467e3e4ce64e3424c747dfb71503017440433,cxa0af3165c08318e988cb30993b3048335b94af6c,0x53444835ec580000,0x480d8896d42be1f36fe003c81c8caef581aaf49ba46e86768e065752df2ebb9d,0,97796246,6.0,1748288400915017,Avalanche,0.056922325,AVAX,0,1,2025-05-26
cx88fd7df7ddff82f7cc735c871dc519838cb235bb,cx21e94c08c03daee80c25d8ee3ea22a20786ec231,hx2debd9ec927cca1639da8d3518dd9dbf1cdfb357,0x188ba9da1377df4825,0xe63651265119414fec2e2fe936c11b70aaebdcabd72fa9c75ab580a049c387f2,5,97796243,452.7856723885157,1748288395007234,Balanced Dollar,0.11270885,bnUSD,0,1,2025-05-26
cx88fd7df7ddff82f7cc735c871dc519838cb235bb,cxa0af3165c08318e988cb30993b3048335b94af6c,cx5faae53c4dbd1fbe4a2eb4aab6565030f10da5c6,0x972fb5d1d032dd4,0xe63651265119414fec2e2fe936c11b70aaebdcabd72fa9c75ab580a049c387f2,3,97796243,0.6808828710236441,1748288395007234,Balanced Dollar,0.11270885,bnUSD,0,1,2025-05-26
cx88fd7df7ddff82f7cc735c871dc519838cb235bb,cxa0af3165c08318e988cb30993b3048335b94af6c,cx21e94c08c03daee80c25d8ee3ea22a20786ec231,0x188ba9da1377df4825,0xe63651265119414fec2e2fe936c11b70aaebdcabd72fa9c75ab580a049c387f2,2,97796243,452.7856723885157,1748288395007234,Balanced Dollar,0.11270885,bnUSD,0,1,2025-05-26
cx2609b924e33ef00b648a409245c7ea394c467824,cx21e94c08c03daee80c25d8ee3ea22a20786ec231,cxa0af3165c08318e988cb30993b3048335b94af6c,0xa2a15d09519be00000,0xe63651265119414fec2e2fe936c11b70aaebdcabd72fa9c75ab580a049c387f2,1,97796243,3000.0,1748288395007234,Staked ICX,0.11270885,sICX,0,1,2025-05-26
cx2609b924e33ef00b648a409245c7ea394c467824,hx2debd9ec927cca1639da8d3518dd9dbf1cdfb357,cx21e94c08c03daee80c25d8ee3ea22a20786ec231,0xa2a15d09519be00000,0xe63651265119414fec2e2fe936c11b70aaebdcabd72fa9c75ab580a049c387f2,0,97796243,3000.0,1748288395007234,Staked ICX,0.11270885,sICX,0,1,2025-05-26
cx88fd7df7ddff82f7cc735c871dc519838cb235bb,cxa0af3165c08318e988cb30993b3048335b94af6c,cx5faae53c4dbd1fbe4a2eb4aab6565030f10da5c6,0x2e18aa584f395f9,0x51875338a087e8b5e8f5cc1c8c658f43167940464ea1eb95411a38ef2c8632af,2,97796229,0.20759950134054656,1748288366921882,Balanced Dollar,0.056922325,bnUSD,0,1,2025-05-26
cx88fd7df7ddff82f7cc735c871dc519838cb235bb,cxa0af3165c08318e988cb30993b3048335b94af6c,hxd75467e3e4ce64e3424c747dfb71503017440433,0x77be4a208bd9cb62b,0x51875338a087e8b5e8f5cc1c8c658f43167940464ea1eb95411a38ef2c8632af,1,97796229,138.05464703574663,1748288366921882,Balanced Dollar,0.056922325,bnUSD,0,1,2025-05-26
cx66a031cc3bd305c76371fb586e93801b948254f0,hxd75467e3e4ce64e3424c747dfb71503017440433,cxa0af3165c08318e988cb30993b3048335b94af6c,0x53444835ec580000,0x51875338a087e8b5e8f5cc1c8c658f43167940464ea1eb95411a38ef2c8632af,0,97796229,6.0,1748288366921882,Avalanche,0.056922325,AVAX,0,1,2025-05-26
cx88fd7df7ddff82f7cc735c871dc519838cb235bb,cxa0af3165c08318e988cb30993b3048335b94af6c,hx4dc7903504bb800a462378348a42f53742759e0b,0x2660ba94116e02b,0x795f9956093e92f68b66a7067cd3f26997458e4bab733383eccc3b354062643c,3,97796228,0.17283845726973956,1748288364837168,Balanced Dollar,0.034759025,bnUSD,0,3,2025-05-26
cx288d13e1b63563459a2ac6179f237711f6851cb5,hx4dc7903504bb800a462378348a42f53742759e0b,cxa0af3165c08318e988cb30993b3048335b94af6c,0x4f75956ad93c1c,0xd314080d76e56d7afa21c83a1a93a886a445b4f4442e88ce6bbc407e04021b5e,0,97796228,0.022365807763340316,1748288364837168,Ethereum,0.0216338875,ETH,0,2,2025-05-26
cx88fd7df7ddff82f7cc735c871dc519838cb235bb,hx4dc7903504bb800a462378348a42f53742759e0b,cxa0af3165c08318e988cb30993b3048335b94af6c,0x3195f86850b318000,0x7f0dfecfe2b773f6dbef8ef488d29482f3ca2cafdd3d50e909a0b4b4d4092e41,0,97796228,57.16856010084093,1748288364837168,Balanced Dollar,0.02221895,bnUSD,0,1,2025-05-26
cx288d13e1b63563459a2ac6179f237711f6851cb5,cx21e94c08c03daee80c25d8ee3ea22a20786ec231,hx4dc7903504bb800a462378348a42f53742759e0b,0x4f7fc1759bb48a,0x8108feda36f54810090f4c3825524bfa9697cfab7214fa7ccaae338996a5fee8,13,97796226,0.022376992038696072,1748288360842471,Ethereum,0.25911025,ETH,0,3,2025-05-26
cx88fd7df7ddff82f7cc735c871dc519838cb235bb,cxa0af3165c08318e988cb30993b3048335b94af6c,cx5faae53c4dbd1fbe4a2eb4aab6565030f10da5c6,0x130c4f58900f2e4,0x8108feda36f54810090f4c3825524bfa9697cfab7214fa7ccaae338996a5fee8,11,97796226,0.08578495176461182,1748288360842471,Balanced Dollar,0.25911025,bnUSD,0,3,2025-05-26
cx288d13e1b63563459a2ac6179f237711f6851cb5,cxa0af3165c08318e988cb30993b3048335b94af6c,cx21e94c08c03daee80c25d8ee3ea22a20786ec231,0x4f7fc1759bb48a,0x8108feda36f54810090f4c3825524bfa9697cfab7214fa7ccaae338996a5fee8,10,97796226,0.022376992038696072,1748288360842471,Ethereum,0.25911025,ETH,0,3,2025-05-26
cx88fd7df7ddff82f7cc735c871dc519838cb235bb,cx21e94c08c03daee80c25d8ee3ea22a20786ec231,cxa0af3165c08318e988cb30993b3048335b94af6c,0x319ab94bf727887ec,0x8108feda36f54810090f4c3825524bfa9697cfab7214fa7ccaae338996a5fee8,9,97796226,57.18996784307454,1748288360842471,Balanced Dollar,0.25911025,bnUSD,0,3,2025-05-26
cx88fd7df7ddff82f7cc735c871dc519838cb235bb,cxa0af3165c08318e988cb30993b3048335b94af6c,cx5faae53c4dbd1fbe4a2eb4aab6565030f10da5c6,0x131aacdaeb8adc6,0x8108feda36f54810090f4c3825524bfa9697cfab7214fa7ccaae338996a5fee8,7,97796226,0.08603766827310637,1748288360842471,Balanced Dollar,0.25911025,bnUSD,0,3,2025-05-26
cx88fd7df7ddff82f7cc735c871dc519838cb235bb,cxa0af3165c08318e988cb30993b3048335b94af6c,cx21e94c08c03daee80c25d8ee3ea22a20786ec231,0x319ab94bf727887ec,0x8108feda36f54810090f4c3825524bfa9697cfab7214fa7ccaae338996a5fee8,6,97796226,57.18996784307454,1748288360842471,Balanced Dollar,0.25911025,bnUSD,0,3,2025-05-26
cx2609b924e33ef00b648a409245c7ea394c467824,cx21e94c08c03daee80c25d8ee3ea22a20786ec231,cxa0af3165c08318e988cb30993b3048335b94af6c,0x1487a3ca056cce95e4,0x8108feda36f54810090f4c3825524bfa9697cfab7214fa7ccaae338996a5fee8,5,97796226,378.70875921516426,1748288360842471,Staked ICX,0.25911025,sICX,0,3,2025-05-26
cx2609b924e33ef00b648a409245c7ea394c467824,hx0000000000000000000000000000000000000000,cx21e94c08c03daee80c25d8ee3ea22a20786ec231,0x1487a3ca056cce95e4,0x8108feda36f54810090f4c3825524bfa9697cfab7214fa7ccaae338996a5fee8,3,97796226,378.70875921516426,1748288360842471,Staked ICX,0.25911025,sICX,0,3,2025-05-26
cx88fd7df7ddff82f7cc735c871dc519838cb235bb,cxa0af3165c08318e988cb30993b3048335b94af6c,cx5faae53c4dbd1fbe4a2eb4aab6565030f10da5c6,0x2cfb85942585716,0x79f7a5a51bd6d7bb9f8d355600729c8b6d2874fb2e261845e5f2f4f00cbf0448,2,97796226,0.2025832017596475,1748288360842471,Balanced Dollar,0.0569578875,bnUSD,0,2,2025-05-26
cx88fd7df7ddff82f7cc735c871dc519838cb235bb,cxa0af3165c08318e988cb30993b3048335b94af6c,hxd75467e3e4ce64e3424c747dfb71503017440433,0x74dd4393d61569c72,0x79f7a5a51bd6d7bb9f8d355600729c8b6d2874fb2e261845e5f2f4f00cbf0448,1,97796226,134.73537888773882,1748288360842471,Balanced Dollar,0.0569578875,bnUSD,0,2,2025-05-26
cx4297f4b63262507623b6ad575d0d8dd2db980e4e,hxd75467e3e4ce64e3424c747dfb71503017440433,cxa0af3165c08318e988cb30993b3048335b94af6c,0x8ac7230489e80000,0x79f7a5a51bd6d7bb9f8d355600729c8b6d2874fb2e261845e5f2f4f00cbf0448,0,97796226,10.0,1748288360842471,Injective,0.0569578875,INJ,0,2,2025-05-26
cx88fd7df7ddff82f7cc735c871dc519838cb235bb,cx21e94c08c03daee80c25d8ee3ea22a20786ec231,hx4dc7903504bb800a462378348a42f53742759e0b,0x319c520c6a6bdf1bf,0xec0058aef090c4bd78bf66b171e01e6111f619fe042e3516820376c62d5d56f1,9,97796226,57.19715868006193,1748288360842471,Balanced Dollar,0.201423825,bnUSD,0,1,2025-05-26
cx88fd7df7ddff82f7cc735c871dc519838cb235bb,cxa0af3165c08318e988cb30993b3048335b94af6c,cx5faae53c4dbd1fbe4a2eb4aab6565030f10da5c6,0x131b4a45f51cb30,0xec0058aef090c4bd78bf66b171e01e6111f619fe042e3516820376c62d5d56f1,7,97796226,0.08604848596358225,1748288360842471,Balanced Dollar,0.201423825,bnUSD,0,1,2025-05-26
cx88fd7df7ddff82f7cc735c871dc519838cb235bb,cxa0af3165c08318e988cb30993b3048335b94af6c,cx21e94c08c03daee80c25d8ee3ea22a20786ec231,0x319c520c6a6bdf1bf,0xec0058aef090c4bd78bf66b171e01e6111f619fe042e3516820376c62d5d56f1,6,97796226,57.19715868006193,1748288360842471,Balanced Dollar,0.201423825,bnUSD,0,1,2025-05-26
cx2609b924e33ef00b648a409245c7ea394c467824,cx21e94c08c03daee80c25d8ee3ea22a20786ec231,cxa0af3165c08318e988cb30993b3048335b94af6c,0x1487a3ca056cce95e4,0xec0058aef090c4bd78bf66b171e01e6111f619fe042e3516820376c62d5d56f1,5,97796226,378.70875921516426,1748288360842471,Staked ICX,0.201423825,sICX,0,1,2025-05-26
cx2609b924e33ef00b648a409245c7ea394c467824,hx0000000000000000000000000000000000000000,cx21e94c08c03daee80c25d8ee3ea22a20786ec231,0x1487a3ca056cce95e4,0xec0058aef090c4bd78bf66b171e01e6111f619fe042e3516820376c62d5d56f1,3,97796226,378.70875921516426,1748288360842471,Staked ICX,0.201423825,sICX,0,1,2025-05-26
cxf61cd5a45dc9f91c15aa65831a30a90d59a09619,cx9345f80d6c98357ccbb70392b14162199c2c5f66,cxd82fb5d3effecd8c9071a4bba3856ad7222c4b91,0x383f5d64762f8a07,0x00d41f6923462475131702b9f73d79b9ead9bda01a884f5ae1bd66a5ad39ce74,4,97796217,4.053060875717676,1748288342980593,Balance Token,0.1306404875,BALN,0,1,2025-05-26
cx2609b924e33ef00b648a409245c7ea394c467824,cx9345f80d6c98357ccbb70392b14162199c2c5f66,cxd82fb5d3effecd8c9071a4bba3856ad7222c4b91,0x3af3df387d5ee134b,0x00d41f6923462475131702b9f73d79b9ead9bda01a884f5ae1bd66a5ad39ce74,3,97796217,67.96774891608068,1748288342980593,Staked ICX,0.1306404875,sICX,0,1,2025-05-26
cx88fd7df7ddff82f7cc735c871dc519838cb235bb,hx0000000000000000000000000000000000000000,cx5faae53c4dbd1fbe4a2eb4aab6565030f10da5c6,0x0,0x00d41f6923462475131702b9f73d79b9ead9bda01a884f5ae1bd66a5ad39ce74,2,97796217,0.0,1748288342980593,Balanced Dollar,0.1306404875,bnUSD,0,1,2025-05-26
cx88fd7df7ddff82f7cc735c871dc519838cb235bb,hx0000000000000000000000000000000000000000,cxd82fb5d3effecd8c9071a4bba3856ad7222c4b91,0x5a4755fec882dab1,0x00d41f6923462475131702b9f73d79b9ead9bda01a884f5ae1bd66a5ad39ce74,1,97796217,6.505262739534044,1748288342980593,Balanced Dollar,0.1306404875,bnUSD,0,1,2025-05-26
cx88fd7df7ddff82f7cc735c871dc519838cb235bb,hxd75467e3e4ce64e3424c747dfb71503017440433,cxd82fb5d3effecd8c9071a4bba3856ad7222c4b91,0x4a953e4795ca840000,0x00d41f6923462475131702b9f73d79b9ead9bda01a884f5ae1bd66a5ad39ce74,0,97796217,1375.8131731233875,1748288342980593,Balanced Dollar,0.1306404875,bnUSD,0,1,2025-05-26
cx88fd7df7ddff82f7cc735c871dc519838cb235bb,cxa0af3165c08318e988cb30993b3048335b94af6c,cx5faae53c4dbd1fbe4a2eb4aab6565030f10da5c6,0x2d0a1141d0ca6fd,0x54647f8be7eb751a9a430096860ac86c30f6b99217475654da43a59293dd7e8d,2,97796089,0.20283909099045863,1748288086801211,Balanced Dollar,0.0569592,bnUSD,0,1,2025-05-26
cx88fd7df7ddff82f7cc735c871dc519838cb235bb,cxa0af3165c08318e988cb30993b3048335b94af6c,hxd75467e3e4ce64e3424c747dfb71503017440433,0x750310bc46b29a80e,0x54647f8be7eb751a9a430096860ac86c30f6b99217475654da43a59293dd7e8d,1,97796089,134.90562125109932,1748288086801211,Balanced Dollar,0.0569592,bnUSD,0,1,2025-05-26
cx4297f4b63262507623b6ad575d0d8dd2db980e4e,hxd75467e3e4ce64e3424c747dfb71503017440433,cxa0af3165c08318e988cb30993b3048335b94af6c,0x8ac7230489e80000,0x54647f8be7eb751a9a430096860ac86c30f6b99217475654da43a59293dd7e8d,0,97796089,10.0,1748288086801211,Injective,0.0569592,INJ,0,1,2025-05-26
cx88fd7df7ddff82f7cc735c871dc519838cb235bb,cxa0af3165c08318e988cb30993b3048335b94af6c,cx5faae53c4dbd1fbe4a2eb4aab6565030f10da5c6,0x2d18a3ff38a728d,0x0fef5c780b28439b369148c13650f1ee1dbe738899cc4a081678e3a984bbdf6a,2,97796081,0.2030954654818925,1748288070808498,Balanced Dollar,0.0569780125,bnUSD,0,1,2025-05-26
cx88fd7df7ddff82f7cc735c871dc519838cb235bb,cxa0af3165c08318e988cb30993b3048335b94af6c,hxd75467e3e4ce64e3424c747dfb71503017440433,0x7528f0402e2af7d63,0x0fef5c780b28439b369148c13650f1ee1dbe738899cc4a081678e3a984bbdf6a,1,97796081,135.07618655918617,1748288070808498,Balanced Dollar,0.0569780125,bnUSD,0,1,2025-05-26
cx4297f4b63262507623b6ad575d0d8dd2db980e4e,hxd75467e3e4ce64e3424c747dfb71503017440433,cxa0af3165c08318e988cb30993b3048335b94af6c,0x8ac7230489e80000,0x0fef5c780b28439b369148c13650f1ee1dbe738899cc4a081678e3a984bbdf6a,0,97796081,10.0,1748288070808498,Injective,0.0569780125,INJ,0,1,2025-05-26
cx88fd7df7ddff82f7cc735c871dc519838cb235bb,cx203d9cd2a669be67177e997b8948ce2c35caffae,cx835b300dcfe01f0bdb794e134a0c5628384f4367,0x788cf87a2d0b9b9,0xd2438fe8b26896c10ede1c6751fb7649bf53dbe0cba65ebdada1127eb6fcfb49,6,97795971,0.5429119365572674,1748287850721512,Balanced Dollar,0.0990749125,bnUSD,0,1,2025-05-26
cx88fd7df7ddff82f7cc735c871dc519838cb235bb,cx5faae53c4dbd1fbe4a2eb4aab6565030f10da5c6,cx203d9cd2a669be67177e997b8948ce2c35caffae,0xac3719d31bc7709,0xd2438fe8b26896c10ede1c6751fb7649bf53dbe0cba65ebdada1127eb6fcfb49,4,97795971,0.7755884807960962,1748287850721512,Balanced Dollar,0.0990749125,bnUSD,0,1,2025-05-26
cx88fd7df7ddff82f7cc735c871dc519838cb235bb,cx5faae53c4dbd1fbe4a2eb4aab6565030f10da5c6,cxdc30a0d3a1f131565c071272a20bc0b06fd4c17b,0xac3719d31bc7708,0xd2438fe8b26896c10ede1c6751fb7649bf53dbe0cba65ebdada1127eb6fcfb49,3,97795971,0.7755884807960962,1748287850721512,Balanced Dollar,0.0990749125,bnUSD,0,1,2025-05-26
cx88fd7df7ddff82f7cc735c871dc519838cb235bb,cxa0af3165c08318e988cb30993b3048335b94af6c,cx5faae53c4dbd1fbe4a2eb4aab6565030f10da5c6,0x2d273dd0f021df0,0xd2438fe8b26896c10ede1c6751fb7649bf53dbe0cba65ebdada1127eb6fcfb49,2,97795971,0.20335232646185727,1748287850721512,Balanced Dollar,0.0990749125,bnUSD,0,1,2025-05-26
cx88fd7df7ddff82f7cc735c871dc519838cb235bb,cxa0af3165c08318e988cb30993b3048335b94af6c,hxd75467e3e4ce64e3424c747dfb71503017440433,0x754ee22b71b3653f3,0xd2438fe8b26896c10ede1c6751fb7649bf53dbe0cba65ebdada1127eb6fcfb49,1,97795971,135.24707562944084,1748287850721512,Balanced Dollar,0.0990749125,bnUSD,0,1,2025-05-26
cx4297f4b63262507623b6ad575d0d8dd2db980e4e,hxd75467e3e4ce64e3424c747dfb71503017440433,cxa0af3165c08318e988cb30993b3048335b94af6c,0x8ac7230489e80000,0xd2438fe8b26896c10ede1c6751fb7649bf53dbe0cba65ebdada1127eb6fcfb49,0,97795971,10.0,1748287850721512,Injective,0.0990749125,INJ,0,1,2025-05-26
cx88fd7df7ddff82f7cc735c871dc519838cb235bb,cxa0af3165c08318e988cb30993b3048335b94af6c,hx4dc7903504bb800a462378348a42f53742759e0b,0x15e4c313816fc54,0x1747642572f4a194029c41a54c34664671c52780e2b91cdd8e519f3ed5838b07,3,97795780,0.09860001612686857,1748287467330611,Balanced Dollar,0.0347552125,bnUSD,0,3,2025-05-26
cx07b184a37f03c6ab681fcbd0b45aec6dc3eafbeb,hx4dc7903504bb800a462378348a42f53742759e0b,cxa0af3165c08318e988cb30993b3048335b94af6c,0x10e68f42a6d9d,0x91096cde65d33de029a8c249fc03d491fc824f0e4c65421c4ae2de6b56d49ffe,0,97795780,0.000297318912519581,1748287467330611,Bitcoin,0.0215962625,BTC,0,2,2025-05-26
cx88fd7df7ddff82f7cc735c871dc519838cb235bb,hx4dc7903504bb800a462378348a42f53742759e0b,cxa0af3165c08318e988cb30993b3048335b94af6c,0x1c3ebfc3b89ea6000,0xb8a5b0147355de30b88aa8708b759abb3d6e412904b2c5a056b60aee5f5718ad,0,97795780,32.564398863279614,1748287467330611,Balanced Dollar,0.02221895,bnUSD,0,1,2025-05-26
cx07b184a37f03c6ab681fcbd0b45aec6dc3eafbeb,cx21e94c08c03daee80c25d8ee3ea22a20786ec231,hx4dc7903504bb800a462378348a42f53742759e0b,0x10e8b937c8acd,0x74c5a6052392397e20fdf466d2a5a6dce434ae572b81e5ae296bef5e04a369e1,13,97795778,0.000297467614366413,1748287463270571,Bitcoin,0.258962025,BTC,0,2,2025-05-26
cx88fd7df7ddff82f7cc735c871dc519838cb235bb,cxa0af3165c08318e988cb30993b3048335b94af6c,cx5faae53c4dbd1fbe4a2eb4aab6565030f10da5c6,0xad9cc36f878766,0x74c5a6052392397e20fdf466d2a5a6dce434ae572b81e5ae296bef5e04a369e1,11,97795778,0.04886753417465226,1748287463270571,Balanced Dollar,0.258962025,bnUSD,0,2,2025-05-26
cx07b184a37f03c6ab681fcbd0b45aec6dc3eafbeb,cxa0af3165c08318e988cb30993b3048335b94af6c,cx21e94c08c03daee80c25d8ee3ea22a20786ec231,0x10e8b937c8acd,0x74c5a6052392397e20fdf466d2a5a6dce434ae572b81e5ae296bef5e04a369e1,10,97795778,0.000297467614366413,1748287463270571,Bitcoin,0.258962025,BTC,0,2,2025-05-26
cx88fd7df7ddff82f7cc735c871dc519838cb235bb,cx21e94c08c03daee80c25d8ee3ea22a20786ec231,cxa0af3165c08318e988cb30993b3048335b94af6c,0x1c41d9247c645f15c,0x74c5a6052392397e20fdf466d2a5a6dce434ae572b81e5ae296bef5e04a369e1,9,97795778,32.57835611643484,1748287463270571,Balanced Dollar,0.258962025,bnUSD,0,2,2025-05-26
cx88fd7df7ddff82f7cc735c871dc519838cb235bb,cxa0af3165c08318e988cb30993b3048335b94af6c,cx5faae53c4dbd1fbe4a2eb4aab6565030f10da5c6,0xae20e6cee28173,0x74c5a6052392397e20fdf466d2a5a6dce434ae572b81e5ae296bef5e04a369e1,7,97795778,0.049012821633171826,1748287463270571,Balanced Dollar,0.258962025,bnUSD,0,2,2025-05-26
cx88fd7df7ddff82f7cc735c871dc519838cb235bb,cxa0af3165c08318e988cb30993b3048335b94af6c,cx21e94c08c03daee80c25d8ee3ea22a20786ec231,0x1c41d9247c645f15c,0x74c5a6052392397e20fdf466d2a5a6dce434ae572b81e5ae296bef5e04a369e1,6,97795778,32.57835611643484,1748287463270571,Balanced Dollar,0.258962025,bnUSD,0,2,2025-05-26
cx2609b924e33ef00b648a409245c7ea394c467824,cx21e94c08c03daee80c25d8ee3ea22a20786ec231,cxa0af3165c08318e988cb30993b3048335b94af6c,0xbb13645b51214bc26,0x74c5a6052392397e20fdf466d2a5a6dce434ae572b81e5ae296bef5e04a369e1,5,97795778,215.68365524825543,1748287463270571,Staked ICX,0.258962025,sICX,0,2,2025-05-26
cx2609b924e33ef00b648a409245c7ea394c467824,hx0000000000000000000000000000000000000000,cx21e94c08c03daee80c25d8ee3ea22a20786ec231,0xbb13645b51214bc26,0x74c5a6052392397e20fdf466d2a5a6dce434ae572b81e5ae296bef5e04a369e1,3,97795778,215.68365524825543,1748287463270571,Staked ICX,0.258962025,sICX,0,2,2025-05-26
cx88fd7df7ddff82f7cc735c871dc519838cb235bb,cx21e94c08c03daee80c25d8ee3ea22a20786ec231,hx4dc7903504bb800a462378348a42f53742759e0b,0x1c425dc36f3fe689d,0x4087530a05e1978c8b69c5ebb573fc1db2170c9a763ac9f9f3c77e9b3ae9efff,9,97795778,32.5806892078616,1748287463270571,Balanced Dollar,0.2043578375,bnUSD,0,1,2025-05-26
cx88fd7df7ddff82f7cc735c871dc519838cb235bb,cxa0af3165c08318e988cb30993b3048335b94af6c,cx5faae53c4dbd1fbe4a2eb4aab6565030f10da5c6,0xae241809ee9fb7,0x4087530a05e1978c8b69c5ebb573fc1db2170c9a763ac9f9f3c77e9b3ae9efff,7,97795778,0.04901633161210258,1748287463270571,Balanced Dollar,0.2043578375,bnUSD,0,1,2025-05-26
cx88fd7df7ddff82f7cc735c871dc519838cb235bb,cxa0af3165c08318e988cb30993b3048335b94af6c,cx21e94c08c03daee80c25d8ee3ea22a20786ec231,0x1c425dc36f3fe689d,0x4087530a05e1978c8b69c5ebb573fc1db2170c9a763ac9f9f3c77e9b3ae9efff,6,97795778,32.5806892078616,1748287463270571,Balanced Dollar,0.2043578375,bnUSD,0,1,2025-05-26
cx2609b924e33ef00b648a409245c7ea394c467824,cx21e94c08c03daee80c25d8ee3ea22a20786ec231,cxa0af3165c08318e988cb30993b3048335b94af6c,0xbb13645b51214bc26,0x4087530a05e1978c8b69c5ebb573fc1db2170c9a763ac9f9f3c77e9b3ae9efff,5,97795778,215.68365524825543,1748287463270571,Staked ICX,0.2043578375,sICX,0,1,2025-05-26
cx2609b924e33ef00b648a409245c7ea394c467824,hx0000000000000000000000000000000000000000,cx21e94c08c03daee80c25d8ee3ea22a20786ec231,0xbb13645b51214bc26,0x4087530a05e1978c8b69c5ebb573fc1db2170c9a763ac9f9f3c77e9b3ae9efff,3,97795778,215.68365524825543,1748287463270571,Staked ICX,0.2043578375,sICX,0,1,2025-05-26
cx88fd7df7ddff82f7cc735c871dc519838cb235bb,cxa0af3165c08318e988cb30993b3048335b94af6c,cx5faae53c4dbd1fbe4a2eb4aab6565030f10da5c6,0x2d35debb8df5b82,0x449fe38a9209f96052f20a82d42270fa74f9f939a0af5cf771a874cc2a39eb70,2,97795491,0.2036096751621477,1748286889072713,Balanced Dollar,0.0569592,bnUSD,0,2,2025-05-26
cx88fd7df7ddff82f7cc735c871dc519838cb235bb,cxa0af3165c08318e988cb30993b3048335b94af6c,hxd75467e3e4ce64e3424c747dfb71503017440433,0x7574e68a00251a0a2,0x449fe38a9209f96052f20a82d42270fa74f9f939a0af5cf771a874cc2a39eb70,1,97795491,135.41828928189298,1748286889072713,Balanced Dollar,0.0569592,bnUSD,0,2,2025-05-26
cx4297f4b63262507623b6ad575d0d8dd2db980e4e,hxd75467e3e4ce64e3424c747dfb71503017440433,cxa0af3165c08318e988cb30993b3048335b94af6c,0x8ac7230489e80000,0x449fe38a9209f96052f20a82d42270fa74f9f939a0af5cf771a874cc2a39eb70,0,97795491,10.0,1748286889072713,Injective,0.0569592,INJ,0,2,2025-05-26
cx88fd7df7ddff82f7cc735c871dc519838cb235bb,cxa0af3165c08318e988cb30993b3048335b94af6c,cx5faae53c4dbd1fbe4a2eb4aab6565030f10da5c6,0x2d4486c3ac96581,0x07d42fbc329955d5a61e3bb03e712e1d07efac9f6ae28bc1fbcd4d418c5e9ea7,2,97795384,0.20386751281846002,1748286675095534,Balanced Dollar,0.0569592,bnUSD,0,1,2025-05-26
cx88fd7df7ddff82f7cc735c871dc519838cb235bb,cxa0af3165c08318e988cb30993b3048335b94af6c,hxd75467e3e4ce64e3424c747dfb71503017440433,0x759afd67d20703e09,0x07d42fbc329955d5a61e3bb03e712e1d07efac9f6ae28bc1fbcd4d418c5e9ea7,1,97795384,135.58982833917028,1748286675095534,Balanced Dollar,0.0569592,bnUSD,0,1,2025-05-26
cx4297f4b63262507623b6ad575d0d8dd2db980e4e,hxd75467e3e4ce64e3424c747dfb71503017440433,cxa0af3165c08318e988cb30993b3048335b94af6c,0x8ac7230489e80000,0x07d42fbc329955d5a61e3bb03e712e1d07efac9f6ae28bc1fbcd4d418c5e9ea7,0,97795384,10.0,1748286675095534,Injective,0.0569592,INJ,0,1,2025-05-26
cx88fd7df7ddff82f7cc735c871dc519838cb235bb,cxa0af3165c08318e988cb30993b3048335b94af6c,cx5faae53c4dbd1fbe4a2eb4aab6565030f10da5c6,0x2d5335edea33805,0x9cdba2233de6ac17a9004d4bc1369382550642c932d8842a3cd429d098b486cd,2,97795367,0.20412584067040665,1748286641257687,Balanced Dollar,0.0569592,bnUSD,0,1,2025-05-26
cx88fd7df7ddff82f7cc735c871dc519838cb235bb,cxa0af3165c08318e988cb30993b3048335b94af6c,hxd75467e3e4ce64e3424c747dfb71503017440433,0x75c126d0e99733f64,0x9cdba2233de6ac17a9004d4bc1369382550642c932d8842a3cd429d098b486cd,1,97795367,135.76169362650845,1748286641257687,Balanced Dollar,0.0569592,bnUSD,0,1,2025-05-26
cx4297f4b63262507623b6ad575d0d8dd2db980e4e,hxd75467e3e4ce64e3424c747dfb71503017440433,cxa0af3165c08318e988cb30993b3048335b94af6c,0x8ac7230489e80000,0x9cdba2233de6ac17a9004d4bc1369382550642c932d8842a3cd429d098b486cd,0,97795367,10.0,1748286641257687,Injective,0.0569592,INJ,0,1,2025-05-26
cx3975b43d260fb8ec802cef6e60c2f4d07486f11d,hx9092a3fc19763f078f069b5406c4433f37b7ea56,hx0000000000000000000000000000000000000000,0xd8d726b7177a80000,0x67e465b7841dfb964ca396b922446a383f4758220197d79601041632b5becd2f,2,97795232,250.0,1748286370929843,Wrapped ICX,0.00827675,wICX,0,1,2025-05-26
cx3975b43d260fb8ec802cef6e60c2f4d07486f11d,cx55f6ac86d82a14022c338c8c0033eeceeeab382d,hx9092a3fc19763f078f069b5406c4433f37b7ea56,0xd8d726b7177a80000,0x67e465b7841dfb964ca396b922446a383f4758220197d79601041632b5becd2f,1,97795232,250.0,1748286370929843,Wrapped ICX,0.00827675,wICX,0,1,2025-05-26
cx3975b43d260fb8ec802cef6e60c2f4d07486f11d,hx7412a1c4656e59a044d3d250b779a4012004dd69,hx0000000000000000000000000000000000000000,0x14de5d4e5b629388a,0xc8e356341ca5f461251194a65266f65ed853bc8e66c633840e73cb02e3877102,15,97795191,24.059870667365498,1748286288865388,Wrapped ICX,0.207506125,wICX,0,1,2025-05-26
cx3975b43d260fb8ec802cef6e60c2f4d07486f11d,cx21e94c08c03daee80c25d8ee3ea22a20786ec231,hx7412a1c4656e59a044d3d250b779a4012004dd69,0x14de5d4e5b629388a,0xc8e356341ca5f461251194a65266f65ed853bc8e66c633840e73cb02e3877102,14,97795191,24.059870667365498,1748286288865388,Wrapped ICX,0.207506125,wICX,0,1,2025-05-26
cx2609b924e33ef00b648a409245c7ea394c467824,cxa0af3165c08318e988cb30993b3048335b94af6c,cx5faae53c4dbd1fbe4a2eb4aab6565030f10da5c6,0x6003162d5eb932,0xc8e356341ca5f461251194a65266f65ed853bc8e66c633840e73cb02e3877102,12,97795191,0.02702499154956933,1748286288865388,Staked ICX,0.207506125,sICX,0,1,2025-05-26
cx3975b43d260fb8ec802cef6e60c2f4d07486f11d,cxa0af3165c08318e988cb30993b3048335b94af6c,cx21e94c08c03daee80c25d8ee3ea22a20786ec231,0x14de5d4e5b629388a,0xc8e356341ca5f461251194a65266f65ed853bc8e66c633840e73cb02e3877102,11,97795191,24.059870667365498,1748286288865388,Wrapped ICX,0.207506125,wICX,0,1,2025-05-26
cx2609b924e33ef00b648a409245c7ea394c467824,cx21e94c08c03daee80c25d8ee3ea22a20786ec231,cxa0af3165c08318e988cb30993b3048335b94af6c,0xfa0809c0d1579e62,0xc8e356341ca5f461251194a65266f65ed853bc8e66c633840e73cb02e3877102,10,97795191,18.01666103304622,1748286288865388,Staked ICX,0.207506125,sICX,0,1,2025-05-26
cx88fd7df7ddff82f7cc735c871dc519838cb235bb,cxa0af3165c08318e988cb30993b3048335b94af6c,cx5faae53c4dbd1fbe4a2eb4aab6565030f10da5c6,0xe975c9cd5fbf5,0xc8e356341ca5f461251194a65266f65ed853bc8e66c633840e73cb02e3877102,8,97795191,0.004107073698003957,1748286288865388,Balanced Dollar,0.207506125,bnUSD,0,1,2025-05-26
cx2609b924e33ef00b648a409245c7ea394c467824,cxa0af3165c08318e988cb30993b3048335b94af6c,cx21e94c08c03daee80c25d8ee3ea22a20786ec231,0xfa0809c0d1579e62,0xc8e356341ca5f461251194a65266f65ed853bc8e66c633840e73cb02e3877102,7,97795191,18.01666103304622,1748286288865388,Staked ICX,0.207506125,sICX,0,1,2025-05-26
cx88fd7df7ddff82f7cc735c871dc519838cb235bb,cx21e94c08c03daee80c25d8ee3ea22a20786ec231,cxa0af3165c08318e988cb30993b3048335b94af6c,0x25ff812dc2957a33,0xc8e356341ca5f461251194a65266f65ed853bc8e66c633840e73cb02e3877102,6,97795191,2.7380491320026383,1748286288865388,Balanced Dollar,0.207506125,bnUSD,0,1,2025-05-26
cx88fd7df7ddff82f7cc735c871dc519838cb235bb,cxa0af3165c08318e988cb30993b3048335b94af6c,cx5faae53c4dbd1fbe4a2eb4aab6565030f10da5c6,0x97874e5f7d152,0xc8e356341ca5f461251194a65266f65ed853bc8e66c633840e73cb02e3877102,4,97795191,0.002665718260158802,1748286288865388,Balanced Dollar,0.207506125,bnUSD,0,1,2025-05-26
cx88fd7df7ddff82f7cc735c871dc519838cb235bb,cxa0af3165c08318e988cb30993b3048335b94af6c,cx21e94c08c03daee80c25d8ee3ea22a20786ec231,0x25ff812dc2957a33,0xc8e356341ca5f461251194a65266f65ed853bc8e66c633840e73cb02e3877102,3,97795191,2.7380491320026383,1748286288865388,Balanced Dollar,0.207506125,bnUSD,0,1,2025-05-26
cxf14dea1cff7ceb29a46e6d04533a08f84441e41d,cx21e94c08c03daee80c25d8ee3ea22a20786ec231,cxa0af3165c08318e988cb30993b3048335b94af6c,0x3b33c2ee1d536000,0xc8e356341ca5f461251194a65266f65ed853bc8e66c633840e73cb02e3877102,2,97795191,4.2659676,1748286288865388,Blobble Stake Token,0.207506125,BST,0,1,2025-05-26
cxf14dea1cff7ceb29a46e6d04533a08f84441e41d,cxc7d2b2ea91af80d4535dbbee0318399d3aedb6b1,cx21e94c08c03daee80c25d8ee3ea22a20786ec231,0x3b33c2ee1d536000,0xc8e356341ca5f461251194a65266f65ed853bc8e66c633840e73cb02e3877102,1,97795191,4.2659676,1748286288865388,Blobble Stake Token,0.207506125,BST,0,1,2025-05-26
cxf14dea1cff7ceb29a46e6d04533a08f84441e41d,hx7412a1c4656e59a044d3d250b779a4012004dd69,cxc7d2b2ea91af80d4535dbbee0318399d3aedb6b1,0x3b70a0c1d579c000,0xc8e356341ca5f461251194a65266f65ed853bc8e66c633840e73cb02e3877102,0,97795191,4.2831,1748286288865388,Blobble Stake Token,0.207506125,BST,0,1,2025-05-26
cx3fd4769e413657304d4928b95b88fd6eb53f9a8b,hx7412a1c4656e59a044d3d250b779a4012004dd69,cxc7d2b2ea91af80d4535dbbee0318399d3aedb6b1,0x1f47761bbb40c000,0x55a74212ffa382c2dbc6cb4516d38e60e31542f35bf1b0a60c9e407d043fa45f,17,97795168,2.2539,1748286242962111,iDoge,0.1334873375,IDOGE,0,1,2025-05-26
cx3fd4769e413657304d4928b95b88fd6eb53f9a8b,cxc7d2b2ea91af80d4535dbbee0318399d3aedb6b1,cx21e94c08c03daee80c25d8ee3ea22a20786ec231,0x1f276e77c7d0e000,0x55a74212ffa382c2dbc6cb4516d38e60e31542f35bf1b0a60c9e407d043fa45f,16,97795168,2.2448844,1748286242962111,iDoge,0.1334873375,IDOGE,0,1,2025-05-26
cx3975b43d260fb8ec802cef6e60c2f4d07486f11d,hx7412a1c4656e59a044d3d250b779a4012004dd69,hx0000000000000000000000000000000000000000,0x251df71f413,0x55a74212ffa382c2dbc6cb4516d38e60e31542f35bf1b0a60c9e407d043fa45f,13,97795168,2.550664393747e-06,1748286242962111,Wrapped ICX,0.1334873375,wICX,0,1,2025-05-26
cx3975b43d260fb8ec802cef6e60c2f4d07486f11d,cx21e94c08c03daee80c25d8ee3ea22a20786ec231,hx7412a1c4656e59a044d3d250b779a4012004dd69,0x251df71f413,0x55a74212ffa382c2dbc6cb4516d38e60e31542f35bf1b0a60c9e407d043fa45f,12,97795168,2.550664393747e-06,1748286242962111,Wrapped ICX,0.1334873375,wICX,0,1,2025-05-26
cx88fd7df7ddff82f7cc735c871dc519838cb235bb,cxa0af3165c08318e988cb30993b3048335b94af6c,cx5faae53c4dbd1fbe4a2eb4aab6565030f10da5c6,0x1a81b72b,0x55a74212ffa382c2dbc6cb4516d38e60e31542f35bf1b0a60c9e407d043fa45f,10,97795168,4.44708651e-10,1748286242962111,Balanced Dollar,0.1334873375,bnUSD,0,1,2025-05-26
cx3975b43d260fb8ec802cef6e60c2f4d07486f11d,cxa0af3165c08318e988cb30993b3048335b94af6c,cx21e94c08c03daee80c25d8ee3ea22a20786ec231,0x251df71f413,0x55a74212ffa382c2dbc6cb4516d38e60e31542f35bf1b0a60c9e407d043fa45f,9,97795168,2.550664393747e-06,1748286242962111,Wrapped ICX,0.1334873375,wICX,0,1,2025-05-26
cx88fd7df7ddff82f7cc735c871dc519838cb235bb,cx21e94c08c03daee80c25d8ee3ea22a20786ec231,cxa0af3165c08318e988cb30993b3048335b94af6c,0x45072255d1,0x55a74212ffa382c2dbc6cb4516d38e60e31542f35bf1b0a60c9e407d043fa45f,8,97795168,2.96472434129e-07,1748286242962111,Balanced Dollar,0.1334873375,bnUSD,0,1,2025-05-26
cxae3034235540b924dfcc1b45836c293dcc82bfb7,cx21e94c08c03daee80c25d8ee3ea22a20786ec231,cxa0af3165c08318e988cb30993b3048335b94af6c,0x1,0x55a74212ffa382c2dbc6cb4516d38e60e31542f35bf1b0a60c9e407d043fa45f,7,97795168,1e-06,1748286242962111,ICON USD Coin,0.1334873375,IUSDC,0,1,2025-05-26
cx88fd7df7ddff82f7cc735c871dc519838cb235bb,cxa0af3165c08318e988cb30993b3048335b94af6c,cx5faae53c4dbd1fbe4a2eb4aab6565030f10da5c6,0x0,0x55a74212ffa382c2dbc6cb4516d38e60e31542f35bf1b0a60c9e407d043fa45f,5,97795168,0.0,1748286242962111,Balanced Dollar,0.1334873375,bnUSD,0,1,2025-05-26
cx88fd7df7ddff82f7cc735c871dc519838cb235bb,cxa0af3165c08318e988cb30993b3048335b94af6c,cx21e94c08c03daee80c25d8ee3ea22a20786ec231,0x45072255d1,0x55a74212ffa382c2dbc6cb4516d38e60e31542f35bf1b0a60c9e407d043fa45f,4,97795168,2.96472434129e-07,1748286242962111,Balanced Dollar,0.1334873375,bnUSD,0,1,2025-05-26
cx3fd4769e413657304d4928b95b88fd6eb53f9a8b,cx21e94c08c03daee80c25d8ee3ea22a20786ec231,cxa0af3165c08318e988cb30993b3048335b94af6c,0x1f276e77c7d0e000,0x55a74212ffa382c2dbc6cb4516d38e60e31542f35bf1b0a60c9e407d043fa45f,3,97795168,2.2448844,1748286242962111,iDoge,0.1334873375,IDOGE,0,1,2025-05-26
cxae3034235540b924dfcc1b45836c293dcc82bfb7,cxa0af3165c08318e988cb30993b3048335b94af6c,cx5faae53c4dbd1fbe4a2eb4aab6565030f10da5c6,0x1,0x55a74212ffa382c2dbc6cb4516d38e60e31542f35bf1b0a60c9e407d043fa45f,1,97795168,1e-06,1748286242962111,ICON USD Coin,0.1334873375,IUSDC,0,1,2025-05-26
cxae3034235540b924dfcc1b45836c293dcc82bfb7,cxa0af3165c08318e988cb30993b3048335b94af6c,cx21e94c08c03daee80c25d8ee3ea22a20786ec231,0x1,0x55a74212ffa382c2dbc6cb4516d38e60e31542f35bf1b0a60c9e407d043fa45f,0,97795168,1e-06,1748286242962111,ICON USD Coin,0.1334873375,IUSDC,0,1,2025-05-26
cx88fd7df7ddff82f7cc735c871dc519838cb235bb,cxa0af3165c08318e988cb30993b3048335b94af6c,cx5faae53c4dbd1fbe4a2eb4aab6565030f10da5c6,0x2e24a9bbf711f8d,0x9897fc1415dcb262cbe0c4b9d710d295a44b9c7f3889a6c69f4bcb8f8b93fa8c,2,97795154,0.20781056560471234,1748286214871118,Balanced Dollar,0.056926325,bnUSD,0,1,2025-05-26
cx88fd7df7ddff82f7cc735c871dc519838cb235bb,cxa0af3165c08318e988cb30993b3048335b94af6c,hxd75467e3e4ce64e3424c747dfb71503017440433,0x77dd76a1157e808f7,0x9897fc1415dcb262cbe0c4b9d710d295a44b9c7f3889a6c69f4bcb8f8b93fa8c,1,97795154,138.19504151342247,1748286214871118,Balanced Dollar,0.056926325,bnUSD,0,1,2025-05-26
cx66a031cc3bd305c76371fb586e93801b948254f0,hxd75467e3e4ce64e3424c747dfb71503017440433,cxa0af3165c08318e988cb30993b3048335b94af6c,0x53444835ec580000,0x9897fc1415dcb262cbe0c4b9d710d295a44b9c7f3889a6c69f4bcb8f8b93fa8c,0,97795154,6.0,1748286214871118,Avalanche,0.056926325,AVAX,0,1,2025-05-26
cx3975b43d260fb8ec802cef6e60c2f4d07486f11d,hx588591cebc39ee08511ff780074eb5fd3e12bf36,hx0000000000000000000000000000000000000000,0x21065ea8f9fd543c,0x3aadec64daf6af0c90f0df0444f59917fb6d32e6b8fcc6b564aa578e205598a1,10,97795124,2.3796935329535316,1748286154829648,Wrapped ICX,0.150443125,wICX,0,1,2025-05-26
cx3975b43d260fb8ec802cef6e60c2f4d07486f11d,cx21e94c08c03daee80c25d8ee3ea22a20786ec231,hx588591cebc39ee08511ff780074eb5fd3e12bf36,0x21065ea8f9fd543c,0x3aadec64daf6af0c90f0df0444f59917fb6d32e6b8fcc6b564aa578e205598a1,9,97795124,2.3796935329535316,1748286154829648,Wrapped ICX,0.150443125,wICX,0,1,2025-05-26
cx2609b924e33ef00b648a409245c7ea394c467824,cxa0af3165c08318e988cb30993b3048335b94af6c,cx5faae53c4dbd1fbe4a2eb4aab6565030f10da5c6,0x97f0a237fd3d5,0x3aadec64daf6af0c90f0df0444f59917fb6d32e6b8fcc6b564aa578e205598a1,7,97795124,0.002672956312376277,1748286154829648,Staked ICX,0.150443125,sICX,0,1,2025-05-26
cx3975b43d260fb8ec802cef6e60c2f4d07486f11d,cxa0af3165c08318e988cb30993b3048335b94af6c,cx21e94c08c03daee80c25d8ee3ea22a20786ec231,0x21065ea8f9fd543c,0x3aadec64daf6af0c90f0df0444f59917fb6d32e6b8fcc6b564aa578e205598a1,6,97795124,2.3796935329535316,1748286154829648,Wrapped ICX,0.150443125,wICX,0,1,2025-05-26
cx2609b924e33ef00b648a409245c7ea394c467824,cx21e94c08c03daee80c25d8ee3ea22a20786ec231,cxa0af3165c08318e988cb30993b3048335b94af6c,0x18bad511c78cfb06,0x3aadec64daf6af0c90f0df0444f59917fb6d32e6b8fcc6b564aa578e205598a1,5,97795124,1.781970874917518,1748286154829648,Staked ICX,0.150443125,sICX,0,1,2025-05-26
cx2609b924e33ef00b648a409245c7ea394c467824,cxa0af3165c08318e988cb30993b3048335b94af6c,cx5faae53c4dbd1fbe4a2eb4aab6565030f10da5c6,0x98659907fae66,0x3aadec64daf6af0c90f0df0444f59917fb6d32e6b8fcc6b564aa578e205598a1,3,97795124,0.002680994024894054,1748286154829648,Staked ICX,0.150443125,sICX,0,1,2025-05-26
cx2609b924e33ef00b648a409245c7ea394c467824,cxa0af3165c08318e988cb30993b3048335b94af6c,cx21e94c08c03daee80c25d8ee3ea22a20786ec231,0x18bad511c78cfb06,0x3aadec64daf6af0c90f0df0444f59917fb6d32e6b8fcc6b564aa578e205598a1,2,97795124,1.781970874917518,1748286154829648,Staked ICX,0.150443125,sICX,0,1,2025-05-26
cxf61cd5a45dc9f91c15aa65831a30a90d59a09619,cx21e94c08c03daee80c25d8ee3ea22a20786ec231,cxa0af3165c08318e988cb30993b3048335b94af6c,0x36092f27ca71e998,0x3aadec64daf6af0c90f0df0444f59917fb6d32e6b8fcc6b564aa578e205598a1,1,97795124,3.8936952007851975,1748286154829648,Balance Token,0.150443125,BALN,0,1,2025-05-26
cxf61cd5a45dc9f91c15aa65831a30a90d59a09619,hx588591cebc39ee08511ff780074eb5fd3e12bf36,cx21e94c08c03daee80c25d8ee3ea22a20786ec231,0x36092f27ca71e998,0x3aadec64daf6af0c90f0df0444f59917fb6d32e6b8fcc6b564aa578e205598a1,0,97795124,3.8936952007851975,1748286154829648,Balance Token,0.150443125,BALN,0,1,2025-05-26
cx88fd7df7ddff82f7cc735c871dc519838cb235bb,cxa0af3165c08318e988cb30993b3048335b94af6c,cx5faae53c4dbd1fbe4a2eb4aab6565030f10da5c6,0x2e30adcfa0f2422,0x2af9daa4036e2c68be1d733129eb72b6e992bb57d0f1dde521522b47f5529bc1,2,97795123,0.20802195199355394,1748286152918284,Balanced Dollar,0.056922325,bnUSD,0,1,2025-05-26
cx88fd7df7ddff82f7cc735c871dc519838cb235bb,cxa0af3165c08318e988cb30993b3048335b94af6c,hxd75467e3e4ce64e3424c747dfb71503017440433,0x77fcaf5070b86bc1d,0x2af9daa4036e2c68be1d733129eb72b6e992bb57d0f1dde521522b47f5529bc1,1,97795123,138.3356503146862,1748286152918284,Balanced Dollar,0.056922325,bnUSD,0,1,2025-05-26
cx66a031cc3bd305c76371fb586e93801b948254f0,hxd75467e3e4ce64e3424c747dfb71503017440433,cxa0af3165c08318e988cb30993b3048335b94af6c,0x53444835ec580000,0x2af9daa4036e2c68be1d733129eb72b6e992bb57d0f1dde521522b47f5529bc1,0,97795123,6.0,1748286152918284,Avalanche,0.056922325,AVAX,0,1,2025-05-26
cx3975b43d260fb8ec802cef6e60c2f4d07486f11d,hx588591cebc39ee08511ff780074eb5fd3e12bf36,hx0000000000000000000000000000000000000000,0x5b6dcb9df019a5745,0x3d9d302fbb21c77ac5a5c00b8923c08c873501bd157506c9aeab13c9c91c5629,13,97795097,105.41033134578272,1748286100978067,Wrapped ICX,0.2895847875,wICX,0,1,2025-05-26
cx3975b43d260fb8ec802cef6e60c2f4d07486f11d,cx21e94c08c03daee80c25d8ee3ea22a20786ec231,hx588591cebc39ee08511ff780074eb5fd3e12bf36,0x5b6dcb9df019a5745,0x3d9d302fbb21c77ac5a5c00b8923c08c873501bd157506c9aeab13c9c91c5629,12,97795097,105.41033134578272,1748286100978067,Wrapped ICX,0.2895847875,wICX,0,1,2025-05-26
cx2609b924e33ef00b648a409245c7ea394c467824,cx203d9cd2a669be67177e997b8948ce2c35caffae,cx835b300dcfe01f0bdb794e134a0c5628384f4367,0x933925c641492a,0x3d9d302fbb21c77ac5a5c00b8923c08c873501bd157506c9aeab13c9c91c5629,9,97795097,0.04143965597920696,1748286100978067,Staked ICX,0.2895847875,sICX,0,1,2025-05-26
cx2609b924e33ef00b648a409245c7ea394c467824,cx5faae53c4dbd1fbe4a2eb4aab6565030f10da5c6,cx203d9cd2a669be67177e997b8948ce2c35caffae,0xd251a3ad81d63c,0x3d9d302fbb21c77ac5a5c00b8923c08c873501bd157506c9aeab13c9c91c5629,6,97795097,0.05919950854172422,1748286100978067,Staked ICX,0.2895847875,sICX,0,1,2025-05-26
cx2609b924e33ef00b648a409245c7ea394c467824,cx5faae53c4dbd1fbe4a2eb4aab6565030f10da5c6,cxdc30a0d3a1f131565c071272a20bc0b06fd4c17b,0xd251a3ad81d63b,0x3d9d302fbb21c77ac5a5c00b8923c08c873501bd157506c9aeab13c9c91c5629,4,97795097,0.05919950854172422,1748286100978067,Staked ICX,0.2895847875,sICX,0,1,2025-05-26
cx2609b924e33ef00b648a409245c7ea394c467824,cxa0af3165c08318e988cb30993b3048335b94af6c,cx5faae53c4dbd1fbe4a2eb4aab6565030f10da5c6,0x1a4a3475b03ac77,0x3d9d302fbb21c77ac5a5c00b8923c08c873501bd157506c9aeab13c9c91c5629,3,97795097,0.11839901708344844,1748286100978067,Staked ICX,0.2895847875,sICX,0,1,2025-05-26
cx3975b43d260fb8ec802cef6e60c2f4d07486f11d,cxa0af3165c08318e988cb30993b3048335b94af6c,cx21e94c08c03daee80c25d8ee3ea22a20786ec231,0x5b6dcb9df019a5745,0x3d9d302fbb21c77ac5a5c00b8923c08c873501bd157506c9aeab13c9c91c5629,2,97795097,105.41033134578272,1748286100978067,Wrapped ICX,0.2895847875,wICX,0,1,2025-05-26
cx2609b924e33ef00b648a409245c7ea394c467824,cx21e94c08c03daee80c25d8ee3ea22a20786ec231,cxa0af3165c08318e988cb30993b3048335b94af6c,0x44769347d043bcc11,0x3d9d302fbb21c77ac5a5c00b8923c08c873501bd157506c9aeab13c9c91c5629,1,97795097,78.9326780556323,1748286100978067,Staked ICX,0.2895847875,sICX,0,1,2025-05-26
cx2609b924e33ef00b648a409245c7ea394c467824,hx588591cebc39ee08511ff780074eb5fd3e12bf36,cx21e94c08c03daee80c25d8ee3ea22a20786ec231,0x44769347d043bcc11,0x3d9d302fbb21c77ac5a5c00b8923c08c873501bd157506c9aeab13c9c91c5629,0,97795097,78.9326780556323,1748286100978067,Staked ICX,0.2895847875,sICX,0,1,2025-05-26
cx3975b43d260fb8ec802cef6e60c2f4d07486f11d,hx9092a3fc19763f078f069b5406c4433f37b7ea56,cx55f6ac86d82a14022c338c8c0033eeceeeab382d,0xd8d726b7177a80000,0xa59d972dc6faf9477b4854397042833b808ac30f68c2af88aa1389191cbffb89,1,97795071,250.0,1748286048821627,Wrapped ICX,0.0100541,wICX,0,1,2025-05-26
cx3975b43d260fb8ec802cef6e60c2f4d07486f11d,hx0000000000000000000000000000000000000000,hx9092a3fc19763f078f069b5406c4433f37b7ea56,0xd8d726b7177a80000,0xa59d972dc6faf9477b4854397042833b808ac30f68c2af88aa1389191cbffb89,0,97795071,250.0,1748286048821627,Wrapped ICX,0.0100541,wICX,0,1,2025-05-26
cx2609b924e33ef00b648a409245c7ea394c467824,cxa0af3165c08318e988cb30993b3048335b94af6c,hx4dc7903504bb800a462378348a42f53742759e0b,0x7aa2c15c9fb0c2d,0xe8827e6e363253243d364f3204ef2c65c18241d648a1b6516b1985e9e6b2233a,3,97795067,0.5523023764009155,1748286041010339,Staked ICX,0.043767225,sICX,0,3,2025-05-26
cx2609b924e33ef00b648a409245c7ea394c467824,hx4dc7903504bb800a462378348a42f53742759e0b,cxa0af3165c08318e988cb30993b3048335b94af6c,0xa157aecaa8e8a0000,0x88536f981d3f1c8199b394aa903919aed931e84d4269d13e19cfeb825cf21ac9,0,97795067,186.0152503763307,1748286041010339,Staked ICX,0.03123405,sICX,0,2,2025-05-26
cx88fd7df7ddff82f7cc735c871dc519838cb235bb,hx4dc7903504bb800a462378348a42f53742759e0b,cxa0af3165c08318e988cb30993b3048335b94af6c,0x185f9ed4cf3db6000,0x6adc06de013c95f7810eb64e9e17833507983b6214c572131f4c73a86fa63cb6,0,97795067,28.100752264719457,1748286041010339,Balanced Dollar,0.02221895,bnUSD,0,1,2025-05-26
cx2609b924e33ef00b648a409245c7ea394c467824,cx21e94c08c03daee80c25d8ee3ea22a20786ec231,hx4dc7903504bb800a462378348a42f53742759e0b,0xa16c584ecb920c48a,0x1e927b441ac9f22961d06cc228ffaf1c570ccb6d0dc5c6f1103df86d412b4540,5,97795065,186.108304528595,1748286036829155,Staked ICX,0.1384162875,sICX,0,2,2025-05-26
cx2609b924e33ef00b648a409245c7ea394c467824,hx0000000000000000000000000000000000000000,cx21e94c08c03daee80c25d8ee3ea22a20786ec231,0xa16c584ecb920c48a,0x1e927b441ac9f22961d06cc228ffaf1c570ccb6d0dc5c6f1103df86d412b4540,3,97795065,186.108304528595,1748286036829155,Staked ICX,0.1384162875,sICX,0,2,2025-05-26
cx88fd7df7ddff82f7cc735c871dc519838cb235bb,cx21e94c08c03daee80c25d8ee3ea22a20786ec231,hx4dc7903504bb800a462378348a42f53742759e0b,0x1862bde6f8d7fb39f,0xb5b7dc05ae1cfd3da8649653802b4e2107144299416334bdd5f129efbaa1b81a,9,97795065,28.114809669487148,1748286036829155,Balanced Dollar,0.202376325,bnUSD,0,1,2025-05-26
cx88fd7df7ddff82f7cc735c871dc519838cb235bb,cxa0af3165c08318e988cb30993b3048335b94af6c,cx5faae53c4dbd1fbe4a2eb4aab6565030f10da5c6,0x9645a0e7c8822c,0xb5b7dc05ae1cfd3da8649653802b4e2107144299416334bdd5f129efbaa1b81a,7,97795065,0.04229780389235972,1748286036829155,Balanced Dollar,0.202376325,bnUSD,0,1,2025-05-26
cx88fd7df7ddff82f7cc735c871dc519838cb235bb,cxa0af3165c08318e988cb30993b3048335b94af6c,cx21e94c08c03daee80c25d8ee3ea22a20786ec231,0x1862bde6f8d7fb39f,0xb5b7dc05ae1cfd3da8649653802b4e2107144299416334bdd5f129efbaa1b81a,6,97795065,28.114809669487148,1748286036829155,Balanced Dollar,0.202376325,bnUSD,0,1,2025-05-26
cx2609b924e33ef00b648a409245c7ea394c467824,cx21e94c08c03daee80c25d8ee3ea22a20786ec231,cxa0af3165c08318e988cb30993b3048335b94af6c,0xa16c584ecb920c48a,0xb5b7dc05ae1cfd3da8649653802b4e2107144299416334bdd5f129efbaa1b81a,5,97795065,186.108304528595,1748286036829155,Staked ICX,0.202376325,sICX,0,1,2025-05-26
cx2609b924e33ef00b648a409245c7ea394c467824,hx0000000000000000000000000000000000000000,cx21e94c08c03daee80c25d8ee3ea22a20786ec231,0xa16c584ecb920c48a,0xb5b7dc05ae1cfd3da8649653802b4e2107144299416334bdd5f129efbaa1b81a,3,97795065,186.108304528595,1748286036829155,Staked ICX,0.202376325,sICX,0,1,2025-05-26
cxf61cd5a45dc9f91c15aa65831a30a90d59a09619,cx10d59e8103ab44635190bd4139dbfd682fa2d07e,hx588591cebc39ee08511ff780074eb5fd3e12bf36,0x1af67eec02204a17,0xec2f64bbbbba02ce8447e4f89b3c69a4d5270ddc79316034982a92cc5962cd1f,3,97795060,1.94287984137,1748286026791684,Balance Token,0.07239165,BALN,0,1,2025-05-26
cx2609b924e33ef00b648a409245c7ea394c467824,cx10d59e8103ab44635190bd4139dbfd682fa2d07e,hx588591cebc39ee08511ff780074eb5fd3e12bf36,0x44769347d043bcc11,0xec2f64bbbbba02ce8447e4f89b3c69a4d5270ddc79316034982a92cc5962cd1f,1,97795060,78.9326780556323,1748286026791684,Staked ICX,0.07239165,sICX,0,1,2025-05-26
cx88fd7df7ddff82f7cc735c871dc519838cb235bb,cxa0af3165c08318e988cb30993b3048335b94af6c,hx4dc7903504bb800a462378348a42f53742759e0b,0x1be67970d46ac58,0xd2dc174b9861319802caf47927a8008c7a200158d8a1b4c6df203ed600d1f7f8,3,97794928,0.12565173807341065,1748285762721321,Balanced Dollar,0.0347552125,bnUSD,0,1,2025-05-26
cx07b184a37f03c6ab681fcbd0b45aec6dc3eafbeb,hx4dc7903504bb800a462378348a42f53742759e0b,cxa0af3165c08318e988cb30993b3048335b94af6c,0x157c546bff4b6,0x257435b7f7f699787f51d66ca94a2dba5e25dab73f433c437ad4a41f9cc6bde7,0,97794927,0.000377979783869622,1748285760719641,Bitcoin,0.0215962625,BTC,0,2,2025-05-26
cx88fd7df7ddff82f7cc735c871dc519838cb235bb,hx4dc7903504bb800a462378348a42f53742759e0b,cxa0af3165c08318e988cb30993b3048335b94af6c,0x23e7ad84c37118000,0xc2a2201588c07f577c591be4ff3aea809708926c976103feeef416d813a21084,0,97794927,41.395636746782344,1748285760719641,Balanced Dollar,0.02221895,bnUSD,0,1,2025-05-26
cx07b184a37f03c6ab681fcbd0b45aec6dc3eafbeb,cx21e94c08c03daee80c25d8ee3ea22a20786ec231,hx4dc7903504bb800a462378348a42f53742759e0b,0x157f149fb0ecc,0xb76167f055bf446e2c77e81ff2c1f3ad0608a6a982ace57b06d4f031e572e74f,13,97794925,0.000378168816635596,1748285756833589,Bitcoin,0.2599284375,BTC,0,2,2025-05-26
cx88fd7df7ddff82f7cc735c871dc519838cb235bb,cxa0af3165c08318e988cb30993b3048335b94af6c,cx5faae53c4dbd1fbe4a2eb4aab6565030f10da5c6,0xdcb0c6cc7a7eb8,0xb76167f055bf446e2c77e81ff2c1f3ad0608a6a982ace57b06d4f031e572e74f,11,97794925,0.0621188627569374,1748285756833589,Balanced Dollar,0.2599284375,bnUSD,0,2,2025-05-26
cx07b184a37f03c6ab681fcbd0b45aec6dc3eafbeb,cxa0af3165c08318e988cb30993b3048335b94af6c,cx21e94c08c03daee80c25d8ee3ea22a20786ec231,0x157f149fb0ecc,0xb76167f055bf446e2c77e81ff2c1f3ad0608a6a982ace57b06d4f031e572e74f,10,97794925,0.000378168816635596,1748285756833589,Bitcoin,0.2599284375,BTC,0,2,2025-05-26
cx88fd7df7ddff82f7cc735c871dc519838cb235bb,cx21e94c08c03daee80c25d8ee3ea22a20786ec231,cxa0af3165c08318e988cb30993b3048335b94af6c,0x23eb705b47eff5675,0xb76167f055bf446e2c77e81ff2c1f3ad0608a6a982ace57b06d4f031e572e74f,9,97794925,41.4125751712916,1748285756833589,Balanced Dollar,0.2599284375,bnUSD,0,2,2025-05-26
cx88fd7df7ddff82f7cc735c871dc519838cb235bb,cxa0af3165c08318e988cb30993b3048335b94af6c,cx5faae53c4dbd1fbe4a2eb4aab6565030f10da5c6,0xdd58322ebf6584,0xb76167f055bf446e2c77e81ff2c1f3ad0608a6a982ace57b06d4f031e572e74f,7,97794925,0.062302942408959366,1748285756833589,Balanced Dollar,0.2599284375,bnUSD,0,2,2025-05-26
cx88fd7df7ddff82f7cc735c871dc519838cb235bb,cxa0af3165c08318e988cb30993b3048335b94af6c,cx21e94c08c03daee80c25d8ee3ea22a20786ec231,0x23eb705b47eff5675,0xb76167f055bf446e2c77e81ff2c1f3ad0608a6a982ace57b06d4f031e572e74f,6,97794925,41.4125751712916,1748285756833589,Balanced Dollar,0.2599284375,bnUSD,0,2,2025-05-26
cx2609b924e33ef00b648a409245c7ea394c467824,cx21e94c08c03daee80c25d8ee3ea22a20786ec231,cxa0af3165c08318e988cb30993b3048335b94af6c,0xedc150740e109d03f,0xb76167f055bf446e2c77e81ff2c1f3ad0608a6a982ace57b06d4f031e572e74f,5,97794925,274.1130066700236,1748285756833589,Staked ICX,0.2599284375,sICX,0,2,2025-05-26
cx2609b924e33ef00b648a409245c7ea394c467824,hx0000000000000000000000000000000000000000,cx21e94c08c03daee80c25d8ee3ea22a20786ec231,0xedc150740e109d03f,0xb76167f055bf446e2c77e81ff2c1f3ad0608a6a982ace57b06d4f031e572e74f,3,97794925,274.1130066700236,1748285756833589,Staked ICX,0.2599284375,sICX,0,2,2025-05-26
cx88fd7df7ddff82f7cc735c871dc519838cb235bb,cx21e94c08c03daee80c25d8ee3ea22a20786ec231,hx4dc7903504bb800a462378348a42f53742759e0b,0x23ec46a455606f5ce,0x90569dd10beb261c49c44e717af157a220a0d6bceb50a3920fb36c5f435bfbce,14,97794925,41.41634491923451,1748285756833589,Balanced Dollar,0.2444920375,bnUSD,0,1,2025-05-26
cx88fd7df7ddff82f7cc735c871dc519838cb235bb,cx203d9cd2a669be67177e997b8948ce2c35caffae,cx835b300dcfe01f0bdb794e134a0c5628384f4367,0x1d0afea93f0a374,0x90569dd10beb261c49c44e717af157a220a0d6bceb50a3920fb36c5f435bfbce,11,97794925,0.13079781123297368,1748285756833589,Balanced Dollar,0.2444920375,bnUSD,0,1,2025-05-26
cx88fd7df7ddff82f7cc735c871dc519838cb235bb,cx5faae53c4dbd1fbe4a2eb4aab6565030f10da5c6,cx203d9cd2a669be67177e997b8948ce2c35caffae,0x297d6bcd357c4f0,0x90569dd10beb261c49c44e717af157a220a0d6bceb50a3920fb36c5f435bfbce,9,97794925,0.18685401604710528,1748285756833589,Balanced Dollar,0.2444920375,bnUSD,0,1,2025-05-26
cx88fd7df7ddff82f7cc735c871dc519838cb235bb,cx5faae53c4dbd1fbe4a2eb4aab6565030f10da5c6,cxdc30a0d3a1f131565c071272a20bc0b06fd4c17b,0x297d6bcd357c4ef,0x90569dd10beb261c49c44e717af157a220a0d6bceb50a3920fb36c5f435bfbce,8,97794925,0.18685401604710528,1748285756833589,Balanced Dollar,0.2444920375,bnUSD,0,1,2025-05-26
cx88fd7df7ddff82f7cc735c871dc519838cb235bb,cxa0af3165c08318e988cb30993b3048335b94af6c,cx5faae53c4dbd1fbe4a2eb4aab6565030f10da5c6,0xdd5d5a9f8b7b6b,0x90569dd10beb261c49c44e717af157a220a0d6bceb50a3920fb36c5f435bfbce,7,97794925,0.062308613658213226,1748285756833589,Balanced Dollar,0.2444920375,bnUSD,0,1,2025-05-26
cx88fd7df7ddff82f7cc735c871dc519838cb235bb,cxa0af3165c08318e988cb30993b3048335b94af6c,cx21e94c08c03daee80c25d8ee3ea22a20786ec231,0x23ec46a455606f5ce,0x90569dd10beb261c49c44e717af157a220a0d6bceb50a3920fb36c5f435bfbce,6,97794925,41.41634491923451,1748285756833589,Balanced Dollar,0.2444920375,bnUSD,0,1,2025-05-26
cx2609b924e33ef00b648a409245c7ea394c467824,cx21e94c08c03daee80c25d8ee3ea22a20786ec231,cxa0af3165c08318e988cb30993b3048335b94af6c,0xedc150740e109d03f,0x90569dd10beb261c49c44e717af157a220a0d6bceb50a3920fb36c5f435bfbce,5,97794925,274.1130066700236,1748285756833589,Staked ICX,0.2444920375,sICX,0,1,2025-05-26
cx2609b924e33ef00b648a409245c7ea394c467824,hx0000000000000000000000000000000000000000,cx21e94c08c03daee80c25d8ee3ea22a20786ec231,0xedc150740e109d03f,0x90569dd10beb261c49c44e717af157a220a0d6bceb50a3920fb36c5f435bfbce,3,97794925,274.1130066700236,1748285756833589,Staked ICX,0.2444920375,sICX,0,1,2025-05-26
cx3975b43d260fb8ec802cef6e60c2f4d07486f11d,hx9092a3fc19763f078f069b5406c4433f37b7ea56,hx0000000000000000000000000000000000000000,0xd8d726b7177a80000,0x0e4afd1f109145b78989ee95e17f7d4196c69aaa487062db14fc98c72d01f1fe,2,97794686,250.0,1748285276437585,Wrapped ICX,0.00827675,wICX,0,1,2025-05-26
cx3975b43d260fb8ec802cef6e60c2f4d07486f11d,cx55f6ac86d82a14022c338c8c0033eeceeeab382d,hx9092a3fc19763f078f069b5406c4433f37b7ea56,0xd8d726b7177a80000,0x0e4afd1f109145b78989ee95e17f7d4196c69aaa487062db14fc98c72d01f1fe,1,97794686,250.0,1748285276437585,Wrapped ICX,0.00827675,wICX,0,1,2025-05-26
cx88fd7df7ddff82f7cc735c871dc519838cb235bb,cxa0af3165c08318e988cb30993b3048335b94af6c,cx5faae53c4dbd1fbe4a2eb4aab6565030f10da5c6,0x2d95a4292d76800,0x208845e0baf8ab422c1721eef82ec74ee0382d583e9c027ffb7db6f0d4d1b654,2,97794474,0.2052945,1748284852295886,Balanced Dollar,0.0563762625,bnUSD,0,1,2025-05-26
cx4297f4b63262507623b6ad575d0d8dd2db980e4e,cxa0af3165c08318e988cb30993b3048335b94af6c,hxd75467e3e4ce64e3424c747dfb71503017440433,0x8b10e9ee58cf6ad2,0x208845e0baf8ab422c1721eef82ec74ee0382d583e9c027ffb7db6f0d4d1b654,1,97794474,10.020766380800831,1748284852295886,Injective,0.0563762625,INJ,0,1,2025-05-26
cx88fd7df7ddff82f7cc735c871dc519838cb235bb,hxd75467e3e4ce64e3424c747dfb71503017440433,cxa0af3165c08318e988cb30993b3048335b94af6c,0x76b5b0d5e66498000,0x208845e0baf8ab422c1721eef82ec74ee0382d583e9c027ffb7db6f0d4d1b654,0,97794474,136.863,1748284852295886,Balanced Dollar,0.0563762625,bnUSD,0,1,2025-05-26
cxf61cd5a45dc9f91c15aa65831a30a90d59a09619,cxd82fb5d3effecd8c9071a4bba3856ad7222c4b91,hx2795b422d55c51caa27f5c6397561e73d73e8bff,0x2b7ea74fca88c1fb,0xbdf80666eb0dd0a2861a0496afb2f242a1d9a459529d9496efd5752440a0f326,6,97794316,3.1341263518386593,1748284536157014,Balance Token,0.1610415375,BALN,0,1,2025-05-26
cx88fd7df7ddff82f7cc735c871dc519838cb235bb,cxd82fb5d3effecd8c9071a4bba3856ad7222c4b91,hx2795b422d55c51caa27f5c6397561e73d73e8bff,0x4656e3874cd36643,0xbdf80666eb0dd0a2861a0496afb2f242a1d9a459529d9496efd5752440a0f326,5,97794316,5.068488600901085,1748284536157014,Balanced Dollar,0.1610415375,bnUSD,0,1,2025-05-26
cx2609b924e33ef00b648a409245c7ea394c467824,cxd82fb5d3effecd8c9071a4bba3856ad7222c4b91,hx2795b422d55c51caa27f5c6397561e73d73e8bff,0x2dbb335ed3b160f36,0xbdf80666eb0dd0a2861a0496afb2f242a1d9a459529d9496efd5752440a0f326,4,97794316,52.72454455557135,1748284536157014,Staked ICX,0.1610415375,sICX,0,1,2025-05-26
cxf61cd5a45dc9f91c15aa65831a30a90d59a09619,cx9345f80d6c98357ccbb70392b14162199c2c5f66,cxd82fb5d3effecd8c9071a4bba3856ad7222c4b91,0x25aa7fda5e7ea3ab,0xbdf80666eb0dd0a2861a0496afb2f242a1d9a459529d9496efd5752440a0f326,3,97794316,2.714122301309101,1748284536157014,Balance Token,0.1610415375,BALN,0,1,2025-05-26
cx2609b924e33ef00b648a409245c7ea394c467824,cx9345f80d6c98357ccbb70392b14162199c2c5f66,cxd82fb5d3effecd8c9071a4bba3856ad7222c4b91,0x277a3c321533258df,0xbdf80666eb0dd0a2861a0496afb2f242a1d9a459529d9496efd5752440a0f326,2,97794316,45.51443680703351,1748284536157014,Staked ICX,0.1610415375,sICX,0,1,2025-05-26
cx88fd7df7ddff82f7cc735c871dc519838cb235bb,hx0000000000000000000000000000000000000000,cx5faae53c4dbd1fbe4a2eb4aab6565030f10da5c6,0x0,0xbdf80666eb0dd0a2861a0496afb2f242a1d9a459529d9496efd5752440a0f326,1,97794316,0.0,1748284536157014,Balanced Dollar,0.1610415375,bnUSD,0,1,2025-05-26
cx88fd7df7ddff82f7cc735c871dc519838cb235bb,hx0000000000000000000000000000000000000000,cxd82fb5d3effecd8c9071a4bba3856ad7222c4b91,0x3c74c38c8da8139d,0xbdf80666eb0dd0a2861a0496afb2f242a1d9a459529d9496efd5752440a0f326,0,97794316,4.356321748013553,1748284536157014,Balanced Dollar,0.1610415375,bnUSD,0,1,2025-05-26
cx3975b43d260fb8ec802cef6e60c2f4d07486f11d,hx9092a3fc19763f078f069b5406c4433f37b7ea56,cx55f6ac86d82a14022c338c8c0033eeceeeab382d,0xd8d726b7177a80000,0xe6aec6b4db99d99c82e5eb2dd66def07df86d90e6e00df0c4b41b621ba1812ab,1,97794304,250.0,1748284512193496,Wrapped ICX,0.0100541,wICX,0,1,2025-05-26
cx3975b43d260fb8ec802cef6e60c2f4d07486f11d,hx0000000000000000000000000000000000000000,hx9092a3fc19763f078f069b5406c4433f37b7ea56,0xd8d726b7177a80000,0xe6aec6b4db99d99c82e5eb2dd66def07df86d90e6e00df0c4b41b621ba1812ab,0,97794304,250.0,1748284512193496,Wrapped ICX,0.0100541,wICX,0,1,2025-05-26
cx3975b43d260fb8ec802cef6e60c2f4d07486f11d,hx9092a3fc19763f078f069b5406c4433f37b7ea56,hx0000000000000000000000000000000000000000,0xd8d726b7177a80000,0x21813bcdcde6ae853f24d105df5fda930c7788bfb789b18f6dc5610e413fc084,2,97794294,250.0,1748284492092775,Wrapped ICX,0.00827675,wICX,0,1,2025-05-26
cx3975b43d260fb8ec802cef6e60c2f4d07486f11d,cx55f6ac86d82a14022c338c8c0033eeceeeab382d,hx9092a3fc19763f078f069b5406c4433f37b7ea56,0xd8d726b7177a80000,0x21813bcdcde6ae853f24d105df5fda930c7788bfb789b18f6dc5610e413fc084,1,97794294,250.0,1748284492092775,Wrapped ICX,0.00827675,wICX,0,1,2025-05-26
cx88fd7df7ddff82f7cc735c871dc519838cb235bb,cxa0af3165c08318e988cb30993b3048335b94af6c,hx4dc7903504bb800a462378348a42f53742759e0b,0x17c0689bdaccdce,0x705b5cbf423f39f09654646d57771e72b82cd14622d4bb50aaf7dd0f2ca7921d,3,97793831,0.10696767981255419,1748283565900140,Balanced Dollar,0.0347552125,bnUSD,0,3,2025-05-26
cx07b184a37f03c6ab681fcbd0b45aec6dc3eafbeb,hx4dc7903504bb800a462378348a42f53742759e0b,cxa0af3165c08318e988cb30993b3048335b94af6c,0x12530ee449f68,0x638cab9046325a5712d54a9d6470aad3c943f242cf315539548d1c6518291bc8,0,97793831,0.00032236706284324,1748283565900140,Bitcoin,0.0215962625,BTC,0,2,2025-05-26
cx88fd7df7ddff82f7cc735c871dc519838cb235bb,hx4dc7903504bb800a462378348a42f53742759e0b,cxa0af3165c08318e988cb30993b3048335b94af6c,0x1e9e6245d42d8d000,0x0c4c5eeb749c8d112ce9b6c03033f5647c9a7716bee085d7a2822117dc4f8195,0,97793831,35.300942712162275,1748283565900140,Balanced Dollar,0.02221895,bnUSD,0,1,2025-05-26
cx07b184a37f03c6ab681fcbd0b45aec6dc3eafbeb,cx21e94c08c03daee80c25d8ee3ea22a20786ec231,hx4dc7903504bb800a462378348a42f53742759e0b,0x12556781f1d7a,0xf05dc8e9aeed7779888743bf3321389b42dc353bac193cdaede0244362487b86,13,97793829,0.000322528289430906,1748283561869590,Bitcoin,0.2599284375,BTC,0,2,2025-05-26
cx88fd7df7ddff82f7cc735c871dc519838cb235bb,cxa0af3165c08318e988cb30993b3048335b94af6c,cx5faae53c4dbd1fbe4a2eb4aab6565030f10da5c6,0xbc3361e59fa1f2,0xf05dc8e9aeed7779888743bf3321389b42dc353bac193cdaede0244362487b86,11,97793829,0.05297379117889176,1748283561869590,Balanced Dollar,0.2599284375,bnUSD,0,2,2025-05-26
cx07b184a37f03c6ab681fcbd0b45aec6dc3eafbeb,cxa0af3165c08318e988cb30993b3048335b94af6c,cx21e94c08c03daee80c25d8ee3ea22a20786ec231,0x12556781f1d7a,0xf05dc8e9aeed7779888743bf3321389b42dc353bac193cdaede0244362487b86,10,97793829,0.000322528289430906,1748283561869590,Bitcoin,0.2599284375,BTC,0,2,2025-05-26
cx88fd7df7ddff82f7cc735c871dc519838cb235bb,cx21e94c08c03daee80c25d8ee3ea22a20786ec231,cxa0af3165c08318e988cb30993b3048335b94af6c,0x1ea1b2445fa606822,0xf05dc8e9aeed7779888743bf3321389b42dc353bac193cdaede0244362487b86,9,97793829,35.31586078592784,1748283561869590,Balanced Dollar,0.2599284375,bnUSD,0,2,2025-05-26
cx88fd7df7ddff82f7cc735c871dc519838cb235bb,cxa0af3165c08318e988cb30993b3048335b94af6c,cx5faae53c4dbd1fbe4a2eb4aab6565030f10da5c6,0xbcc27a8ead0482,0xf05dc8e9aeed7779888743bf3321389b42dc353bac193cdaede0244362487b86,7,97793829,0.05313112725710554,1748283561869590,Balanced Dollar,0.2599284375,bnUSD,0,2,2025-05-26
cx88fd7df7ddff82f7cc735c871dc519838cb235bb,cxa0af3165c08318e988cb30993b3048335b94af6c,cx21e94c08c03daee80c25d8ee3ea22a20786ec231,0x1ea1b2445fa606822,0xf05dc8e9aeed7779888743bf3321389b42dc353bac193cdaede0244362487b86,6,97793829,35.31586078592784,1748283561869590,Balanced Dollar,0.2599284375,bnUSD,0,2,2025-05-26
cx2609b924e33ef00b648a409245c7ea394c467824,cx21e94c08c03daee80c25d8ee3ea22a20786ec231,cxa0af3165c08318e988cb30993b3048335b94af6c,0xcab7b062f3bd5cd25,0xf05dc8e9aeed7779888743bf3321389b42dc353bac193cdaede0244362487b86,5,97793829,233.7174056870728,1748283561869590,Staked ICX,0.2599284375,sICX,0,2,2025-05-26
cx2609b924e33ef00b648a409245c7ea394c467824,hx0000000000000000000000000000000000000000,cx21e94c08c03daee80c25d8ee3ea22a20786ec231,0xcab7b062f3bd5cd25,0xf05dc8e9aeed7779888743bf3321389b42dc353bac193cdaede0244362487b86,3,97793829,233.7174056870728,1748283561869590,Staked ICX,0.2599284375,sICX,0,2,2025-05-26
cx88fd7df7ddff82f7cc735c871dc519838cb235bb,cx21e94c08c03daee80c25d8ee3ea22a20786ec231,hx4dc7903504bb800a462378348a42f53742759e0b,0x1ea24e167a62cb01e,0x0d24bbb1fe493d4e7034364e7f57b2763a44b303658c69b3fd6c60453005394c,14,97793829,35.3186020130321,1748283561869590,Balanced Dollar,0.2444970375,bnUSD,0,1,2025-05-26
cx88fd7df7ddff82f7cc735c871dc519838cb235bb,cx203d9cd2a669be67177e997b8948ce2c35caffae,cx835b300dcfe01f0bdb794e134a0c5628384f4367,0x33d01aee352e1873,0x0d24bbb1fe493d4e7034364e7f57b2763a44b303658c69b3fd6c60453005394c,11,97793829,3.7335137014868933,1748283561869590,Balanced Dollar,0.2444970375,bnUSD,0,1,2025-05-26
cx88fd7df7ddff82f7cc735c871dc519838cb235bb,cx5faae53c4dbd1fbe4a2eb4aab6565030f10da5c6,cx203d9cd2a669be67177e997b8948ce2c35caffae,0x4a04b8c202d422ee,0x0d24bbb1fe493d4e7034364e7f57b2763a44b303658c69b3fd6c60453005394c,9,97793829,5.333591002124133,1748283561869590,Balanced Dollar,0.2444970375,bnUSD,0,1,2025-05-26
cx88fd7df7ddff82f7cc735c871dc519838cb235bb,cx5faae53c4dbd1fbe4a2eb4aab6565030f10da5c6,cxdc30a0d3a1f131565c071272a20bc0b06fd4c17b,0x4a04b8c202d422ed,0x0d24bbb1fe493d4e7034364e7f57b2763a44b303658c69b3fd6c60453005394c,8,97793829,5.333591002124133,1748283561869590,Balanced Dollar,0.2444970375,bnUSD,0,1,2025-05-26
cx88fd7df7ddff82f7cc735c871dc519838cb235bb,cxa0af3165c08318e988cb30993b3048335b94af6c,cx5faae53c4dbd1fbe4a2eb4aab6565030f10da5c6,0xbcc63abe9ecff9,0x0d24bbb1fe493d4e7034364e7f57b2763a44b303658c69b3fd6c60453005394c,7,97793829,0.05313525123008511,1748283561869590,Balanced Dollar,0.2444970375,bnUSD,0,1,2025-05-26
cx88fd7df7ddff82f7cc735c871dc519838cb235bb,cxa0af3165c08318e988cb30993b3048335b94af6c,cx21e94c08c03daee80c25d8ee3ea22a20786ec231,0x1ea24e167a62cb01e,0x0d24bbb1fe493d4e7034364e7f57b2763a44b303658c69b3fd6c60453005394c,6,97793829,35.3186020130321,1748283561869590,Balanced Dollar,0.2444970375,bnUSD,0,1,2025-05-26
cx2609b924e33ef00b648a409245c7ea394c467824,cx21e94c08c03daee80c25d8ee3ea22a20786ec231,cxa0af3165c08318e988cb30993b3048335b94af6c,0xcab7b062f3bd5cd25,0x0d24bbb1fe493d4e7034364e7f57b2763a44b303658c69b3fd6c60453005394c,5,97793829,233.7174056870728,1748283561869590,Staked ICX,0.2444970375,sICX,0,1,2025-05-26
cx2609b924e33ef00b648a409245c7ea394c467824,hx0000000000000000000000000000000000000000,cx21e94c08c03daee80c25d8ee3ea22a20786ec231,0xcab7b062f3bd5cd25,0x0d24bbb1fe493d4e7034364e7f57b2763a44b303658c69b3fd6c60453005394c,3,97793829,233.7174056870728,1748283561869590,Staked ICX,0.2444970375,sICX,0,1,2025-05-26
cx3975b43d260fb8ec802cef6e60c2f4d07486f11d,hx9092a3fc19763f078f069b5406c4433f37b7ea56,cx55f6ac86d82a14022c338c8c0033eeceeeab382d,0xd8d726b7177a80000,0x555b820f43005391f88b5177b53c8882086c945694f2396f8fc35b44d22b55f5,1,97793399,250.0,1748282699097048,Wrapped ICX,0.0100541,wICX,0,1,2025-05-26
cx3975b43d260fb8ec802cef6e60c2f4d07486f11d,hx0000000000000000000000000000000000000000,hx9092a3fc19763f078f069b5406c4433f37b7ea56,0xd8d726b7177a80000,0x555b820f43005391f88b5177b53c8882086c945694f2396f8fc35b44d22b55f5,0,97793399,250.0,1748282699097048,Wrapped ICX,0.0100541,wICX,0,1,2025-05-26
cx2609b924e33ef00b648a409245c7ea394c467824,cx21e94c08c03daee80c25d8ee3ea22a20786ec231,hx9092a3fc19763f078f069b5406c4433f37b7ea56,0xa1673929be32dbc72,0xb587a034ef4b37149708ff4ef7e546354bc4fa740ee71dcac31f22400df9a7ca,14,97793392,186.08523862648067,1748282685202158,Staked ICX,0.3515063875,sICX,0,1,2025-05-26
cx2609b924e33ef00b648a409245c7ea394c467824,cx203d9cd2a669be67177e997b8948ce2c35caffae,cx835b300dcfe01f0bdb794e134a0c5628384f4367,0x2b8406ec708095c,0xb587a034ef4b37149708ff4ef7e546354bc4fa740ee71dcac31f22400df9a7ca,10,97793392,0.19597742832038947,1748282685202158,Staked ICX,0.3515063875,sICX,0,1,2025-05-26
cx2609b924e33ef00b648a409245c7ea394c467824,cx5faae53c4dbd1fbe4a2eb4aab6565030f10da5c6,cx203d9cd2a669be67177e997b8948ce2c35caffae,0x3e2a5308a0b7b17,0xb587a034ef4b37149708ff4ef7e546354bc4fa740ee71dcac31f22400df9a7ca,7,97793392,0.2799677547434135,1748282685202158,Staked ICX,0.3515063875,sICX,0,1,2025-05-26
cx2609b924e33ef00b648a409245c7ea394c467824,cx5faae53c4dbd1fbe4a2eb4aab6565030f10da5c6,cxdc30a0d3a1f131565c071272a20bc0b06fd4c17b,0x3e2a5308a0b7b16,0xb587a034ef4b37149708ff4ef7e546354bc4fa740ee71dcac31f22400df9a7ca,5,97793392,0.2799677547434135,1748282685202158,Staked ICX,0.3515063875,sICX,0,1,2025-05-26
cx2609b924e33ef00b648a409245c7ea394c467824,cxa0af3165c08318e988cb30993b3048335b94af6c,cx5faae53c4dbd1fbe4a2eb4aab6565030f10da5c6,0x3e29d2b205572f1,0xb587a034ef4b37149708ff4ef7e546354bc4fa740ee71dcac31f22400df9a7ca,4,97793392,0.2799589354020175,1748282685202158,Staked ICX,0.3515063875,sICX,0,1,2025-05-26
cx2609b924e33ef00b648a409245c7ea394c467824,cxa0af3165c08318e988cb30993b3048335b94af6c,cx21e94c08c03daee80c25d8ee3ea22a20786ec231,0xa1673929be32dbc72,0xb587a034ef4b37149708ff4ef7e546354bc4fa740ee71dcac31f22400df9a7ca,3,97793392,186.08523862648067,1748282685202158,Staked ICX,0.3515063875,sICX,0,1,2025-05-26
cx3975b43d260fb8ec802cef6e60c2f4d07486f11d,cx21e94c08c03daee80c25d8ee3ea22a20786ec231,cxa0af3165c08318e988cb30993b3048335b94af6c,0xd8d726b7177a80000,0xb587a034ef4b37149708ff4ef7e546354bc4fa740ee71dcac31f22400df9a7ca,2,97793392,250.0,1748282685202158,Wrapped ICX,0.3515063875,wICX,0,1,2025-05-26
cx3975b43d260fb8ec802cef6e60c2f4d07486f11d,hx9092a3fc19763f078f069b5406c4433f37b7ea56,cx21e94c08c03daee80c25d8ee3ea22a20786ec231,0xd8d726b7177a80000,0xb587a034ef4b37149708ff4ef7e546354bc4fa740ee71dcac31f22400df9a7ca,1,97793392,250.0,1748282685202158,Wrapped ICX,0.3515063875,wICX,0,1,2025-05-26
cx3975b43d260fb8ec802cef6e60c2f4d07486f11d,hx0000000000000000000000000000000000000000,hx9092a3fc19763f078f069b5406c4433f37b7ea56,0xd8d726b7177a80000,0xb587a034ef4b37149708ff4ef7e546354bc4fa740ee71dcac31f22400df9a7ca,0,97793392,250.0,1748282685202158,Wrapped ICX,0.3515063875,wICX,0,1,2025-05-26
cx88fd7df7ddff82f7cc735c871dc519838cb235bb,cxa0af3165c08318e988cb30993b3048335b94af6c,cx5faae53c4dbd1fbe4a2eb4aab6565030f10da5c6,0x32ea6cd6e72ca10,0x2bb7cad59fc3dac228ee7ca518209a0cdec7af8f8289f6e552ccf4ab5dfa6c7f,2,97793346,0.22930403229399707,1748282593043127,Balanced Dollar,0.0569913875,bnUSD,0,1,2025-05-26
cx88fd7df7ddff82f7cc735c871dc519838cb235bb,cxa0af3165c08318e988cb30993b3048335b94af6c,hxd75467e3e4ce64e3424c747dfb71503017440433,0x843b3df0cd0d3d32b,0x2bb7cad59fc3dac228ee7ca518209a0cdec7af8f8289f6e552ccf4ab5dfa6c7f,1,97793346,152.45244065718492,1748282593043127,Balanced Dollar,0.0569913875,bnUSD,0,1,2025-05-26
cx288d13e1b63563459a2ac6179f237711f6851cb5,hxd75467e3e4ce64e3424c747dfb71503017440433,cxa0af3165c08318e988cb30993b3048335b94af6c,0xd529ae9e860000,0x2bb7cad59fc3dac228ee7ca518209a0cdec7af8f8289f6e552ccf4ab5dfa6c7f,0,97793346,0.06,1748282593043127,Ethereum,0.0569913875,ETH,0,1,2025-05-26
cx88fd7df7ddff82f7cc735c871dc519838cb235bb,cxa0af3165c08318e988cb30993b3048335b94af6c,cx5faae53c4dbd1fbe4a2eb4aab6565030f10da5c6,0x2d5328726c50973,0x53a1bdf9f75ec6399d8c41b45be59c76325939ced33053b4329b0a0a4789186d,2,97793324,0.20412491416764658,1748282549013754,Balanced Dollar,0.0569592,bnUSD,0,1,2025-05-26
cx88fd7df7ddff82f7cc735c871dc519838cb235bb,cxa0af3165c08318e988cb30993b3048335b94af6c,hxd75467e3e4ce64e3424c747dfb71503017440433,0x75c103c848d9351d7,0x53a1bdf9f75ec6399d8c41b45be59c76325939ced33053b4329b0a0a4789186d,1,97793324,135.7610773070922,1748282549013754,Balanced Dollar,0.0569592,bnUSD,0,1,2025-05-26
cx4297f4b63262507623b6ad575d0d8dd2db980e4e,hxd75467e3e4ce64e3424c747dfb71503017440433,cxa0af3165c08318e988cb30993b3048335b94af6c,0x8ac7230489e80000,0x53a1bdf9f75ec6399d8c41b45be59c76325939ced33053b4329b0a0a4789186d,0,97793324,10.0,1748282549013754,Injective,0.0569592,INJ,0,1,2025-05-26
cx88fd7df7ddff82f7cc735c871dc519838cb235bb,cxa0af3165c08318e988cb30993b3048335b94af6c,cx5faae53c4dbd1fbe4a2eb4aab6565030f10da5c6,0x2d61debdc552a67,0xe2ffd55fd9778be39bb578e5cca5605b9e51466135652db2b7546e9028bb32b0,2,97793314,0.20438373194302525,1748282529067977,Balanced Dollar,0.0569592,bnUSD,0,1,2025-05-26
cx88fd7df7ddff82f7cc735c871dc519838cb235bb,cxa0af3165c08318e988cb30993b3048335b94af6c,hxd75467e3e4ce64e3424c747dfb71503017440433,0x75e73fba049b84749,0xe2ffd55fd9778be39bb578e5cca5605b9e51466135652db2b7546e9028bb32b0,1,97793314,135.93326864370397,1748282529067977,Balanced Dollar,0.0569592,bnUSD,0,1,2025-05-26
cx4297f4b63262507623b6ad575d0d8dd2db980e4e,hxd75467e3e4ce64e3424c747dfb71503017440433,cxa0af3165c08318e988cb30993b3048335b94af6c,0x8ac7230489e80000,0xe2ffd55fd9778be39bb578e5cca5605b9e51466135652db2b7546e9028bb32b0,0,97793314,10.0,1748282529067977,Injective,0.0569592,INJ,0,1,2025-05-26
cxf61cd5a45dc9f91c15aa65831a30a90d59a09619,cx9345f80d6c98357ccbb70392b14162199c2c5f66,cxd82fb5d3effecd8c9071a4bba3856ad7222c4b91,0x5536ec901e6111c,0xbb663f60ae9d20260116106a9e5c8467402dc9665a24e55062c784ba4d911579,4,97793043,0.38377220285596086,1748281986870162,Balance Token,0.130637925,BALN,0,1,2025-05-26
cx2609b924e33ef00b648a409245c7ea394c467824,cx9345f80d6c98357ccbb70392b14162199c2c5f66,cxd82fb5d3effecd8c9071a4bba3856ad7222c4b91,0x595011224615322c,0xbb663f60ae9d20260116106a9e5c8467402dc9665a24e55062c784ba4d911579,3,97793043,6.435662706414793,1748281986870162,Staked ICX,0.130637925,sICX,0,1,2025-05-26
cx88fd7df7ddff82f7cc735c871dc519838cb235bb,hx0000000000000000000000000000000000000000,cx5faae53c4dbd1fbe4a2eb4aab6565030f10da5c6,0x0,0xbb663f60ae9d20260116106a9e5c8467402dc9665a24e55062c784ba4d911579,2,97793043,0.0,1748281986870162,Balanced Dollar,0.130637925,bnUSD,0,1,2025-05-26
cx88fd7df7ddff82f7cc735c871dc519838cb235bb,hx0000000000000000000000000000000000000000,cxd82fb5d3effecd8c9071a4bba3856ad7222c4b91,0x89211629ee84237,0xbb663f60ae9d20260116106a9e5c8467402dc9665a24e55062c784ba4d911579,1,97793043,0.6175752141736679,1748281986870162,Balanced Dollar,0.130637925,bnUSD,0,1,2025-05-26
cx88fd7df7ddff82f7cc735c871dc519838cb235bb,hxd75467e3e4ce64e3424c747dfb71503017440433,cxd82fb5d3effecd8c9071a4bba3856ad7222c4b91,0x56fdc16c4a0a040000,0xbb663f60ae9d20260116106a9e5c8467402dc9665a24e55062c784ba4d911579,0,97793043,1604.7050053663738,1748281986870162,Balanced Dollar,0.130637925,bnUSD,0,1,2025-05-26
cx2609b924e33ef00b648a409245c7ea394c467824,cxa0af3165c08318e988cb30993b3048335b94af6c,hxf6e350acda99c19d7971f7cc04b0ab1ba33ae223,0x1,0x01c10fb91521dcf3f07b240f8b95d1d33e99d6b84749bae1f96f46328eb59981,4,97793038,1e-18,1748281976829560,Staked ICX,0.105553625,sICX,0,1,2025-05-26
cx88fd7df7ddff82f7cc735c871dc519838cb235bb,cxa0af3165c08318e988cb30993b3048335b94af6c,cx5faae53c4dbd1fbe4a2eb4aab6565030f10da5c6,0x2d709c348194a95,0x614782c470e6969b8b62003a37e588e02112010f2d346516fad63b8a1ecc6bf1,2,97793000,0.20464304240153666,1748281900981855,Balanced Dollar,0.0569605125,bnUSD,0,1,2025-05-26
cx88fd7df7ddff82f7cc735c871dc519838cb235bb,cxa0af3165c08318e988cb30993b3048335b94af6c,hxd75467e3e4ce64e3424c747dfb71503017440433,0x760d8e4f1f0f844b7,0x614782c470e6969b8b62003a37e588e02112010f2d346516fad63b8a1ecc6bf1,1,97793000,136.1057878663585,1748281900981855,Balanced Dollar,0.0569605125,bnUSD,0,1,2025-05-26
cx4297f4b63262507623b6ad575d0d8dd2db980e4e,hxd75467e3e4ce64e3424c747dfb71503017440433,cxa0af3165c08318e988cb30993b3048335b94af6c,0x8ac7230489e80000,0x614782c470e6969b8b62003a37e588e02112010f2d346516fad63b8a1ecc6bf1,0,97793000,10.0,1748281900981855,Injective,0.0569605125,INJ,0,1,2025-05-26
cx88fd7df7ddff82f7cc735c871dc519838cb235bb,cx21e94c08c03daee80c25d8ee3ea22a20786ec231,hx2debd9ec927cca1639da8d3518dd9dbf1cdfb357,0x1896e20509fd4ab918,0xed468bdfa78ba6edfeb5225fe169f05bb0403e068fbe7eb5562c2f976b491d5f,5,97792987,453.59411575991743,1748281874765009,Balanced Dollar,0.11271285,bnUSD,0,1,2025-05-26
cx88fd7df7ddff82f7cc735c871dc519838cb235bb,cxa0af3165c08318e988cb30993b3048335b94af6c,cx5faae53c4dbd1fbe4a2eb4aab6565030f10da5c6,0x9774cc2220494e4,0xed468bdfa78ba6edfeb5225fe169f05bb0403e068fbe7eb5562c2f976b491d5f,3,97792987,0.6820982652480115,1748281874765009,Balanced Dollar,0.11271285,bnUSD,0,1,2025-05-26
cx88fd7df7ddff82f7cc735c871dc519838cb235bb,cxa0af3165c08318e988cb30993b3048335b94af6c,cx21e94c08c03daee80c25d8ee3ea22a20786ec231,0x1896e20509fd4ab918,0xed468bdfa78ba6edfeb5225fe169f05bb0403e068fbe7eb5562c2f976b491d5f,2,97792987,453.59411575991743,1748281874765009,Balanced Dollar,0.11271285,bnUSD,0,1,2025-05-26
cx2609b924e33ef00b648a409245c7ea394c467824,cx21e94c08c03daee80c25d8ee3ea22a20786ec231,cxa0af3165c08318e988cb30993b3048335b94af6c,0xa2a15d09519be00000,0xed468bdfa78ba6edfeb5225fe169f05bb0403e068fbe7eb5562c2f976b491d5f,1,97792987,3000.0,1748281874765009,Staked ICX,0.11271285,sICX,0,1,2025-05-26
cx2609b924e33ef00b648a409245c7ea394c467824,hx2debd9ec927cca1639da8d3518dd9dbf1cdfb357,cx21e94c08c03daee80c25d8ee3ea22a20786ec231,0xa2a15d09519be00000,0xed468bdfa78ba6edfeb5225fe169f05bb0403e068fbe7eb5562c2f976b491d5f,0,97792987,3000.0,1748281874765009,Staked ICX,0.11271285,sICX,0,1,2025-05-26
cx22319ac7f412f53eabe3c9827acf5e27e9c6a95f,cx21e94c08c03daee80c25d8ee3ea22a20786ec231,hx0000000000000000000000000000000000000000,0x2cdf8ae9,0xef0499c89f8cd08de7adaee0aa0e64e08d4d22fef67f08d86243acffb4e666ee,11,97792953,752.847593,1748281806744703,USDC,0.16431555,USDC,0,1,2025-05-26
cx22319ac7f412f53eabe3c9827acf5e27e9c6a95f,cxa09dbb60dcb62fffbd232b6eae132d730a2aafa6,cx21e94c08c03daee80c25d8ee3ea22a20786ec231,0x2cdf8ae9,0xef0499c89f8cd08de7adaee0aa0e64e08d4d22fef67f08d86243acffb4e666ee,10,97792953,752.847593,1748281806744703,USDC,0.16431555,USDC,0,1,2025-05-26
cx88fd7df7ddff82f7cc735c871dc519838cb235bb,cxa09dbb60dcb62fffbd232b6eae132d730a2aafa6,cx5faae53c4dbd1fbe4a2eb4aab6565030f10da5c6,0x1f7019a1f979253b,0xef0499c89f8cd08de7adaee0aa0e64e08d4d22fef67f08d86243acffb4e666ee,9,97792953,2.2653387960332547,1748281806744703,Balanced Dollar,0.16431555,bnUSD,0,1,2025-05-26
cx88fd7df7ddff82f7cc735c871dc519838cb235bb,cxa09dbb60dcb62fffbd232b6eae132d730a2aafa6,hx0000000000000000000000000000000000000000,0x28cfdbf14586ef55af,0xef0499c89f8cd08de7adaee0aa0e64e08d4d22fef67f08d86243acffb4e666ee,8,97792953,752.8475932150517,1748281806744703,Balanced Dollar,0.16431555,bnUSD,0,1,2025-05-26
cx88fd7df7ddff82f7cc735c871dc519838cb235bb,cx21e94c08c03daee80c25d8ee3ea22a20786ec231,cxa09dbb60dcb62fffbd232b6eae132d730a2aafa6,0x28ef4c0ae780687aea,0xef0499c89f8cd08de7adaee0aa0e64e08d4d22fef67f08d86243acffb4e666ee,7,97792953,755.1129320110849,1748281806744703,Balanced Dollar,0.16431555,bnUSD,0,1,2025-05-26
cx88fd7df7ddff82f7cc735c871dc519838cb235bb,cxa0af3165c08318e988cb30993b3048335b94af6c,cx5faae53c4dbd1fbe4a2eb4aab6565030f10da5c6,0xfb9f04c28c8cb42,0xef0499c89f8cd08de7adaee0aa0e64e08d4d22fef67f08d86243acffb4e666ee,5,97792953,1.133200991152819,1748281806744703,Balanced Dollar,0.16431555,bnUSD,0,1,2025-05-26
cx88fd7df7ddff82f7cc735c871dc519838cb235bb,cxa0af3165c08318e988cb30993b3048335b94af6c,cx21e94c08c03daee80c25d8ee3ea22a20786ec231,0x28ef4c0ae780687aea,0xef0499c89f8cd08de7adaee0aa0e64e08d4d22fef67f08d86243acffb4e666ee,4,97792953,755.1129320110849,1748281806744703,Balanced Dollar,0.16431555,bnUSD,0,1,2025-05-26
cx508002ec116fbf3ab406329c0df28e70d7e75fb3,cx21e94c08c03daee80c25d8ee3ea22a20786ec231,cxa0af3165c08318e988cb30993b3048335b94af6c,0x324a9a7000,0xef0499c89f8cd08de7adaee0aa0e64e08d4d22fef67f08d86243acffb4e666ee,3,97792953,216.0,1748281806744703,Sui,0.16431555,SUI,0,1,2025-05-26
cx508002ec116fbf3ab406329c0df28e70d7e75fb3,hx0000000000000000000000000000000000000000,cx21e94c08c03daee80c25d8ee3ea22a20786ec231,0x324a9a7000,0xef0499c89f8cd08de7adaee0aa0e64e08d4d22fef67f08d86243acffb4e666ee,1,97792953,216.0,1748281806744703,Sui,0.16431555,SUI,0,1,2025-05-26
cx88fd7df7ddff82f7cc735c871dc519838cb235bb,cxa0af3165c08318e988cb30993b3048335b94af6c,cx5faae53c4dbd1fbe4a2eb4aab6565030f10da5c6,0x2e3cb695be61ade,0xdc37343a4affe52bb79f72f592ca7db6779d2fbf084380e1439630fbd50b6f26,2,97792923,0.2082336611629862,1748281746756969,Balanced Dollar,0.0569236375,bnUSD,0,1,2025-05-26
cx88fd7df7ddff82f7cc735c871dc519838cb235bb,cxa0af3165c08318e988cb30993b3048335b94af6c,hxd75467e3e4ce64e3424c747dfb71503017440433,0x781bf434f7b1718ec,0xdc37343a4affe52bb79f72f592ca7db6779d2fbf084380e1439630fbd50b6f26,1,97792923,138.4764738760579,1748281746756969,Balanced Dollar,0.0569236375,bnUSD,0,1,2025-05-26
cx66a031cc3bd305c76371fb586e93801b948254f0,hxd75467e3e4ce64e3424c747dfb71503017440433,cxa0af3165c08318e988cb30993b3048335b94af6c,0x53444835ec580000,0xdc37343a4affe52bb79f72f592ca7db6779d2fbf084380e1439630fbd50b6f26,0,97792923,6.0,1748281746756969,Avalanche,0.0569236375,AVAX,0,1,2025-05-26
cx88fd7df7ddff82f7cc735c871dc519838cb235bb,cxa0af3165c08318e988cb30993b3048335b94af6c,cx5faae53c4dbd1fbe4a2eb4aab6565030f10da5c6,0x32f18d5f97c87b0,0x27565d1bd20b4d01276898680b9fe669297e5ae6639106880933d040ea5a279e,2,97792893,0.2294294133119733,1748281685540124,Balanced Dollar,0.0569913875,bnUSD,0,5,2025-05-26
cx88fd7df7ddff82f7cc735c871dc519838cb235bb,cxa0af3165c08318e988cb30993b3048335b94af6c,hxd75467e3e4ce64e3424c747dfb71503017440433,0x844dc1058f9885965,0x27565d1bd20b4d01276898680b9fe669297e5ae6639106880933d040ea5a279e,1,97792893,152.5358114534615,1748281685540124,Balanced Dollar,0.0569913875,bnUSD,0,5,2025-05-26
cx288d13e1b63563459a2ac6179f237711f6851cb5,hxd75467e3e4ce64e3424c747dfb71503017440433,cxa0af3165c08318e988cb30993b3048335b94af6c,0xd529ae9e860000,0x27565d1bd20b4d01276898680b9fe669297e5ae6639106880933d040ea5a279e,0,97792893,0.06,1748281685540124,Ethereum,0.0569913875,ETH,0,5,2025-05-26
cx88fd7df7ddff82f7cc735c871dc519838cb235bb,cxa0af3165c08318e988cb30993b3048335b94af6c,hx4dc7903504bb800a462378348a42f53742759e0b,0x12e56cdbc8f1fe5,0xad8a19ee21df4a6ee27d4ca010f4dec70382f0dd22b3b096a01006bf76fbdd80,3,97792893,0.08510088459839894,1748281685540124,Balanced Dollar,0.0347527125,bnUSD,0,3,2025-05-26
cx07b184a37f03c6ab681fcbd0b45aec6dc3eafbeb,hx4dc7903504bb800a462378348a42f53742759e0b,cxa0af3165c08318e988cb30993b3048335b94af6c,0xe9c10a0c6fde,0x96bf38cb24c219b202b5414d4f78ce1de8f4d5ffb847be95656c6abb41a9bad8,0,97792893,0.000257015306547166,1748281685540124,Bitcoin,0.0215937625,BTC,0,2,2025-05-26
cx88fd7df7ddff82f7cc735c871dc519838cb235bb,hx4dc7903504bb800a462378348a42f53742759e0b,cxa0af3165c08318e988cb30993b3048335b94af6c,0x1868b8b3972c69000,0xcde571cf520dc6d9558f78f1f5ac3614c85b226ae355eba431216ebff56b0a3d,0,97792893,28.14173977540969,1748281685540124,Balanced Dollar,0.02221895,bnUSD,0,1,2025-05-26
cx07b184a37f03c6ab681fcbd0b45aec6dc3eafbeb,cx21e94c08c03daee80c25d8ee3ea22a20786ec231,hx4dc7903504bb800a462378348a42f53742759e0b,0xe9def81c4bfd,0xe1fa2b7e294140afa5978207ceb1044e5d66cd96344f9fb12e3a8419cd5998a6,13,97792891,0.000257143854615549,1748281681486936,Bitcoin,0.259909575,BTC,0,2,2025-05-26
cx88fd7df7ddff82f7cc735c871dc519838cb235bb,cxa0af3165c08318e988cb30993b3048335b94af6c,cx5faae53c4dbd1fbe4a2eb4aab6565030f10da5c6,0x9608f9a4c13004,0xe1fa2b7e294140afa5978207ceb1044e5d66cd96344f9fb12e3a8419cd5998a6,11,97792891,0.042231114810601475,1748281681486936,Balanced Dollar,0.259909575,bnUSD,0,2,2025-05-26
cx07b184a37f03c6ab681fcbd0b45aec6dc3eafbeb,cxa0af3165c08318e988cb30993b3048335b94af6c,cx21e94c08c03daee80c25d8ee3ea22a20786ec231,0xe9def81c4bfd,0xe1fa2b7e294140afa5978207ceb1044e5d66cd96344f9fb12e3a8419cd5998a6,10,97792891,0.000257143854615549,1748281681486936,Bitcoin,0.259909575,BTC,0,2,2025-05-26
cx88fd7df7ddff82f7cc735c871dc519838cb235bb,cx21e94c08c03daee80c25d8ee3ea22a20786ec231,cxa0af3165c08318e988cb30993b3048335b94af6c,0x186b75f7261c25fcd,0xe1fa2b7e294140afa5978207ceb1044e5d66cd96344f9fb12e3a8419cd5998a6,9,97792891,28.154076540400983,1748281681486936,Balanced Dollar,0.259909575,bnUSD,0,2,2025-05-26
cx88fd7df7ddff82f7cc735c871dc519838cb235bb,cxa0af3165c08318e988cb30993b3048335b94af6c,cx5faae53c4dbd1fbe4a2eb4aab6565030f10da5c6,0x967b5b54163098,0xe1fa2b7e294140afa5978207ceb1044e5d66cd96344f9fb12e3a8419cd5998a6,7,97792891,0.04235687868957916,1748281681486936,Balanced Dollar,0.259909575,bnUSD,0,2,2025-05-26
cx88fd7df7ddff82f7cc735c871dc519838cb235bb,cxa0af3165c08318e988cb30993b3048335b94af6c,cx21e94c08c03daee80c25d8ee3ea22a20786ec231,0x186b75f7261c25fcd,0xe1fa2b7e294140afa5978207ceb1044e5d66cd96344f9fb12e3a8419cd5998a6,6,97792891,28.154076540400983,1748281681486936,Balanced Dollar,0.259909575,bnUSD,0,2,2025-05-26
cx2609b924e33ef00b648a409245c7ea394c467824,cx21e94c08c03daee80c25d8ee3ea22a20786ec231,cxa0af3165c08318e988cb30993b3048335b94af6c,0xa16c584ecb920c48a,0xe1fa2b7e294140afa5978207ceb1044e5d66cd96344f9fb12e3a8419cd5998a6,5,97792891,186.108304528595,1748281681486936,Staked ICX,0.259909575,sICX,0,2,2025-05-26
cx2609b924e33ef00b648a409245c7ea394c467824,hx0000000000000000000000000000000000000000,cx21e94c08c03daee80c25d8ee3ea22a20786ec231,0xa16c584ecb920c48a,0xe1fa2b7e294140afa5978207ceb1044e5d66cd96344f9fb12e3a8419cd5998a6,3,97792891,186.108304528595,1748281681486936,Staked ICX,0.259909575,sICX,0,2,2025-05-26
cx88fd7df7ddff82f7cc735c871dc519838cb235bb,cx21e94c08c03daee80c25d8ee3ea22a20786ec231,hx4dc7903504bb800a462378348a42f53742759e0b,0x186bd8f0204e09529,0x6480357cec5ce81685994d53966af907f5c89fecfeff7bcfca450d2c1ab2b0aa,9,97792891,28.155817684224743,1748281681486936,Balanced Dollar,0.2023718125,bnUSD,0,1,2025-05-26
cx88fd7df7ddff82f7cc735c871dc519838cb235bb,cxa0af3165c08318e988cb30993b3048335b94af6c,cx5faae53c4dbd1fbe4a2eb4aab6565030f10da5c6,0x967dbd37a48d44,0x6480357cec5ce81685994d53966af907f5c89fecfeff7bcfca450d2c1ab2b0aa,7,97792891,0.04235949814242029,1748281681486936,Balanced Dollar,0.2023718125,bnUSD,0,1,2025-05-26
cx88fd7df7ddff82f7cc735c871dc519838cb235bb,cxa0af3165c08318e988cb30993b3048335b94af6c,cx21e94c08c03daee80c25d8ee3ea22a20786ec231,0x186bd8f0204e09529,0x6480357cec5ce81685994d53966af907f5c89fecfeff7bcfca450d2c1ab2b0aa,6,97792891,28.155817684224743,1748281681486936,Balanced Dollar,0.2023718125,bnUSD,0,1,2025-05-26
cx2609b924e33ef00b648a409245c7ea394c467824,cx21e94c08c03daee80c25d8ee3ea22a20786ec231,cxa0af3165c08318e988cb30993b3048335b94af6c,0xa16c584ecb920c48a,0x6480357cec5ce81685994d53966af907f5c89fecfeff7bcfca450d2c1ab2b0aa,5,97792891,186.108304528595,1748281681486936,Staked ICX,0.2023718125,sICX,0,1,2025-05-26
cx2609b924e33ef00b648a409245c7ea394c467824,hx0000000000000000000000000000000000000000,cx21e94c08c03daee80c25d8ee3ea22a20786ec231,0xa16c584ecb920c48a,0x6480357cec5ce81685994d53966af907f5c89fecfeff7bcfca450d2c1ab2b0aa,3,97792891,186.108304528595,1748281681486936,Staked ICX,0.2023718125,sICX,0,1,2025-05-26
cx88fd7df7ddff82f7cc735c871dc519838cb235bb,cx21e94c08c03daee80c25d8ee3ea22a20786ec231,hx2debd9ec927cca1639da8d3518dd9dbf1cdfb357,0x1d84f7afbfbd631b93,0x6bae899e554f6e18f1a502dbc8fe20cabf2f1c5ee4dff081bb08f88d5871eac8,5,97792889,544.536898107882,1748281677493000,Balanced Dollar,0.08835905,bnUSD,0,1,2025-05-26
cx88fd7df7ddff82f7cc735c871dc519838cb235bb,cxa0af3165c08318e988cb30993b3048335b94af6c,cx5faae53c4dbd1fbe4a2eb4aab6565030f10da5c6,0xb5c7a95b52b0feb,0x6bae899e554f6e18f1a502dbc8fe20cabf2f1c5ee4dff081bb08f88d5871eac8,3,97792889,0.8186640156828017,1748281677493000,Balanced Dollar,0.08835905,bnUSD,0,1,2025-05-26
cx88fd7df7ddff82f7cc735c871dc519838cb235bb,cxa0af3165c08318e988cb30993b3048335b94af6c,cx21e94c08c03daee80c25d8ee3ea22a20786ec231,0x1d84f7afbfbd631b93,0x6bae899e554f6e18f1a502dbc8fe20cabf2f1c5ee4dff081bb08f88d5871eac8,2,97792889,544.536898107882,1748281677493000,Balanced Dollar,0.08835905,bnUSD,0,1,2025-05-26
cx07b184a37f03c6ab681fcbd0b45aec6dc3eafbeb,cx21e94c08c03daee80c25d8ee3ea22a20786ec231,cxa0af3165c08318e988cb30993b3048335b94af6c,0x11c37937e08000,0x6bae899e554f6e18f1a502dbc8fe20cabf2f1c5ee4dff081bb08f88d5871eac8,1,97792889,0.005,1748281677493000,Bitcoin,0.08835905,BTC,0,1,2025-05-26
cx07b184a37f03c6ab681fcbd0b45aec6dc3eafbeb,hx2debd9ec927cca1639da8d3518dd9dbf1cdfb357,cx21e94c08c03daee80c25d8ee3ea22a20786ec231,0x11c37937e08000,0x6bae899e554f6e18f1a502dbc8fe20cabf2f1c5ee4dff081bb08f88d5871eac8,0,97792889,0.005,1748281677493000,Bitcoin,0.08835905,BTC,0,1,2025-05-26
cx88fd7df7ddff82f7cc735c871dc519838cb235bb,cxa0af3165c08318e988cb30993b3048335b94af6c,cx5faae53c4dbd1fbe4a2eb4aab6565030f10da5c6,0x32f8af67935e647,0x6713cfdbe01043d1973cff9275235413cc454bb6c90857293a52613db5c83375,2,97792888,0.22955489721934805,1748281675489558,Balanced Dollar,0.0569913875,bnUSD,0,1,2025-05-26
cx88fd7df7ddff82f7cc735c871dc519838cb235bb,cxa0af3165c08318e988cb30993b3048335b94af6c,hxd75467e3e4ce64e3424c747dfb71503017440433,0x846047fe07a45e05f,0x6713cfdbe01043d1973cff9275235413cc454bb6c90857293a52613db5c83375,1,97792888,152.619250674339,1748281675489558,Balanced Dollar,0.0569913875,bnUSD,0,1,2025-05-26
cx288d13e1b63563459a2ac6179f237711f6851cb5,hxd75467e3e4ce64e3424c747dfb71503017440433,cxa0af3165c08318e988cb30993b3048335b94af6c,0xd529ae9e860000,0x6713cfdbe01043d1973cff9275235413cc454bb6c90857293a52613db5c83375,0,97792888,0.06,1748281675489558,Ethereum,0.0569913875,ETH,0,1,2025-05-26
cx88fd7df7ddff82f7cc735c871dc519838cb235bb,cxa0af3165c08318e988cb30993b3048335b94af6c,cx5faae53c4dbd1fbe4a2eb4aab6565030f10da5c6,0x32ffd2ef4555da4,0xe3d3ae9e18b3cefdf1c114c14422a21ae7b6d448377755b5383753db64e197d0,2,97792878,0.2296804841287428,1748281655457792,Balanced Dollar,0.0569913875,bnUSD,0,1,2025-05-26
cx88fd7df7ddff82f7cc735c871dc519838cb235bb,cxa0af3165c08318e988cb30993b3048335b94af6c,hxd75467e3e4ce64e3424c747dfb71503017440433,0x8472d2db4c3dadb7a,0xe3d3ae9e18b3cefdf1c114c14422a21ae7b6d448377755b5383753db64e197d0,1,97792878,152.70275839472453,1748281655457792,Balanced Dollar,0.0569913875,bnUSD,0,1,2025-05-26
cx288d13e1b63563459a2ac6179f237711f6851cb5,hxd75467e3e4ce64e3424c747dfb71503017440433,cxa0af3165c08318e988cb30993b3048335b94af6c,0xd529ae9e860000,0xe3d3ae9e18b3cefdf1c114c14422a21ae7b6d448377755b5383753db64e197d0,0,97792878,0.06,1748281655457792,Ethereum,0.0569913875,ETH,0,1,2025-05-26
cx88fd7df7ddff82f7cc735c871dc519838cb235bb,cxa0af3165c08318e988cb30993b3048335b94af6c,cx5faae53c4dbd1fbe4a2eb4aab6565030f10da5c6,0x2e48c410c27f821,0x2101a1954b702bea5cfe8f3f2e7ca0a3ef3c80361cd52d14f9fa6fc0823e12e8,2,97792871,0.20844569377059433,1748281641459805,Balanced Dollar,0.0569236375,bnUSD,0,1,2025-05-26
cx88fd7df7ddff82f7cc735c871dc519838cb235bb,cxa0af3165c08318e988cb30993b3048335b94af6c,hxd75467e3e4ce64e3424c747dfb71503017440433,0x783b455508b7f1455,0x2101a1954b702bea5cfe8f3f2e7ca0a3ef3c80361cd52d14f9fa6fc0823e12e8,1,97792871,138.61751263516945,1748281641459805,Balanced Dollar,0.0569236375,bnUSD,0,1,2025-05-26
cx66a031cc3bd305c76371fb586e93801b948254f0,hxd75467e3e4ce64e3424c747dfb71503017440433,cxa0af3165c08318e988cb30993b3048335b94af6c,0x53444835ec580000,0x2101a1954b702bea5cfe8f3f2e7ca0a3ef3c80361cd52d14f9fa6fc0823e12e8,0,97792871,6.0,1748281641459805,Avalanche,0.0569236375,AVAX,0,1,2025-05-26
cx88fd7df7ddff82f7cc735c871dc519838cb235bb,cxa0af3165c08318e988cb30993b3048335b94af6c,cx5faae53c4dbd1fbe4a2eb4aab6565030f10da5c6,0x3306f7f7193bfb8,0xa2bd23dbee5c457f0404d56709f34ef95410084611e54db0cb01d2d966c4a889,2,97792867,0.2298061741529333,1748281633462835,Balanced Dollar,0.0569913875,bnUSD,0,1,2025-05-26
cx88fd7df7ddff82f7cc735c871dc519838cb235bb,cxa0af3165c08318e988cb30993b3048335b94af6c,hxd75467e3e4ce64e3424c747dfb71503017440433,0x8485619e74d3261e1,0xa2bd23dbee5c457f0404d56709f34ef95410084611e54db0cb01d2d966c4a889,1,97792867,152.78633468962764,1748281633462835,Balanced Dollar,0.0569913875,bnUSD,0,1,2025-05-26
cx288d13e1b63563459a2ac6179f237711f6851cb5,hxd75467e3e4ce64e3424c747dfb71503017440433,cxa0af3165c08318e988cb30993b3048335b94af6c,0xd529ae9e860000,0xa2bd23dbee5c457f0404d56709f34ef95410084611e54db0cb01d2d966c4a889,0,97792867,0.06,1748281633462835,Ethereum,0.0569913875,ETH,0,1,2025-05-26
cx88fd7df7ddff82f7cc735c871dc519838cb235bb,cx21e94c08c03daee80c25d8ee3ea22a20786ec231,hx2debd9ec927cca1639da8d3518dd9dbf1cdfb357,0x189df0c81ae4b87c99,0x4ba93001032e7537a6081809cbe7019905a412a1cc38cfb3e9cebbf917cb241e,5,97792865,454.1026740452265,1748281629487969,Balanced Dollar,0.11270885,bnUSD,0,1,2025-05-26
cx88fd7df7ddff82f7cc735c871dc519838cb235bb,cxa0af3165c08318e988cb30993b3048335b94af6c,cx5faae53c4dbd1fbe4a2eb4aab6565030f10da5c6,0x97a041f38c4d5ce,0x4ba93001032e7537a6081809cbe7019905a412a1cc38cfb3e9cebbf917cb241e,3,97792865,0.6828628256429726,1748281629487969,Balanced Dollar,0.11270885,bnUSD,0,1,2025-05-26
cx88fd7df7ddff82f7cc735c871dc519838cb235bb,cxa0af3165c08318e988cb30993b3048335b94af6c,cx21e94c08c03daee80c25d8ee3ea22a20786ec231,0x189df0c81ae4b87c99,0x4ba93001032e7537a6081809cbe7019905a412a1cc38cfb3e9cebbf917cb241e,2,97792865,454.1026740452265,1748281629487969,Balanced Dollar,0.11270885,bnUSD,0,1,2025-05-26
cx2609b924e33ef00b648a409245c7ea394c467824,cx21e94c08c03daee80c25d8ee3ea22a20786ec231,cxa0af3165c08318e988cb30993b3048335b94af6c,0xa2a15d09519be00000,0x4ba93001032e7537a6081809cbe7019905a412a1cc38cfb3e9cebbf917cb241e,1,97792865,3000.0,1748281629487969,Staked ICX,0.11270885,sICX,0,1,2025-05-26
cx2609b924e33ef00b648a409245c7ea394c467824,hx2debd9ec927cca1639da8d3518dd9dbf1cdfb357,cx21e94c08c03daee80c25d8ee3ea22a20786ec231,0xa2a15d09519be00000,0x4ba93001032e7537a6081809cbe7019905a412a1cc38cfb3e9cebbf917cb241e,0,97792865,3000.0,1748281629487969,Staked ICX,0.11270885,sICX,0,1,2025-05-26
cxf61cd5a45dc9f91c15aa65831a30a90d59a09619,cx9345f80d6c98357ccbb70392b14162199c2c5f66,cxd82fb5d3effecd8c9071a4bba3856ad7222c4b91,0x813df7da94799f3,0xe4be581fa2ff127ac3f5489a29903322c6f1b57a8f5819ef27dd4a74b060366d,4,97792863,0.582054507664874,1748281625469673,Balance Token,0.1306392375,BALN,0,1,2025-05-26
cx2609b924e33ef00b648a409245c7ea394c467824,cx9345f80d6c98357ccbb70392b14162199c2c5f66,cxd82fb5d3effecd8c9071a4bba3856ad7222c4b91,0x87752b0d94f57b07,0xe4be581fa2ff127ac3f5489a29903322c6f1b57a8f5819ef27dd4a74b060366d,3,97792863,9.760755104729103,1748281625469673,Staked ICX,0.1306392375,sICX,0,1,2025-05-26
cx88fd7df7ddff82f7cc735c871dc519838cb235bb,hx0000000000000000000000000000000000000000,cx5faae53c4dbd1fbe4a2eb4aab6565030f10da5c6,0x0,0xe4be581fa2ff127ac3f5489a29903322c6f1b57a8f5819ef27dd4a74b060366d,2,97792863,0.0,1748281625469673,Balanced Dollar,0.1306392375,bnUSD,0,1,2025-05-26
cx88fd7df7ddff82f7cc735c871dc519838cb235bb,hx0000000000000000000000000000000000000000,cxd82fb5d3effecd8c9071a4bba3856ad7222c4b91,0xcfb97e3c6d70c15,0xe4be581fa2ff127ac3f5489a29903322c6f1b57a8f5819ef27dd4a74b060366d,1,97792863,0.9355083521588624,1748281625469673,Balanced Dollar,0.1306392375,bnUSD,0,1,2025-05-26
cx88fd7df7ddff82f7cc735c871dc519838cb235bb,hx2795b422d55c51caa27f5c6397561e73d73e8bff,cxd82fb5d3effecd8c9071a4bba3856ad7222c4b91,0x14e4cd5712a42a0000,0xe4be581fa2ff127ac3f5489a29903322c6f1b57a8f5819ef27dd4a74b060366d,0,97792863,385.42181102263953,1748281625469673,Balanced Dollar,0.1306392375,bnUSD,0,1,2025-05-26
cx88fd7df7ddff82f7cc735c871dc519838cb235bb,cxa0af3165c08318e988cb30993b3048335b94af6c,cx5faae53c4dbd1fbe4a2eb4aab6565030f10da5c6,0x80e19a1a627b500,0xf2eebc63a714225a9ddb614b84bb72b00f7a6ee13a250a0a7a8d05554f6555b8,2,97792861,0.5804295840454218,1748281621455661,Balanced Dollar,0.0473402,bnUSD,0,1,2025-05-26
cx88fd7df7ddff82f7cc735c871dc519838cb235bb,cxa0af3165c08318e988cb30993b3048335b94af6c,hx2795b422d55c51caa27f5c6397561e73d73e8bff,0x14f28d306f8ed9fabf,0xf2eebc63a714225a9ddb614b84bb72b00f7a6ee13a250a0a7a8d05554f6555b8,1,97792861,386.41256045878197,1748281621455661,Balanced Dollar,0.0473402,bnUSD,0,1,2025-05-26
cx65c9e3d4fea842e00add0d32a5b4c5e4e04c7a6b,hx2795b422d55c51caa27f5c6397561e73d73e8bff,cxa0af3165c08318e988cb30993b3048335b94af6c,0x83215600,0xf2eebc63a714225a9ddb614b84bb72b00f7a6ee13a250a0a7a8d05554f6555b8,0,97792861,2.2,1748281621455661,Solana,0.0473402,SOL,0,1,2025-05-26
cx88fd7df7ddff82f7cc735c871dc519838cb235bb,cx21e94c08c03daee80c25d8ee3ea22a20786ec231,hx2debd9ec927cca1639da8d3518dd9dbf1cdfb357,0x18a43aac7b4e930b7a,0xd4ebd585c26e57c9cfe4afddcc83ca55803cb2e79bdfc80d9e5f43366be162b3,5,97792860,454.55581838549784,1748281619450290,Balanced Dollar,0.11270885,bnUSD,0,1,2025-05-26
cx88fd7df7ddff82f7cc735c871dc519838cb235bb,cxa0af3165c08318e988cb30993b3048335b94af6c,cx5faae53c4dbd1fbe4a2eb4aab6565030f10da5c6,0x97c6fb77082d05e,0xd4ebd585c26e57c9cfe4afddcc83ca55803cb2e79bdfc80d9e5f43366be162b3,3,97792860,0.6835440771107922,1748281619450290,Balanced Dollar,0.11270885,bnUSD,0,1,2025-05-26
cx88fd7df7ddff82f7cc735c871dc519838cb235bb,cxa0af3165c08318e988cb30993b3048335b94af6c,cx21e94c08c03daee80c25d8ee3ea22a20786ec231,0x18a43aac7b4e930b7a,0xd4ebd585c26e57c9cfe4afddcc83ca55803cb2e79bdfc80d9e5f43366be162b3,2,97792860,454.55581838549784,1748281619450290,Balanced Dollar,0.11270885,bnUSD,0,1,2025-05-26
cx2609b924e33ef00b648a409245c7ea394c467824,cx21e94c08c03daee80c25d8ee3ea22a20786ec231,cxa0af3165c08318e988cb30993b3048335b94af6c,0xa2a15d09519be00000,0xd4ebd585c26e57c9cfe4afddcc83ca55803cb2e79bdfc80d9e5f43366be162b3,1,97792860,3000.0,1748281619450290,Staked ICX,0.11270885,sICX,0,1,2025-05-26
cx2609b924e33ef00b648a409245c7ea394c467824,hx2debd9ec927cca1639da8d3518dd9dbf1cdfb357,cx21e94c08c03daee80c25d8ee3ea22a20786ec231,0xa2a15d09519be00000,0xd4ebd585c26e57c9cfe4afddcc83ca55803cb2e79bdfc80d9e5f43366be162b3,0,97792860,3000.0,1748281619450290,Staked ICX,0.11270885,sICX,0,1,2025-05-26
cx88fd7df7ddff82f7cc735c871dc519838cb235bb,cxa0af3165c08318e988cb30993b3048335b94af6c,cx5faae53c4dbd1fbe4a2eb4aab6565030f10da5c6,0x2d7f60db4a8e07a,0xa7bdec26f1209aa007914d899af460766f3575195005ad5df04d2fec0ce0990f,2,97792859,0.20490284679462106,1748281617457087,Balanced Dollar,0.0569618875,bnUSD,0,1,2025-05-26
cx88fd7df7ddff82f7cc735c871dc519838cb235bb,cxa0af3165c08318e988cb30993b3048335b94af6c,hxd75467e3e4ce64e3424c747dfb71503017440433,0x7633ef93b7caeaf1c,0xa7bdec26f1209aa007914d899af460766f3575195005ad5df04d2fec0ce0990f,1,97792859,136.278635808168,1748281617457087,Balanced Dollar,0.0569618875,bnUSD,0,1,2025-05-26
cx4297f4b63262507623b6ad575d0d8dd2db980e4e,hxd75467e3e4ce64e3424c747dfb71503017440433,cxa0af3165c08318e988cb30993b3048335b94af6c,0x8ac7230489e80000,0xa7bdec26f1209aa007914d899af460766f3575195005ad5df04d2fec0ce0990f,0,97792859,10.0,1748281617457087,Injective,0.0569618875,INJ,0,1,2025-05-26
cx88fd7df7ddff82f7cc735c871dc519838cb235bb,cxa0af3165c08318e988cb30993b3048335b94af6c,cx5faae53c4dbd1fbe4a2eb4aab6565030f10da5c6,0x330e1e7f7ac3995,0x98a6817808c4035453627ab96dba26c193605c786cdec67610f585add63ec260,2,97792856,0.22993196740484956,1748281611466433,Balanced Dollar,0.056990075,bnUSD,0,1,2025-05-26
cx88fd7df7ddff82f7cc735c871dc519838cb235bb,cxa0af3165c08318e988cb30993b3048335b94af6c,hxd75467e3e4ce64e3424c747dfb71503017440433,0x8497f44899356c0b9,0x98a6817808c4035453627ab96dba26c193605c786cdec67610f585add63ec260,1,97792856,152.86997963416056,1748281611466433,Balanced Dollar,0.056990075,bnUSD,0,1,2025-05-26
cx288d13e1b63563459a2ac6179f237711f6851cb5,hxd75467e3e4ce64e3424c747dfb71503017440433,cxa0af3165c08318e988cb30993b3048335b94af6c,0xd529ae9e860000,0x98a6817808c4035453627ab96dba26c193605c786cdec67610f585add63ec260,0,97792856,0.06,1748281611466433,Ethereum,0.056990075,ETH,0,1,2025-05-26
cx88fd7df7ddff82f7cc735c871dc519838cb235bb,cxa0af3165c08318e988cb30993b3048335b94af6c,cx5faae53c4dbd1fbe4a2eb4aab6565030f10da5c6,0x2e54d6432204171,0xcacb4a6041eb024adc2ae052fab92f0ed0be2d80eaec1f88abe69ce576271082,2,97792852,0.20865805047563915,1748281603432026,Balanced Dollar,0.056922325,bnUSD,0,1,2025-05-26
cx88fd7df7ddff82f7cc735c871dc519838cb235bb,cxa0af3165c08318e988cb30993b3048335b94af6c,hxd75467e3e4ce64e3424c747dfb71503017440433,0x785aa2b70642034a0,0xcacb4a6041eb024adc2ae052fab92f0ed0be2d80eaec1f88abe69ce576271082,1,97792852,138.75876703076824,1748281603432026,Balanced Dollar,0.056922325,bnUSD,0,1,2025-05-26
cx66a031cc3bd305c76371fb586e93801b948254f0,hxd75467e3e4ce64e3424c747dfb71503017440433,cxa0af3165c08318e988cb30993b3048335b94af6c,0x53444835ec580000,0xcacb4a6041eb024adc2ae052fab92f0ed0be2d80eaec1f88abe69ce576271082,0,97792852,6.0,1748281603432026,Avalanche,0.056922325,AVAX,0,1,2025-05-26
cx88fd7df7ddff82f7cc735c871dc519838cb235bb,cx21e94c08c03daee80c25d8ee3ea22a20786ec231,hx2debd9ec927cca1639da8d3518dd9dbf1cdfb357,0x1d9007332c4be9f3e0,0x238e8dd85b7dcb5daee97320d2b7c0961698f3fda57652eec82ef9c8d7462468,5,97792846,545.3338982692208,1748281591447377,Balanced Dollar,0.0883778625,bnUSD,0,1,2025-05-26
cx88fd7df7ddff82f7cc735c871dc519838cb235bb,cxa0af3165c08318e988cb30993b3048335b94af6c,cx5faae53c4dbd1fbe4a2eb4aab6565030f10da5c6,0xb60bbf5f4e75539,0x238e8dd85b7dcb5daee97320d2b7c0961698f3fda57652eec82ef9c8d7462468,3,97792846,0.8198617972316132,1748281591447377,Balanced Dollar,0.0883778625,bnUSD,0,1,2025-05-26
cx88fd7df7ddff82f7cc735c871dc519838cb235bb,cxa0af3165c08318e988cb30993b3048335b94af6c,cx21e94c08c03daee80c25d8ee3ea22a20786ec231,0x1d9007332c4be9f3e0,0x238e8dd85b7dcb5daee97320d2b7c0961698f3fda57652eec82ef9c8d7462468,2,97792846,545.3338982692208,1748281591447377,Balanced Dollar,0.0883778625,bnUSD,0,1,2025-05-26
cx07b184a37f03c6ab681fcbd0b45aec6dc3eafbeb,cx21e94c08c03daee80c25d8ee3ea22a20786ec231,cxa0af3165c08318e988cb30993b3048335b94af6c,0x11c37937e08000,0x238e8dd85b7dcb5daee97320d2b7c0961698f3fda57652eec82ef9c8d7462468,1,97792846,0.005,1748281591447377,Bitcoin,0.0883778625,BTC,0,1,2025-05-26
cx07b184a37f03c6ab681fcbd0b45aec6dc3eafbeb,hx2debd9ec927cca1639da8d3518dd9dbf1cdfb357,cx21e94c08c03daee80c25d8ee3ea22a20786ec231,0x11c37937e08000,0x238e8dd85b7dcb5daee97320d2b7c0961698f3fda57652eec82ef9c8d7462468,0,97792846,0.005,1748281591447377,Bitcoin,0.0883778625,BTC,0,1,2025-05-26
cx88fd7df7ddff82f7cc735c871dc519838cb235bb,cx203d9cd2a669be67177e997b8948ce2c35caffae,cx835b300dcfe01f0bdb794e134a0c5628384f4367,0x1e82248731ba43e7,0x749c5fc10909ad5ed25a8251182aaa291469372c9fefe98b3f4a12310fcffe67,6,97792822,2.198359731183699,1748281542350905,Balanced Dollar,0.09911185,bnUSD,0,1,2025-05-26
cx88fd7df7ddff82f7cc735c871dc519838cb235bb,cx5faae53c4dbd1fbe4a2eb4aab6565030f10da5c6,cx203d9cd2a669be67177e997b8948ce2c35caffae,0x2b9558c12277ceb9,0x749c5fc10909ad5ed25a8251182aaa291469372c9fefe98b3f4a12310fcffe67,4,97792822,3.1405139016909986,1748281542350905,Balanced Dollar,0.09911185,bnUSD,0,1,2025-05-26
cx88fd7df7ddff82f7cc735c871dc519838cb235bb,cx5faae53c4dbd1fbe4a2eb4aab6565030f10da5c6,cxdc30a0d3a1f131565c071272a20bc0b06fd4c17b,0x2b9558c12277ceb9,0x749c5fc10909ad5ed25a8251182aaa291469372c9fefe98b3f4a12310fcffe67,3,97792822,3.1405139016909986,1748281542350905,Balanced Dollar,0.09911185,bnUSD,0,1,2025-05-26
cx88fd7df7ddff82f7cc735c871dc519838cb235bb,cxa0af3165c08318e988cb30993b3048335b94af6c,cx5faae53c4dbd1fbe4a2eb4aab6565030f10da5c6,0x33154688d5c546b,0x749c5fc10909ad5ed25a8251182aaa291469372c9fefe98b3f4a12310fcffe67,2,97792822,0.2300578639975763,1748281542350905,Balanced Dollar,0.09911185,bnUSD,0,1,2025-05-26
cx88fd7df7ddff82f7cc735c871dc519838cb235bb,cxa0af3165c08318e988cb30993b3048335b94af6c,hxd75467e3e4ce64e3424c747dfb71503017440433,0x84aa8adad19740e96,0x749c5fc10909ad5ed25a8251182aaa291469372c9fefe98b3f4a12310fcffe67,1,97792822,152.95369330353844,1748281542350905,Balanced Dollar,0.09911185,bnUSD,0,1,2025-05-26
cx288d13e1b63563459a2ac6179f237711f6851cb5,hxd75467e3e4ce64e3424c747dfb71503017440433,cxa0af3165c08318e988cb30993b3048335b94af6c,0xd529ae9e860000,0x749c5fc10909ad5ed25a8251182aaa291469372c9fefe98b3f4a12310fcffe67,0,97792822,0.06,1748281542350905,Ethereum,0.09911185,ETH,0,1,2025-05-26
cx88fd7df7ddff82f7cc735c871dc519838cb235bb,cxa0af3165c08318e988cb30993b3048335b94af6c,hx4dc7903504bb800a462378348a42f53742759e0b,0x41398995b3dcb96,0x734c34caf1d83ef26f444f3961b77b2fcaa5c8f131c3c6030a9fc99d30b114f5,3,97792783,0.2937461851374089,1748281464553005,Balanced Dollar,0.0347575875,bnUSD,0,3,2025-05-26
cx288d13e1b63563459a2ac6179f237711f6851cb5,hx4dc7903504bb800a462378348a42f53742759e0b,cxa0af3165c08318e988cb30993b3048335b94af6c,0x85d8bfa185e778,0x0caf4373ca216309e2b42de6f590d1fbdf0fec1798d14fe1b6b97e49a17e52a4,0,97792783,0.03767448946277772,1748281464553005,Ethereum,0.0216377,ETH,0,2,2025-05-26
cx88fd7df7ddff82f7cc735c871dc519838cb235bb,hx4dc7903504bb800a462378348a42f53742759e0b,cxa0af3165c08318e988cb30993b3048335b94af6c,0x53d4981bb340a8000,0x11bbec3615450c646009707a3e815ee13017e1975233e7fdd180e7c5bb8e87a7,0,97792783,96.64992391919321,1748281464553005,Balanced Dollar,0.02221895,bnUSD,0,1,2025-05-26
cx288d13e1b63563459a2ac6179f237711f6851cb5,cx21e94c08c03daee80c25d8ee3ea22a20786ec231,hx4dc7903504bb800a462378348a42f53742759e0b,0x85e9e0eb35343b,0xdf62c3cdea354aab7a912eb5324fed4121b53c98f55a38df057ab3bf624f61df,13,97792781,0.0376933241305959,1748281460203733,Ethereum,0.26013335,ETH,0,2,2025-05-26
cx88fd7df7ddff82f7cc735c871dc519838cb235bb,cxa0af3165c08318e988cb30993b3048335b94af6c,cx5faae53c4dbd1fbe4a2eb4aab6565030f10da5c6,0x20333de7de776f1,0xdf62c3cdea354aab7a912eb5324fed4121b53c98f55a38df057ab3bf624f61df,11,97792781,0.1450166436940654,1748281460203733,Balanced Dollar,0.26013335,bnUSD,0,2,2025-05-26
cx288d13e1b63563459a2ac6179f237711f6851cb5,cxa0af3165c08318e988cb30993b3048335b94af6c,cx21e94c08c03daee80c25d8ee3ea22a20786ec231,0x85e9e0eb35343b,0xdf62c3cdea354aab7a912eb5324fed4121b53c98f55a38df057ab3bf624f61df,10,97792781,0.0376933241305959,1748281460203733,Ethereum,0.26013335,ETH,0,2,2025-05-26
cx88fd7df7ddff82f7cc735c871dc519838cb235bb,cx21e94c08c03daee80c25d8ee3ea22a20786ec231,cxa0af3165c08318e988cb30993b3048335b94af6c,0x53dac68bd3570691c,0xdf62c3cdea354aab7a912eb5324fed4121b53c98f55a38df057ab3bf624f61df,9,97792781,96.67776246271026,1748281460203733,Balanced Dollar,0.26013335,bnUSD,0,2,2025-05-26
cx88fd7df7ddff82f7cc735c871dc519838cb235bb,cxa0af3165c08318e988cb30993b3048335b94af6c,cx5faae53c4dbd1fbe4a2eb4aab6565030f10da5c6,0x204b2b1e8d50f24,0xdf62c3cdea354aab7a912eb5324fed4121b53c98f55a38df057ab3bf624f61df,7,97792781,0.14543756516793116,1748281460203733,Balanced Dollar,0.26013335,bnUSD,0,2,2025-05-26
cx88fd7df7ddff82f7cc735c871dc519838cb235bb,cxa0af3165c08318e988cb30993b3048335b94af6c,cx21e94c08c03daee80c25d8ee3ea22a20786ec231,0x53dac68bd3570691c,0xdf62c3cdea354aab7a912eb5324fed4121b53c98f55a38df057ab3bf624f61df,6,97792781,96.67776246271026,1748281460203733,Balanced Dollar,0.26013335,bnUSD,0,2,2025-05-26
cx2609b924e33ef00b648a409245c7ea394c467824,cx21e94c08c03daee80c25d8ee3ea22a20786ec231,cxa0af3165c08318e988cb30993b3048335b94af6c,0x22917f10dfafe55bf6,0xdf62c3cdea354aab7a912eb5324fed4121b53c98f55a38df057ab3bf624f61df,5,97792781,637.6734155165814,1748281460203733,Staked ICX,0.26013335,sICX,0,2,2025-05-26
cx2609b924e33ef00b648a409245c7ea394c467824,hx0000000000000000000000000000000000000000,cx21e94c08c03daee80c25d8ee3ea22a20786ec231,0x22917f10dfafe55bf6,0xdf62c3cdea354aab7a912eb5324fed4121b53c98f55a38df057ab3bf624f61df,3,97792781,637.6734155165814,1748281460203733,Staked ICX,0.26013335,sICX,0,2,2025-05-26
cx88fd7df7ddff82f7cc735c871dc519838cb235bb,cx21e94c08c03daee80c25d8ee3ea22a20786ec231,hx4dc7903504bb800a462378348a42f53742759e0b,0x53df54703c7ee9091,0xec886e2995268412d0b46efbc28b4c27150572bd89c44efd38d3247e0445d34c,9,97792781,96.69827305572025,1748281460203733,Balanced Dollar,0.2024363,bnUSD,0,1,2025-05-26
cx88fd7df7ddff82f7cc735c871dc519838cb235bb,cxa0af3165c08318e988cb30993b3048335b94af6c,cx5faae53c4dbd1fbe4a2eb4aab6565030f10da5c6,0x204cec18fc48dc1,0xec886e2995268412d0b46efbc28b4c27150572bd89c44efd38d3247e0445d34c,7,97792781,0.1454684187187317,1748281460203733,Balanced Dollar,0.2024363,bnUSD,0,1,2025-05-26
cx88fd7df7ddff82f7cc735c871dc519838cb235bb,cxa0af3165c08318e988cb30993b3048335b94af6c,cx21e94c08c03daee80c25d8ee3ea22a20786ec231,0x53df54703c7ee9091,0xec886e2995268412d0b46efbc28b4c27150572bd89c44efd38d3247e0445d34c,6,97792781,96.69827305572025,1748281460203733,Balanced Dollar,0.2024363,bnUSD,0,1,2025-05-26
cx2609b924e33ef00b648a409245c7ea394c467824,cx21e94c08c03daee80c25d8ee3ea22a20786ec231,cxa0af3165c08318e988cb30993b3048335b94af6c,0x22917f10dfafe55bf6,0xec886e2995268412d0b46efbc28b4c27150572bd89c44efd38d3247e0445d34c,5,97792781,637.6734155165814,1748281460203733,Staked ICX,0.2024363,sICX,0,1,2025-05-26
cx2609b924e33ef00b648a409245c7ea394c467824,hx0000000000000000000000000000000000000000,cx21e94c08c03daee80c25d8ee3ea22a20786ec231,0x22917f10dfafe55bf6,0xec886e2995268412d0b46efbc28b4c27150572bd89c44efd38d3247e0445d34c,3,97792781,637.6734155165814,1748281460203733,Staked ICX,0.2024363,sICX,0,1,2025-05-26
cxf61cd5a45dc9f91c15aa65831a30a90d59a09619,cx9345f80d6c98357ccbb70392b14162199c2c5f66,cxd82fb5d3effecd8c9071a4bba3856ad7222c4b91,0x80c4c62f1cd6f3,0x590fbd8e2e9a4e8beacbff807a0cadd7851600985486fd62fbe5f9ab76bd0795,4,97792590,0.03624515249195186,1748281078016812,Balance Token,0.130622175,BALN,0,1,2025-05-26
cx2609b924e33ef00b648a409245c7ea394c467824,cx9345f80d6c98357ccbb70392b14162199c2c5f66,cxd82fb5d3effecd8c9071a4bba3856ad7222c4b91,0x86f62544dbae407,0x590fbd8e2e9a4e8beacbff807a0cadd7851600985486fd62fbe5f9ab76bd0795,3,97792590,0.6078125889391749,1748281078016812,Staked ICX,0.130622175,sICX,0,1,2025-05-26
cx88fd7df7ddff82f7cc735c871dc519838cb235bb,hx0000000000000000000000000000000000000000,cx5faae53c4dbd1fbe4a2eb4aab6565030f10da5c6,0x0,0x590fbd8e2e9a4e8beacbff807a0cadd7851600985486fd62fbe5f9ab76bd0795,2,97792590,0.0,1748281078016812,Balanced Dollar,0.130622175,bnUSD,0,1,2025-05-26
cx88fd7df7ddff82f7cc735c871dc519838cb235bb,hx0000000000000000000000000000000000000000,cxd82fb5d3effecd8c9071a4bba3856ad7222c4b91,0xce04e38d8ada25,0x590fbd8e2e9a4e8beacbff807a0cadd7851600985486fd62fbe5f9ab76bd0795,1,97792590,0.057989220581169704,1748281078016812,Balanced Dollar,0.130622175,bnUSD,0,1,2025-05-26
cx88fd7df7ddff82f7cc735c871dc519838cb235bb,hxd75467e3e4ce64e3424c747dfb71503017440433,cxd82fb5d3effecd8c9071a4bba3856ad7222c4b91,0x439cc7c43b42fc0000,0x590fbd8e2e9a4e8beacbff807a0cadd7851600985486fd62fbe5f9ab76bd0795,0,97792590,1247.229066887628,1748281078016812,Balanced Dollar,0.130622175,bnUSD,0,1,2025-05-26
cx88fd7df7ddff82f7cc735c871dc519838cb235bb,cxa0af3165c08318e988cb30993b3048335b94af6c,cx5faae53c4dbd1fbe4a2eb4aab6565030f10da5c6,0x2d8e2cb6cd80eb1,0xfc9cfdc48935f14ad613b55c76824489ca85b843c56767140270046f0a89c448,2,97792580,0.2051631463776949,1748281057994850,Balanced Dollar,0.0569592,bnUSD,0,1,2025-05-26
cx88fd7df7ddff82f7cc735c871dc519838cb235bb,cxa0af3165c08318e988cb30993b3048335b94af6c,hxd75467e3e4ce64e3424c747dfb71503017440433,0x765a6393f840ac5ff,0xfc9cfdc48935f14ad613b55c76824489ca85b843c56767140270046f0a89c448,1,97792580,136.45181330489257,1748281057994850,Balanced Dollar,0.0569592,bnUSD,0,1,2025-05-26
cx4297f4b63262507623b6ad575d0d8dd2db980e4e,hxd75467e3e4ce64e3424c747dfb71503017440433,cxa0af3165c08318e988cb30993b3048335b94af6c,0x8ac7230489e80000,0xfc9cfdc48935f14ad613b55c76824489ca85b843c56767140270046f0a89c448,0,97792580,10.0,1748281057994850,Injective,0.0569592,INJ,0,1,2025-05-26
cxf61cd5a45dc9f91c15aa65831a30a90d59a09619,cx9345f80d6c98357ccbb70392b14162199c2c5f66,cxd82fb5d3effecd8c9071a4bba3856ad7222c4b91,0x1c3a318fbd435aae,0xf9d6105422ae11b8e0f96c31fc6289627f40903de10b97aa7918fa34bb047e45,4,97792573,2.0339926751365924,1748281044081930,Balance Token,0.1306392375,BALN,0,1,2025-05-26
cx2609b924e33ef00b648a409245c7ea394c467824,cx9345f80d6c98357ccbb70392b14162199c2c5f66,cxd82fb5d3effecd8c9071a4bba3856ad7222c4b91,0x248809da491c39ad6,0xf9d6105422ae11b8e0f96c31fc6289627f40903de10b97aa7918fa34bb047e45,3,97792573,42.117837045314594,1748281044081930,Staked ICX,0.1306392375,sICX,0,1,2025-05-26
cx88fd7df7ddff82f7cc735c871dc519838cb235bb,hx0000000000000000000000000000000000000000,cx5faae53c4dbd1fbe4a2eb4aab6565030f10da5c6,0x0,0xf9d6105422ae11b8e0f96c31fc6289627f40903de10b97aa7918fa34bb047e45,2,97792573,0.0,1748281044081930,Balanced Dollar,0.1306392375,bnUSD,0,1,2025-05-26
cx88fd7df7ddff82f7cc735c871dc519838cb235bb,hx0000000000000000000000000000000000000000,cxd82fb5d3effecd8c9071a4bba3856ad7222c4b91,0x38179df71959641c,0xf9d6105422ae11b8e0f96c31fc6289627f40903de10b97aa7918fa34bb047e45,1,97792573,4.0418728751960815,1748281044081930,Balanced Dollar,0.1306392375,bnUSD,0,1,2025-05-26
cx88fd7df7ddff82f7cc735c871dc519838cb235bb,hx2795b422d55c51caa27f5c6397561e73d73e8bff,cxd82fb5d3effecd8c9071a4bba3856ad7222c4b91,0x14f604bba305a20000,0xf9d6105422ae11b8e0f96c31fc6289627f40903de10b97aa7918fa34bb047e45,0,97792573,386.6623818162767,1748281044081930,Balanced Dollar,0.1306392375,bnUSD,0,1,2025-05-26
cx88fd7df7ddff82f7cc735c871dc519838cb235bb,cx21e94c08c03daee80c25d8ee3ea22a20786ec231,hx2debd9ec927cca1639da8d3518dd9dbf1cdfb357,0x18ad351fdae3d37ae3,0x651b4e0a4c37b975440d5182aab8b1ba042b64e92b006896c9c767e1b288cc15,5,97792572,455.20277473634206,1748281042148754,Balanced Dollar,0.11270885,bnUSD,0,1,2025-05-26
cx88fd7df7ddff82f7cc735c871dc519838cb235bb,cxa0af3165c08318e988cb30993b3048335b94af6c,cx5faae53c4dbd1fbe4a2eb4aab6565030f10da5c6,0x97fe45078fdd8d9,0x651b4e0a4c37b975440d5182aab8b1ba042b64e92b006896c9c767e1b288cc15,3,97792572,0.6845167026620234,1748281042148754,Balanced Dollar,0.11270885,bnUSD,0,1,2025-05-26
cx88fd7df7ddff82f7cc735c871dc519838cb235bb,cxa0af3165c08318e988cb30993b3048335b94af6c,cx21e94c08c03daee80c25d8ee3ea22a20786ec231,0x18ad351fdae3d37ae3,0x651b4e0a4c37b975440d5182aab8b1ba042b64e92b006896c9c767e1b288cc15,2,97792572,455.20277473634206,1748281042148754,Balanced Dollar,0.11270885,bnUSD,0,1,2025-05-26
cx2609b924e33ef00b648a409245c7ea394c467824,cx21e94c08c03daee80c25d8ee3ea22a20786ec231,cxa0af3165c08318e988cb30993b3048335b94af6c,0xa2a15d09519be00000,0x651b4e0a4c37b975440d5182aab8b1ba042b64e92b006896c9c767e1b288cc15,1,97792572,3000.0,1748281042148754,Staked ICX,0.11270885,sICX,0,1,2025-05-26
cx2609b924e33ef00b648a409245c7ea394c467824,hx2debd9ec927cca1639da8d3518dd9dbf1cdfb357,cx21e94c08c03daee80c25d8ee3ea22a20786ec231,0xa2a15d09519be00000,0x651b4e0a4c37b975440d5182aab8b1ba042b64e92b006896c9c767e1b288cc15,0,97792572,3000.0,1748281042148754,Staked ICX,0.11270885,sICX,0,1,2025-05-26
cx88fd7df7ddff82f7cc735c871dc519838cb235bb,cxa0af3165c08318e988cb30993b3048335b94af6c,cx5faae53c4dbd1fbe4a2eb4aab6565030f10da5c6,0x814bb77f58eac64,0x3e41d3de7e3e71a4c0c737a9285ca194c2d94e066115ad22d5d06485e0d1622d,2,97792571,0.5822963757329072,1748281039985374,Balanced Dollar,0.0473482,bnUSD,0,1,2025-05-26
cx88fd7df7ddff82f7cc735c871dc519838cb235bb,cxa0af3165c08318e988cb30993b3048335b94af6c,hx2795b422d55c51caa27f5c6397561e73d73e8bff,0x1503d00680f1cff376,0x3e41d3de7e3e71a4c0c737a9285ca194c2d94e066115ad22d5d06485e0d1622d,1,97792571,387.6563522760527,1748281039985374,Balanced Dollar,0.0473482,bnUSD,0,1,2025-05-26
cx65c9e3d4fea842e00add0d32a5b4c5e4e04c7a6b,hx2795b422d55c51caa27f5c6397561e73d73e8bff,cxa0af3165c08318e988cb30993b3048335b94af6c,0x83215600,0x3e41d3de7e3e71a4c0c737a9285ca194c2d94e066115ad22d5d06485e0d1622d,0,97792571,2.2,1748281039985374,Solana,0.0473482,SOL,0,1,2025-05-26
cx88fd7df7ddff82f7cc735c871dc519838cb235bb,cxa0af3165c08318e988cb30993b3048335b94af6c,cx5faae53c4dbd1fbe4a2eb4aab6565030f10da5c6,0x2d9cffcbbb7df3f,0x1ff1f14acdf03e3abd9616e5b632e3797dbf38b46814c54ad32e2d08526c4bee,2,97792548,0.20542394241016607,1748280994063030,Balanced Dollar,0.0569592,bnUSD,0,1,2025-05-26
cx88fd7df7ddff82f7cc735c871dc519838cb235bb,cxa0af3165c08318e988cb30993b3048335b94af6c,hxd75467e3e4ce64e3424c747dfb71503017440433,0x7680ea5c13ca9d82f,0x1ff1f14acdf03e3abd9616e5b632e3797dbf38b46814c54ad32e2d08526c4bee,1,97792548,136.62532119495035,1748280994063030,Balanced Dollar,0.0569592,bnUSD,0,1,2025-05-26
cx4297f4b63262507623b6ad575d0d8dd2db980e4e,hxd75467e3e4ce64e3424c747dfb71503017440433,cxa0af3165c08318e988cb30993b3048335b94af6c,0x8ac7230489e80000,0x1ff1f14acdf03e3abd9616e5b632e3797dbf38b46814c54ad32e2d08526c4bee,0,97792548,10.0,1748280994063030,Injective,0.0569592,INJ,0,1,2025-05-26
cx88fd7df7ddff82f7cc735c871dc519838cb235bb,cxa0af3165c08318e988cb30993b3048335b94af6c,cx5faae53c4dbd1fbe4a2eb4aab6565030f10da5c6,0x2dabda1ec967f12,0xcff166f0e1caf81d91315e80ea9477dc57d138e7fbf38e3da568e7dd3ca8b273,2,97792541,0.20568523615544912,1748280979926779,Balanced Dollar,0.0569592,bnUSD,0,1,2025-05-26
cx88fd7df7ddff82f7cc735c871dc519838cb235bb,cxa0af3165c08318e988cb30993b3048335b94af6c,hxd75467e3e4ce64e3424c747dfb71503017440433,0x76a783f847b322862,0xcff166f0e1caf81d91315e80ea9477dc57d138e7fbf38e3da568e7dd3ca8b273,1,97792541,136.7991603194276,1748280979926779,Balanced Dollar,0.0569592,bnUSD,0,1,2025-05-26
cx4297f4b63262507623b6ad575d0d8dd2db980e4e,hxd75467e3e4ce64e3424c747dfb71503017440433,cxa0af3165c08318e988cb30993b3048335b94af6c,0x8ac7230489e80000,0xcff166f0e1caf81d91315e80ea9477dc57d138e7fbf38e3da568e7dd3ca8b273,0,97792541,10.0,1748280979926779,Injective,0.0569592,INJ,0,1,2025-05-26
cx2609b924e33ef00b648a409245c7ea394c467824,hxf6e350acda99c19d7971f7cc04b0ab1ba33ae223,cxa0af3165c08318e988cb30993b3048335b94af6c,0xd1547d483378a64b6,0xd3f725ab3780b772125c1fc8df1b9434c603c3f9f3fa438579f492186e5647f1,1,97792421,241.34110081640475,1748280739862632,Staked ICX,0.093006925,sICX,0,1,2025-05-26
cx3975b43d260fb8ec802cef6e60c2f4d07486f11d,hxf6e350acda99c19d7971f7cc04b0ab1ba33ae223,cxa0af3165c08318e988cb30993b3048335b94af6c,0x118604e883f1418b1d,0xb0543573b28227fa243cf00113ab3bd02090845081471e3f8e1f81c3e0cba64f,1,97792418,323.2517484074375,1748280733930775,Wrapped ICX,0.0165693375,wICX,0,1,2025-05-26
cx3975b43d260fb8ec802cef6e60c2f4d07486f11d,hx0000000000000000000000000000000000000000,hxf6e350acda99c19d7971f7cc04b0ab1ba33ae223,0x118604e883f1418b1d,0xb0543573b28227fa243cf00113ab3bd02090845081471e3f8e1f81c3e0cba64f,0,97792418,323.2517484074375,1748280733930775,Wrapped ICX,0.0165693375,wICX,0,1,2025-05-26
cxf61cd5a45dc9f91c15aa65831a30a90d59a09619,cx10d59e8103ab44635190bd4139dbfd682fa2d07e,hxf6e350acda99c19d7971f7cc04b0ab1ba33ae223,0x531e37cc850d232d,0x9b2b2d7fb18bd8c2816f75a720bdff168fdec608657faf6ae5c593500117fbee,4,97792408,5.989285905994425,1748280714014554,Balance Token,0.13403905,BALN,0,1,2025-05-26
cx2609b924e33ef00b648a409245c7ea394c467824,cx10d59e8103ab44635190bd4139dbfd682fa2d07e,hxf6e350acda99c19d7971f7cc04b0ab1ba33ae223,0xd1547d483378a64b5,0x9b2b2d7fb18bd8c2816f75a720bdff168fdec608657faf6ae5c593500117fbee,2,97792408,241.34110081640475,1748280714014554,Staked ICX,0.13403905,sICX,0,1,2025-05-26
cx88fd7df7ddff82f7cc735c871dc519838cb235bb,cxa0af3165c08318e988cb30993b3048335b94af6c,cx5faae53c4dbd1fbe4a2eb4aab6565030f10da5c6,0x2dbabbb4aff79ce,0x525bf2dcb88e63e32e6bf1dc62fc898b3aacdf7c7cf1930a603853531b2dade5,2,97792241,0.20594702888098043,1748280379711373,Balanced Dollar,0.0569592,bnUSD,0,1,2025-05-26
cx88fd7df7ddff82f7cc735c871dc519838cb235bb,cxa0af3165c08318e988cb30993b3048335b94af6c,hxd75467e3e4ce64e3424c747dfb71503017440433,0x76ce3074db3ee82a3,0x525bf2dcb88e63e32e6bf1dc62fc898b3aacdf7c7cf1930a603853531b2dade5,1,97792241,136.97333152208904,1748280379711373,Balanced Dollar,0.0569592,bnUSD,0,1,2025-05-26
cx4297f4b63262507623b6ad575d0d8dd2db980e4e,hxd75467e3e4ce64e3424c747dfb71503017440433,cxa0af3165c08318e988cb30993b3048335b94af6c,0x8ac7230489e80000,0x525bf2dcb88e63e32e6bf1dc62fc898b3aacdf7c7cf1930a603853531b2dade5,0,97792241,10.0,1748280379711373,Injective,0.0569592,INJ,0,1,2025-05-26
cx88fd7df7ddff82f7cc735c871dc519838cb235bb,cxa0af3165c08318e988cb30993b3048335b94af6c,hx4dc7903504bb800a462378348a42f53742759e0b,0x31b9fb81349f6e9,0xd9f80ecd905ed06e9712d158b5bec97f7d1a2c2c23d60b27905b4839eb90e3e1,3,97792184,0.22394821943138482,1748280265698913,Balanced Dollar,0.0347552125,bnUSD,0,3,2025-05-26
cx07b184a37f03c6ab681fcbd0b45aec6dc3eafbeb,hx4dc7903504bb800a462378348a42f53742759e0b,cxa0af3165c08318e988cb30993b3048335b94af6c,0x25db565c6bfca,0xeb41d9955e20dc05a8efb650e881645524b89d6d0c0b23b8ec89ba55657f380b,0,97792184,0.000665983631409098,1748280265698913,Bitcoin,0.0215962625,BTC,0,2,2025-05-26
cx88fd7df7ddff82f7cc735c871dc519838cb235bb,hx4dc7903504bb800a462378348a42f53742759e0b,cxa0af3165c08318e988cb30993b3048335b94af6c,0x3f6ea7ab7cc960000,0x725ed172b97c17972a22e3c9a28f6bede6a816970781567ffa357a6a0817c1da,0,97792184,73.1324004288392,1748280265698913,Balanced Dollar,0.02221895,bnUSD,0,1,2025-05-26
cx07b184a37f03c6ab681fcbd0b45aec6dc3eafbeb,cx21e94c08c03daee80c25d8ee3ea22a20786ec231,hx4dc7903504bb800a462378348a42f53742759e0b,0x25e02ee009030,0xfe3eada783a12bd621f337ba5a618d03876ac3b75922e16a98c7df21c991f648,13,97792182,0.000666316629381168,1748280261694434,Bitcoin,0.2599745,BTC,0,2,2025-05-26
cx88fd7df7ddff82f7cc735c871dc519838cb235bb,cxa0af3165c08318e988cb30993b3048335b94af6c,cx5faae53c4dbd1fbe4a2eb4aab6565030f10da5c6,0x185dc3208a7d26a,0xfe3eada783a12bd621f337ba5a618d03876ac3b75922e16a98c7df21c991f648,11,97792182,0.1097358733921368,1748280261694434,Balanced Dollar,0.2599745,bnUSD,0,2,2025-05-26
cx07b184a37f03c6ab681fcbd0b45aec6dc3eafbeb,cxa0af3165c08318e988cb30993b3048335b94af6c,cx21e94c08c03daee80c25d8ee3ea22a20786ec231,0x25e02ee009030,0xfe3eada783a12bd621f337ba5a618d03876ac3b75922e16a98c7df21c991f648,10,97792182,0.000666316629381168,1748280261694434,Bitcoin,0.2599745,BTC,0,2,2025-05-26
cx88fd7df7ddff82f7cc735c871dc519838cb235bb,cx21e94c08c03daee80c25d8ee3ea22a20786ec231,cxa0af3165c08318e988cb30993b3048335b94af6c,0x3f742c24bdfb3f593,0xfe3eada783a12bd621f337ba5a618d03876ac3b75922e16a98c7df21c991f648,9,97792182,73.1572489280912,1748280261694434,Balanced Dollar,0.2599745,bnUSD,0,2,2025-05-26
cx88fd7df7ddff82f7cc735c871dc519838cb235bb,cxa0af3165c08318e988cb30993b3048335b94af6c,cx5faae53c4dbd1fbe4a2eb4aab6565030f10da5c6,0x18700798b1f24ac,0xfe3eada783a12bd621f337ba5a618d03876ac3b75922e16a98c7df21c991f648,7,97792182,0.11005723791898334,1748280261694434,Balanced Dollar,0.2599745,bnUSD,0,2,2025-05-26
cx88fd7df7ddff82f7cc735c871dc519838cb235bb,cxa0af3165c08318e988cb30993b3048335b94af6c,cx21e94c08c03daee80c25d8ee3ea22a20786ec231,0x3f742c24bdfb3f593,0xfe3eada783a12bd621f337ba5a618d03876ac3b75922e16a98c7df21c991f648,6,97792182,73.1572489280912,1748280261694434,Balanced Dollar,0.2599745,bnUSD,0,2,2025-05-26
cx2609b924e33ef00b648a409245c7ea394c467824,cx21e94c08c03daee80c25d8ee3ea22a20786ec231,cxa0af3165c08318e988cb30993b3048335b94af6c,0x1a1f2d0cc032ac2888,0xfe3eada783a12bd621f337ba5a618d03876ac3b75922e16a98c7df21c991f648,5,97792182,481.86181172519946,1748280261694434,Staked ICX,0.2599745,sICX,0,2,2025-05-26
cx2609b924e33ef00b648a409245c7ea394c467824,hx0000000000000000000000000000000000000000,cx21e94c08c03daee80c25d8ee3ea22a20786ec231,0x1a1f2d0cc032ac2888,0xfe3eada783a12bd621f337ba5a618d03876ac3b75922e16a98c7df21c991f648,3,97792182,481.86181172519946,1748280261694434,Staked ICX,0.2599745,sICX,0,2,2025-05-26
cx88fd7df7ddff82f7cc735c871dc519838cb235bb,cx21e94c08c03daee80c25d8ee3ea22a20786ec231,hx4dc7903504bb800a462378348a42f53742759e0b,0x3f76c741eba6303bf,0x740c9b7ef2f7b531070674d198292451a3fe2559294cf3e334dfb071ca7937c2,9,97792182,73.1689849213065,1748280261694434,Balanced Dollar,0.2024961625,bnUSD,0,1,2025-05-26
cx88fd7df7ddff82f7cc735c871dc519838cb235bb,cxa0af3165c08318e988cb30993b3048335b94af6c,cx5faae53c4dbd1fbe4a2eb4aab6565030f10da5c6,0x18710882141e5f9,0x740c9b7ef2f7b531070674d198292451a3fe2559294cf3e334dfb071ca7937c2,7,97792182,0.11007489275343,1748280261694434,Balanced Dollar,0.2024961625,bnUSD,0,1,2025-05-26
cx88fd7df7ddff82f7cc735c871dc519838cb235bb,cxa0af3165c08318e988cb30993b3048335b94af6c,cx21e94c08c03daee80c25d8ee3ea22a20786ec231,0x3f76c741eba6303bf,0x740c9b7ef2f7b531070674d198292451a3fe2559294cf3e334dfb071ca7937c2,6,97792182,73.1689849213065,1748280261694434,Balanced Dollar,0.2024961625,bnUSD,0,1,2025-05-26
cx2609b924e33ef00b648a409245c7ea394c467824,cx21e94c08c03daee80c25d8ee3ea22a20786ec231,cxa0af3165c08318e988cb30993b3048335b94af6c,0x1a1f2d0cc032ac2888,0x740c9b7ef2f7b531070674d198292451a3fe2559294cf3e334dfb071ca7937c2,5,97792182,481.86181172519946,1748280261694434,Staked ICX,0.2024961625,sICX,0,1,2025-05-26
cx2609b924e33ef00b648a409245c7ea394c467824,hx0000000000000000000000000000000000000000,cx21e94c08c03daee80c25d8ee3ea22a20786ec231,0x1a1f2d0cc032ac2888,0x740c9b7ef2f7b531070674d198292451a3fe2559294cf3e334dfb071ca7937c2,3,97792182,481.86181172519946,1748280261694434,Staked ICX,0.2024961625,sICX,0,1,2025-05-26
cx7baf94bd53b505353285ee4c4c050f9703581703,hx9645117f1b0c7181a126c7f4f222caefc6ee7a61,hx9645117f1b0c7181a126c7f4f222caefc6ee7a61,0x0,0x601b123cb513fa61beae13a419f256db80e88e276922844e4206acee949b0e80,3,97792167,0.0,1748280230467924,unknown_token,0.1374218375,$unknown,26,1,2025-05-26
cx7baf94bd53b505353285ee4c4c050f9703581703,hx9645117f1b0c7181a126c7f4f222caefc6ee7a61,hx9645117f1b0c7181a126c7f4f222caefc6ee7a61,0x0,0x601b123cb513fa61beae13a419f256db80e88e276922844e4206acee949b0e80,2,97792167,0.0,1748280230467924,unknown_token,0.1374218375,$unknown,21,1,2025-05-26
cx7baf94bd53b505353285ee4c4c050f9703581703,hx9645117f1b0c7181a126c7f4f222caefc6ee7a61,hx9645117f1b0c7181a126c7f4f222caefc6ee7a61,0x0,0x601b123cb513fa61beae13a419f256db80e88e276922844e4206acee949b0e80,1,97792167,0.0,1748280230467924,unknown_token,0.1374218375,$unknown,1,1,2025-05-26
cx384018e03aa8b739472c7a0645b70df97550e2c2,hx9645117f1b0c7181a126c7f4f222caefc6ee7a61,hx9645117f1b0c7181a126c7f4f222caefc6ee7a61,0x0,0x3ae5d735f52c75996cee70854e3a0eeb6d9f5757fea9b0aeb76badd6afc2081e,0,97792045,0.0,1748279983935242,unknown_token,0.0344890875,$unknown,135,1,2025-05-26
cx88fd7df7ddff82f7cc735c871dc519838cb235bb,cxa0af3165c08318e988cb30993b3048335b94af6c,cx5faae53c4dbd1fbe4a2eb4aab6565030f10da5c6,0x2dc9a4922bbf5dc,0x689e080318592e535d0ce0e71a4ab9b68d32e52580d2c694251f74cb73310d42,2,97792028,0.20620932185823382,1748279949858193,Balanced Dollar,0.0569592,bnUSD,0,2,2025-05-26
cx88fd7df7ddff82f7cc735c871dc519838cb235bb,cxa0af3165c08318e988cb30993b3048335b94af6c,hxd75467e3e4ce64e3424c747dfb71503017440433,0x76f4efde1fb6a836c,0x689e080318592e535d0ce0e71a4ab9b68d32e52580d2c694251f74cb73310d42,1,97792028,137.14783564938782,1748279949858193,Balanced Dollar,0.0569592,bnUSD,0,2,2025-05-26
cx4297f4b63262507623b6ad575d0d8dd2db980e4e,hxd75467e3e4ce64e3424c747dfb71503017440433,cxa0af3165c08318e988cb30993b3048335b94af6c,0x8ac7230489e80000,0x689e080318592e535d0ce0e71a4ab9b68d32e52580d2c694251f74cb73310d42,0,97792028,10.0,1748279949858193,Injective,0.0569592,INJ,0,2,2025-05-26
cx88fd7df7ddff82f7cc735c871dc519838cb235bb,cx21e94c08c03daee80c25d8ee3ea22a20786ec231,hx2debd9ec927cca1639da8d3518dd9dbf1cdfb357,0x18b58c6ea20bf6ccf9,0x77d1f068de8cd94b945a32f00cc89c0d55168a96baa00a0b2d00d5be15b9f6bb,5,97792028,455.80381042889815,1748279949858193,Balanced Dollar,0.11270885,bnUSD,0,1,2025-05-26
cx88fd7df7ddff82f7cc735c871dc519838cb235bb,cxa0af3165c08318e988cb30993b3048335b94af6c,cx5faae53c4dbd1fbe4a2eb4aab6565030f10da5c6,0x9831a1f95670c4d,0x77d1f068de8cd94b945a32f00cc89c0d55168a96baa00a0b2d00d5be15b9f6bb,3,97792028,0.6854202912433143,1748279949858193,Balanced Dollar,0.11270885,bnUSD,0,1,2025-05-26
cx88fd7df7ddff82f7cc735c871dc519838cb235bb,cxa0af3165c08318e988cb30993b3048335b94af6c,cx21e94c08c03daee80c25d8ee3ea22a20786ec231,0x18b58c6ea20bf6ccf9,0x77d1f068de8cd94b945a32f00cc89c0d55168a96baa00a0b2d00d5be15b9f6bb,2,97792028,455.80381042889815,1748279949858193,Balanced Dollar,0.11270885,bnUSD,0,1,2025-05-26
cx2609b924e33ef00b648a409245c7ea394c467824,cx21e94c08c03daee80c25d8ee3ea22a20786ec231,cxa0af3165c08318e988cb30993b3048335b94af6c,0xa2a15d09519be00000,0x77d1f068de8cd94b945a32f00cc89c0d55168a96baa00a0b2d00d5be15b9f6bb,1,97792028,3000.0,1748279949858193,Staked ICX,0.11270885,sICX,0,1,2025-05-26
cx2609b924e33ef00b648a409245c7ea394c467824,hx2debd9ec927cca1639da8d3518dd9dbf1cdfb357,cx21e94c08c03daee80c25d8ee3ea22a20786ec231,0xa2a15d09519be00000,0x77d1f068de8cd94b945a32f00cc89c0d55168a96baa00a0b2d00d5be15b9f6bb,0,97792028,3000.0,1748279949858193,Staked ICX,0.11270885,sICX,0,1,2025-05-26
cx88fd7df7ddff82f7cc735c871dc519838cb235bb,cx21e94c08c03daee80c25d8ee3ea22a20786ec231,hx2debd9ec927cca1639da8d3518dd9dbf1cdfb357,0x1c8c9c66fb4213b514,0x2c5af01eedfdc6158cd5b9b2088611645f0ce3f6f1f0c911c5d9ea6a2f94e49e,5,97792024,526.6409205548756,1748279941858394,Balanced Dollar,0.078693275,bnUSD,0,1,2025-05-26
cx88fd7df7ddff82f7cc735c871dc519838cb235bb,cxa0af3165c08318e988cb30993b3048335b94af6c,cx5faae53c4dbd1fbe4a2eb4aab6565030f10da5c6,0xaf9fd367f8c6ed4,0x2c5af01eedfdc6158cd5b9b2088611645f0ce3f6f1f0c911c5d9ea6a2f94e49e,3,97792024,0.7909416200902039,1748279941858394,Balanced Dollar,0.078693275,bnUSD,0,1,2025-05-26
cx88fd7df7ddff82f7cc735c871dc519838cb235bb,cxa0af3165c08318e988cb30993b3048335b94af6c,cx21e94c08c03daee80c25d8ee3ea22a20786ec231,0x1c8c9c66fb4213b514,0x2c5af01eedfdc6158cd5b9b2088611645f0ce3f6f1f0c911c5d9ea6a2f94e49e,2,97792024,526.6409205548756,1748279941858394,Balanced Dollar,0.078693275,bnUSD,0,1,2025-05-26
cx508002ec116fbf3ab406329c0df28e70d7e75fb3,cx21e94c08c03daee80c25d8ee3ea22a20786ec231,cxa0af3165c08318e988cb30993b3048335b94af6c,0x22ecb25c00,0x2c5af01eedfdc6158cd5b9b2088611645f0ce3f6f1f0c911c5d9ea6a2f94e49e,1,97792024,150.0,1748279941858394,Sui,0.078693275,SUI,0,1,2025-05-26
cx508002ec116fbf3ab406329c0df28e70d7e75fb3,hx2debd9ec927cca1639da8d3518dd9dbf1cdfb357,cx21e94c08c03daee80c25d8ee3ea22a20786ec231,0x22ecb25c00,0x2c5af01eedfdc6158cd5b9b2088611645f0ce3f6f1f0c911c5d9ea6a2f94e49e,0,97792024,150.0,1748279941858394,Sui,0.078693275,SUI,0,1,2025-05-26
cx88fd7df7ddff82f7cc735c871dc519838cb235bb,cxa0af3165c08318e988cb30993b3048335b94af6c,cx5faae53c4dbd1fbe4a2eb4aab6565030f10da5c6,0x2dd894bbfd2f0bf,0x145e91edb5d35d1ed165815ec45a0fdf4e896fef20fff109f19f026a0e5ca5d5,2,97792020,0.2064721163627358,1748279933923077,Balanced Dollar,0.0569618875,bnUSD,0,1,2025-05-26
cx88fd7df7ddff82f7cc735c871dc519838cb235bb,cxa0af3165c08318e988cb30993b3048335b94af6c,hxd75467e3e4ce64e3424c747dfb71503017440433,0x771bc2407070f9163,0x145e91edb5d35d1ed165815ec45a0fdf4e896fef20fff109f19f026a0e5ca5d5,1,97792020,137.32267355047614,1748279933923077,Balanced Dollar,0.0569618875,bnUSD,0,1,2025-05-26
cx4297f4b63262507623b6ad575d0d8dd2db980e4e,hxd75467e3e4ce64e3424c747dfb71503017440433,cxa0af3165c08318e988cb30993b3048335b94af6c,0x8ac7230489e80000,0x145e91edb5d35d1ed165815ec45a0fdf4e896fef20fff109f19f026a0e5ca5d5,0,97792020,10.0,1748279933923077,Injective,0.0569618875,INJ,0,1,2025-05-26
cx88fd7df7ddff82f7cc735c871dc519838cb235bb,cx21e94c08c03daee80c25d8ee3ea22a20786ec231,hx2debd9ec927cca1639da8d3518dd9dbf1cdfb357,0x18bbdf62342ce5ba69,0x1e243abe681211656defe938130e01929e0c24f4131a465e4db470446d2adca0,5,97792017,456.2595047501593,1748279928019793,Balanced Dollar,0.11270885,bnUSD,0,1,2025-05-26
cx88fd7df7ddff82f7cc735c871dc519838cb235bb,cxa0af3165c08318e988cb30993b3048335b94af6c,cx5faae53c4dbd1fbe4a2eb4aab6565030f10da5c6,0x985893428c6c026,0x1e243abe681211656defe938130e01929e0c24f4131a465e4db470446d2adca0,3,97792017,0.6861053753592873,1748279928019793,Balanced Dollar,0.11270885,bnUSD,0,1,2025-05-26
cx88fd7df7ddff82f7cc735c871dc519838cb235bb,cxa0af3165c08318e988cb30993b3048335b94af6c,cx21e94c08c03daee80c25d8ee3ea22a20786ec231,0x18bbdf62342ce5ba69,0x1e243abe681211656defe938130e01929e0c24f4131a465e4db470446d2adca0,2,97792017,456.2595047501593,1748279928019793,Balanced Dollar,0.11270885,bnUSD,0,1,2025-05-26
cx2609b924e33ef00b648a409245c7ea394c467824,cx21e94c08c03daee80c25d8ee3ea22a20786ec231,cxa0af3165c08318e988cb30993b3048335b94af6c,0xa2a15d09519be00000,0x1e243abe681211656defe938130e01929e0c24f4131a465e4db470446d2adca0,1,97792017,3000.0,1748279928019793,Staked ICX,0.11270885,sICX,0,1,2025-05-26
cx2609b924e33ef00b648a409245c7ea394c467824,hx2debd9ec927cca1639da8d3518dd9dbf1cdfb357,cx21e94c08c03daee80c25d8ee3ea22a20786ec231,0xa2a15d09519be00000,0x1e243abe681211656defe938130e01929e0c24f4131a465e4db470446d2adca0,0,97792017,3000.0,1748279928019793,Staked ICX,0.11270885,sICX,0,1,2025-05-26
cx88fd7df7ddff82f7cc735c871dc519838cb235bb,cxa0af3165c08318e988cb30993b3048335b94af6c,cx5faae53c4dbd1fbe4a2eb4aab6565030f10da5c6,0x2de78c36e897ba7,0xb167286781269dd530cd32f20bdad8eb51ac9bd47b5da1064bc5a4ceb74fa0f0,2,97791999,0.2067354136740812,1748279891832592,Balanced Dollar,0.0569578875,bnUSD,0,1,2025-05-26
cx88fd7df7ddff82f7cc735c871dc519838cb235bb,cxa0af3165c08318e988cb30993b3048335b94af6c,hxd75467e3e4ce64e3424c747dfb71503017440433,0x7742a7a832dc28a91,0xb167286781269dd530cd32f20bdad8eb51ac9bd47b5da1064bc5a4ceb74fa0f0,1,97791999,137.49784607721537,1748279891832592,Balanced Dollar,0.0569578875,bnUSD,0,1,2025-05-26
cx4297f4b63262507623b6ad575d0d8dd2db980e4e,hxd75467e3e4ce64e3424c747dfb71503017440433,cxa0af3165c08318e988cb30993b3048335b94af6c,0x8ac7230489e80000,0xb167286781269dd530cd32f20bdad8eb51ac9bd47b5da1064bc5a4ceb74fa0f0,0,97791999,10.0,1748279891832592,Injective,0.0569578875,INJ,0,1,2025-05-26
cx88fd7df7ddff82f7cc735c871dc519838cb235bb,cxa0af3165c08318e988cb30993b3048335b94af6c,cx5faae53c4dbd1fbe4a2eb4aab6565030f10da5c6,0x2df68b07b62f854,0x844ce971ed3c8d384d1854a88fcc8a541afa6b7de6b707c77472a68361948cdd,2,97791978,0.20699921507594862,1748279849814660,Balanced Dollar,0.0569578875,bnUSD,0,1,2025-05-26
cx88fd7df7ddff82f7cc735c871dc519838cb235bb,cxa0af3165c08318e988cb30993b3048335b94af6c,hxd75467e3e4ce64e3424c747dfb71503017440433,0x7769a021d6882260c,0x844ce971ed3c8d384d1854a88fcc8a541afa6b7de6b707c77472a68361948cdd,1,97791978,137.67335408418646,1748279849814660,Balanced Dollar,0.0569578875,bnUSD,0,1,2025-05-26
cx4297f4b63262507623b6ad575d0d8dd2db980e4e,hxd75467e3e4ce64e3424c747dfb71503017440433,cxa0af3165c08318e988cb30993b3048335b94af6c,0x8ac7230489e80000,0x844ce971ed3c8d384d1854a88fcc8a541afa6b7de6b707c77472a68361948cdd,0,97791978,10.0,1748279849814660,Injective,0.0569578875,INJ,0,1,2025-05-26
cx88fd7df7ddff82f7cc735c871dc519838cb235bb,cxa0af3165c08318e988cb30993b3048335b94af6c,cx5faae53c4dbd1fbe4a2eb4aab6565030f10da5c6,0x2e0591333215638,0x162a2c07dc53416cf4e4eab6958bcb2ccfa594a996087a9292cfd01e653f0cdc,2,97791967,0.20726352185611627,1748279828000878,Balanced Dollar,0.0569767,bnUSD,0,1,2025-05-26
cx88fd7df7ddff82f7cc735c871dc519838cb235bb,cxa0af3165c08318e988cb30993b3048335b94af6c,hxd75467e3e4ce64e3424c747dfb71503017440433,0x7790abb9d53060afb,0x162a2c07dc53416cf4e4eab6958bcb2ccfa594a996087a9292cfd01e653f0cdc,1,97791967,137.84919842870042,1748279828000878,Balanced Dollar,0.0569767,bnUSD,0,1,2025-05-26
cx4297f4b63262507623b6ad575d0d8dd2db980e4e,hxd75467e3e4ce64e3424c747dfb71503017440433,cxa0af3165c08318e988cb30993b3048335b94af6c,0x8ac7230489e80000,0x162a2c07dc53416cf4e4eab6958bcb2ccfa594a996087a9292cfd01e653f0cdc,0,97791967,10.0,1748279828000878,Injective,0.0569767,INJ,0,1,2025-05-26
cxd17316e24ee40f2ef8ed6f3a497311db1b35206d,hx9645117f1b0c7181a126c7f4f222caefc6ee7a61,hx9645117f1b0c7181a126c7f4f222caefc6ee7a61,0x0,0xb2678e6c29fcab443743ede37266d3214ca1a9cd8432a3950e703bb499cce767,4,97791935,0.0,1748279763803391,unknown_token,0.01988745,$unknown,34,1,2025-05-26
cx7baf94bd53b505353285ee4c4c050f9703581703,hx9645117f1b0c7181a126c7f4f222caefc6ee7a61,hx0000000000000000000000000000000000000000,0x0,0xb2678e6c29fcab443743ede37266d3214ca1a9cd8432a3950e703bb499cce767,2,97791935,0.0,1748279763803391,unknown_token,0.01988745,$unknown,12,1,2025-05-26
cx7baf94bd53b505353285ee4c4c050f9703581703,hx9645117f1b0c7181a126c7f4f222caefc6ee7a61,hx0000000000000000000000000000000000000000,0x0,0xb2678e6c29fcab443743ede37266d3214ca1a9cd8432a3950e703bb499cce767,0,97791935,0.0,1748279763803391,unknown_token,0.01988745,$unknown,26,1,2025-05-26
cxd17316e24ee40f2ef8ed6f3a497311db1b35206d,hx9645117f1b0c7181a126c7f4f222caefc6ee7a61,hx9645117f1b0c7181a126c7f4f222caefc6ee7a61,0x0,0x05e0ec0f4aa284d62540b93a88a1b0207b05b76cf40ce6b8dea2f785e48ab015,2,97791919,0.0,1748279732463329,unknown_token,0.010747975,$unknown,6,1,2025-05-26
cx7baf94bd53b505353285ee4c4c050f9703581703,hx9645117f1b0c7181a126c7f4f222caefc6ee7a61,hx0000000000000000000000000000000000000000,0x0,0x05e0ec0f4aa284d62540b93a88a1b0207b05b76cf40ce6b8dea2f785e48ab015,0,97791919,0.0,1748279732463329,unknown_token,0.010747975,$unknown,1,1,2025-05-26
cx384018e03aa8b739472c7a0645b70df97550e2c2,hx66b0a5c1aa35aa0d4ce16bd81e89b6da5f2a379f,hx66b0a5c1aa35aa0d4ce16bd81e89b6da5f2a379f,0x0,0x716dc6d4bb8d7b70319cf703438331c036971fac26d475cccce406715a6df0e6,0,97791912,0.0,1748279717754090,unknown_token,0.0163702,$unknown,832,1,2025-05-26
cx384018e03aa8b739472c7a0645b70df97550e2c2,hx66b0a5c1aa35aa0d4ce16bd81e89b6da5f2a379f,hx66b0a5c1aa35aa0d4ce16bd81e89b6da5f2a379f,0x0,0xf831c36a629ed6345f531c2bf3d5bc25bfe951246c6e3e5248de60102eb4cdc9,0,97791908,0.0,1748279710302447,unknown_token,0.0164421375,$unknown,4140,1,2025-05-26
cx88fd7df7ddff82f7cc735c871dc519838cb235bb,cx203d9cd2a669be67177e997b8948ce2c35caffae,cx835b300dcfe01f0bdb794e134a0c5628384f4367,0x7f51162d87a576c,0xba456d9a4b87e2d087852c1742abd9116093d04c517ecacc13812ce1b43d6e07,6,97791904,0.57338364379597,1748279701851405,Balanced Dollar,0.0990736,bnUSD,0,1,2025-05-26
cx88fd7df7ddff82f7cc735c871dc519838cb235bb,cx5faae53c4dbd1fbe4a2eb4aab6565030f10da5c6,cx203d9cd2a669be67177e997b8948ce2c35caffae,0xb5e18d659d35852,0xba456d9a4b87e2d087852c1742abd9116093d04c517ecacc13812ce1b43d6e07,4,97791904,0.8191194911370998,1748279701851405,Balanced Dollar,0.0990736,bnUSD,0,1,2025-05-26
cx88fd7df7ddff82f7cc735c871dc519838cb235bb,cx5faae53c4dbd1fbe4a2eb4aab6565030f10da5c6,cxdc30a0d3a1f131565c071272a20bc0b06fd4c17b,0xb5e18d659d35851,0xba456d9a4b87e2d087852c1742abd9116093d04c517ecacc13812ce1b43d6e07,3,97791904,0.8191194911370998,1748279701851405,Balanced Dollar,0.0990736,bnUSD,0,1,2025-05-26
cx88fd7df7ddff82f7cc735c871dc519838cb235bb,cxa0af3165c08318e988cb30993b3048335b94af6c,cx5faae53c4dbd1fbe4a2eb4aab6565030f10da5c6,0x2e149ebe2c54fdb,0xba456d9a4b87e2d087852c1742abd9116093d04c517ecacc13812ce1b43d6e07,2,97791904,0.20752833530647752,1748279701851405,Balanced Dollar,0.0990736,bnUSD,0,1,2025-05-26
cx88fd7df7ddff82f7cc735c871dc519838cb235bb,cxa0af3165c08318e988cb30993b3048335b94af6c,hxd75467e3e4ce64e3424c747dfb71503017440433,0x77b7ca7cb2c5e9de1,0xba456d9a4b87e2d087852c1742abd9116093d04c517ecacc13812ce1b43d6e07,1,97791904,138.02537997080873,1748279701851405,Balanced Dollar,0.0990736,bnUSD,0,1,2025-05-26
cx4297f4b63262507623b6ad575d0d8dd2db980e4e,hxd75467e3e4ce64e3424c747dfb71503017440433,cxa0af3165c08318e988cb30993b3048335b94af6c,0x8ac7230489e80000,0xba456d9a4b87e2d087852c1742abd9116093d04c517ecacc13812ce1b43d6e07,0,97791904,10.0,1748279701851405,Injective,0.0990736,INJ,0,1,2025-05-26
cxd17316e24ee40f2ef8ed6f3a497311db1b35206d,hx66b0a5c1aa35aa0d4ce16bd81e89b6da5f2a379f,hx66b0a5c1aa35aa0d4ce16bd81e89b6da5f2a379f,0x0,0x04e8544f422722ef001d7a65c04d1fac32d156e3c7cd56d3e0a4a56dd1bb1d05,0,97791889,0.0,1748279671812109,unknown_token,0.0043651375,$unknown,34,1,2025-05-26
cxd17316e24ee40f2ef8ed6f3a497311db1b35206d,hx8acbfbf57dfc49f5fa9b1df2fc55fd9216b3e7aa,hx0000000000000000000000000000000000000000,0x0,0xb7e49e29348084b04927b77c976ce9ece015592b076a70ceb4652122e8497932,28,97791876,0.0,1748279645729587,unknown_token,0.1298459375,$unknown,5,1,2025-05-26
cxd17316e24ee40f2ef8ed6f3a497311db1b35206d,hx9645117f1b0c7181a126c7f4f222caefc6ee7a61,hx0000000000000000000000000000000000000000,0x0,0xb7e49e29348084b04927b77c976ce9ece015592b076a70ceb4652122e8497932,27,97791876,0.0,1748279645729587,unknown_token,0.1298459375,$unknown,6,1,2025-05-26
cxd17316e24ee40f2ef8ed6f3a497311db1b35206d,hx66b0a5c1aa35aa0d4ce16bd81e89b6da5f2a379f,hx0000000000000000000000000000000000000000,0x0,0xb7e49e29348084b04927b77c976ce9ece015592b076a70ceb4652122e8497932,26,97791876,0.0,1748279645729587,unknown_token,0.1298459375,$unknown,34,1,2025-05-26
cxd17316e24ee40f2ef8ed6f3a497311db1b35206d,hxd2ab70a9d09d60aabec1b6c3dadc35e4bf33b6f1,hx0000000000000000000000000000000000000000,0x0,0xb7e49e29348084b04927b77c976ce9ece015592b076a70ceb4652122e8497932,25,97791876,0.0,1748279645729587,unknown_token,0.1298459375,$unknown,34,1,2025-05-26
cxd17316e24ee40f2ef8ed6f3a497311db1b35206d,hx9645117f1b0c7181a126c7f4f222caefc6ee7a61,hx0000000000000000000000000000000000000000,0x0,0xb7e49e29348084b04927b77c976ce9ece015592b076a70ceb4652122e8497932,24,97791876,0.0,1748279645729587,unknown_token,0.1298459375,$unknown,34,1,2025-05-26
cxd17316e24ee40f2ef8ed6f3a497311db1b35206d,hxee5c1d04f36e46fb4a9c5b0de1e0d10b03a8ed9c,hx0000000000000000000000000000000000000000,0x0,0xb7e49e29348084b04927b77c976ce9ece015592b076a70ceb4652122e8497932,23,97791876,0.0,1748279645729587,unknown_token,0.1298459375,$unknown,34,1,2025-05-26
cxf61cd5a45dc9f91c15aa65831a30a90d59a09619,cx10d59e8103ab44635190bd4139dbfd682fa2d07e,hxdf36c569368c483c4fbced3bdb2385f00e360a1b,0x45a77c3cdeed3403,0x038b40f5215c3bebce75a84d18cbc0e3b9ecd9a4b9168ea49763c5a4da1981b7,9,97791619,5.019116910607677,1748279132446272,Balance Token,0.258611925,BALN,0,1,2025-05-26
cx2609b924e33ef00b648a409245c7ea394c467824,cx10d59e8103ab44635190bd4139dbfd682fa2d07e,hxdf36c569368c483c4fbced3bdb2385f00e360a1b,0xb0b57fa183fb1cfb1,0x038b40f5215c3bebce75a84d18cbc0e3b9ecd9a4b9168ea49763c5a4da1981b7,7,97791619,203.7315816502509,1748279132446272,Staked ICX,0.258611925,sICX,0,1,2025-05-26
cxf61cd5a45dc9f91c15aa65831a30a90d59a09619,cx9345f80d6c98357ccbb70392b14162199c2c5f66,cxd82fb5d3effecd8c9071a4bba3856ad7222c4b91,0x69d2ed91cca83c0,0x038b40f5215c3bebce75a84d18cbc0e3b9ecd9a4b9168ea49763c5a4da1981b7,5,97791619,0.4765886455969556,1748279132446272,Balance Token,0.258611925,BALN,0,1,2025-05-26
cxf61cd5a45dc9f91c15aa65831a30a90d59a09619,cx10d59e8103ab44635190bd4139dbfd682fa2d07e,cx9345f80d6c98357ccbb70392b14162199c2c5f66,0x6c6b935b8bbd40000,0x038b40f5215c3bebce75a84d18cbc0e3b9ecd9a4b9168ea49763c5a4da1981b7,4,97791619,125.0,1748279132446272,Balance Token,0.258611925,BALN,0,1,2025-05-26
cxf61cd5a45dc9f91c15aa65831a30a90d59a09619,cx10d59e8103ab44635190bd4139dbfd682fa2d07e,cxcfe9d1f83fa871e903008471cca786662437e58d,0x0,0x038b40f5215c3bebce75a84d18cbc0e3b9ecd9a4b9168ea49763c5a4da1981b7,3,97791619,0.0,1748279132446272,Balance Token,0.258611925,BALN,0,1,2025-05-26
cxf61cd5a45dc9f91c15aa65831a30a90d59a09619,cx10d59e8103ab44635190bd4139dbfd682fa2d07e,cxf58b9a1898998a31be7f1d99276204a3333ac9b3,0x0,0x038b40f5215c3bebce75a84d18cbc0e3b9ecd9a4b9168ea49763c5a4da1981b7,2,97791619,0.0,1748279132446272,Balance Token,0.258611925,BALN,0,1,2025-05-26
cxf61cd5a45dc9f91c15aa65831a30a90d59a09619,cx10d59e8103ab44635190bd4139dbfd682fa2d07e,cx835b300dcfe01f0bdb794e134a0c5628384f4367,0x14542ba12a337c0000,0x038b40f5215c3bebce75a84d18cbc0e3b9ecd9a4b9168ea49763c5a4da1981b7,1,97791619,375.0,1748279132446272,Balance Token,0.258611925,BALN,0,1,2025-05-26
cxf61cd5a45dc9f91c15aa65831a30a90d59a09619,hx0000000000000000000000000000000000000000,cx10d59e8103ab44635190bd4139dbfd682fa2d07e,0x43c33c193756480000,0x038b40f5215c3bebce75a84d18cbc0e3b9ecd9a4b9168ea49763c5a4da1981b7,0,97791619,1250.0,1748279132446272,Balance Token,0.258611925,BALN,0,1,2025-05-26
cx2609b924e33ef00b648a409245c7ea394c467824,cx43e2eec79eb76293c298f2b17aec06097be606e0,hx0000000000000000000000000000000000000000,0x4e92e7f53e388e712,0x9dc89a976aed5f314083a43a4306ec2cec531eb78cef3d53cabfb2b55bbf833e,1,97791432,90.58948355288052,1748278752791664,Staked ICX,0.085839675,sICX,0,1,2025-05-26
cx2609b924e33ef00b648a409245c7ea394c467824,hxc6b0f59918b94671a5e20a9a860c703cfec5a4b1,cx43e2eec79eb76293c298f2b17aec06097be606e0,0x4e92e7f53e388e712,0x9dc89a976aed5f314083a43a4306ec2cec531eb78cef3d53cabfb2b55bbf833e,0,97791432,90.58948355288052,1748278752791664,Staked ICX,0.085839675,sICX,0,1,2025-05-26
cxf61cd5a45dc9f91c15aa65831a30a90d59a09619,cx10d59e8103ab44635190bd4139dbfd682fa2d07e,hxc6b0f59918b94671a5e20a9a860c703cfec5a4b1,0x1ad755a5911665a8,0x3c34f238a34bee1db5f4c205371bf92b0c657916fbf17e012fe01bc41cc20a61,3,97791403,1.9341087345710464,1748278694756711,Balance Token,0.07236605,BALN,0,1,2025-05-26
cx2609b924e33ef00b648a409245c7ea394c467824,cx10d59e8103ab44635190bd4139dbfd682fa2d07e,hxc6b0f59918b94671a5e20a9a860c703cfec5a4b1,0x442b36e7742eb3c6a,0x3c34f238a34bee1db5f4c205371bf92b0c657916fbf17e012fe01bc41cc20a61,1,97791403,78.59328298067554,1748278694756711,Staked ICX,0.07236605,sICX,0,1,2025-05-26
cxf61cd5a45dc9f91c15aa65831a30a90d59a09619,cxd82fb5d3effecd8c9071a4bba3856ad7222c4b91,hxc6b0f59918b94671a5e20a9a860c703cfec5a4b1,0x9e6ee48fa4a1f60,0xf06af45076a795ece1a006051e7b2c999ed953b9a12308ec2a775332cc27f137,6,97791395,0.71351958818902,1748278678802202,Balance Token,0.1610819125,BALN,0,1,2025-05-26
cx88fd7df7ddff82f7cc735c871dc519838cb235bb,cxd82fb5d3effecd8c9071a4bba3856ad7222c4b91,hxc6b0f59918b94671a5e20a9a860c703cfec5a4b1,0xffcdd7aee72f828,0xf06af45076a795ece1a006051e7b2c999ed953b9a12308ec2a775332cc27f137,5,97791395,1.152039124756265,1748278678802202,Balanced Dollar,0.1610819125,bnUSD,0,1,2025-05-26
cx2609b924e33ef00b648a409245c7ea394c467824,cxd82fb5d3effecd8c9071a4bba3856ad7222c4b91,hxc6b0f59918b94671a5e20a9a860c703cfec5a4b1,0xa67b10dca09daaa8,0xf06af45076a795ece1a006051e7b2c999ed953b9a12308ec2a775332cc27f137,4,97791395,11.996200572204986,1748278678802202,Staked ICX,0.1610819125,sICX,0,1,2025-05-26
cxf61cd5a45dc9f91c15aa65831a30a90d59a09619,cx9345f80d6c98357ccbb70392b14162199c2c5f66,cxd82fb5d3effecd8c9071a4bba3856ad7222c4b91,0x1b31b40cae60a922,0xf06af45076a795ece1a006051e7b2c999ed953b9a12308ec2a775332cc27f137,3,97791395,1.959545279441054,1748278678802202,Balance Token,0.1610819125,BALN,0,1,2025-05-26
cx2609b924e33ef00b648a409245c7ea394c467824,cx9345f80d6c98357ccbb70392b14162199c2c5f66,cxd82fb5d3effecd8c9071a4bba3856ad7222c4b91,0x1c8fbcf229141c93f,0xf06af45076a795ece1a006051e7b2c999ed953b9a12308ec2a775332cc27f137,2,97791395,32.92914084782236,1748278678802202,Staked ICX,0.1610819125,sICX,0,1,2025-05-26
cx88fd7df7ddff82f7cc735c871dc519838cb235bb,hx0000000000000000000000000000000000000000,cx5faae53c4dbd1fbe4a2eb4aab6565030f10da5c6,0x0,0xf06af45076a795ece1a006051e7b2c999ed953b9a12308ec2a775332cc27f137,1,97791395,0.0,1748278678802202,Balanced Dollar,0.1610819125,bnUSD,0,1,2025-05-26
cx88fd7df7ddff82f7cc735c871dc519838cb235bb,hx0000000000000000000000000000000000000000,cxd82fb5d3effecd8c9071a4bba3856ad7222c4b91,0x2bd5b3318954b1bd,0xf06af45076a795ece1a006051e7b2c999ed953b9a12308ec2a775332cc27f137,0,97791395,3.1586277390090696,1748278678802202,Balanced Dollar,0.1610819125,bnUSD,0,1,2025-05-26
cx88fd7df7ddff82f7cc735c871dc519838cb235bb,cxa0af3165c08318e988cb30993b3048335b94af6c,cx5faae53c4dbd1fbe4a2eb4aab6565030f10da5c6,0x2e598e1074ac418,0x883270a0f5c5a4dba90ca6cc67cc563bdb1ff8bdd98aa79609795f8de0009fed,2,97791030,0.20874105,1748277948497620,Balanced Dollar,0.0563762625,bnUSD,0,1,2025-05-26
cx4297f4b63262507623b6ad575d0d8dd2db980e4e,cxa0af3165c08318e988cb30993b3048335b94af6c,hxd75467e3e4ce64e3424c747dfb71503017440433,0x8b14ebfea23380b0,0x883270a0f5c5a4dba90ca6cc67cc563bdb1ff8bdd98aa79609795f8de0009fed,1,97791030,10.0218945496817,1748277948497620,Injective,0.0563762625,INJ,0,1,2025-05-26
cx88fd7df7ddff82f7cc735c871dc519838cb235bb,hxd75467e3e4ce64e3424c747dfb71503017440433,cxa0af3165c08318e988cb30993b3048335b94af6c,0x78b3e1f5852b40000,0x883270a0f5c5a4dba90ca6cc67cc563bdb1ff8bdd98aa79609795f8de0009fed,0,97791030,139.16070000000002,1748277948497620,Balanced Dollar,0.0563762625,bnUSD,0,1,2025-05-26
cx65c9e3d4fea842e00add0d32a5b4c5e4e04c7a6b,cx21e94c08c03daee80c25d8ee3ea22a20786ec231,hx0000000000000000000000000000000000000000,0x2bba6a6e,0x18659294a93ac9fdce3dfb772c229aa3e87b679426bcfc3504d27570370d7b31,13,97791024,0.73363723,1748277936465793,Solana,0.166161675,SOL,0,1,2025-05-26
cx88fd7df7ddff82f7cc735c871dc519838cb235bb,cxa0af3165c08318e988cb30993b3048335b94af6c,cx5faae53c4dbd1fbe4a2eb4aab6565030f10da5c6,0x2b5cb0cad77408e,0x18659294a93ac9fdce3dfb772c229aa3e87b679426bcfc3504d27570370d7b31,9,97791024,0.19528541417080436,1748277936465793,Balanced Dollar,0.166161675,bnUSD,0,1,2025-05-26
cx65c9e3d4fea842e00add0d32a5b4c5e4e04c7a6b,cxa0af3165c08318e988cb30993b3048335b94af6c,cx21e94c08c03daee80c25d8ee3ea22a20786ec231,0x2bba6a6e,0x18659294a93ac9fdce3dfb772c229aa3e87b679426bcfc3504d27570370d7b31,8,97791024,0.73363723,1748277936465793,Solana,0.166161675,SOL,0,1,2025-05-26
cx88fd7df7ddff82f7cc735c871dc519838cb235bb,cx21e94c08c03daee80c25d8ee3ea22a20786ec231,cxa0af3165c08318e988cb30993b3048335b94af6c,0x70ec0c65911381edc,0x18659294a93ac9fdce3dfb772c229aa3e87b679426bcfc3504d27570370d7b31,7,97791024,130.19027611386957,1748277936465793,Balanced Dollar,0.166161675,bnUSD,0,1,2025-05-26
cx88fd7df7ddff82f7cc735c871dc519838cb235bb,cxa0af3165c08318e988cb30993b3048335b94af6c,cx5faae53c4dbd1fbe4a2eb4aab6565030f10da5c6,0x2b793e28ab9b511,0x18659294a93ac9fdce3dfb772c229aa3e87b679426bcfc3504d27570370d7b31,5,97791024,0.1957877100132242,1748277936465793,Balanced Dollar,0.166161675,bnUSD,0,1,2025-05-26
cx88fd7df7ddff82f7cc735c871dc519838cb235bb,cxa0af3165c08318e988cb30993b3048335b94af6c,cx21e94c08c03daee80c25d8ee3ea22a20786ec231,0x70ec0c65911381edc,0x18659294a93ac9fdce3dfb772c229aa3e87b679426bcfc3504d27570370d7b31,4,97791024,130.19027611386957,1748277936465793,Balanced Dollar,0.166161675,bnUSD,0,1,2025-05-26
cx508002ec116fbf3ab406329c0df28e70d7e75fb3,cx21e94c08c03daee80c25d8ee3ea22a20786ec231,cxa0af3165c08318e988cb30993b3048335b94af6c,0x89d5f3200,0x18659294a93ac9fdce3dfb772c229aa3e87b679426bcfc3504d27570370d7b31,3,97791024,37.0,1748277936465793,Sui,0.166161675,SUI,0,1,2025-05-26
cx508002ec116fbf3ab406329c0df28e70d7e75fb3,hx0000000000000000000000000000000000000000,cx21e94c08c03daee80c25d8ee3ea22a20786ec231,0x89d5f3200,0x18659294a93ac9fdce3dfb772c229aa3e87b679426bcfc3504d27570370d7b31,1,97791024,37.0,1748277936465793,Sui,0.166161675,SUI,0,1,2025-05-26
cx88fd7df7ddff82f7cc735c871dc519838cb235bb,cxa0af3165c08318e988cb30993b3048335b94af6c,cx5faae53c4dbd1fbe4a2eb4aab6565030f10da5c6,0x2e4884daf40bbe7,0x86a6ab99489d48bdd4703643a79c702480193f6f9ae26ad970c95a358706f8a5,2,97790967,0.20844134999999997,1748277822462019,Balanced Dollar,0.0563762625,bnUSD,0,1,2025-05-26
cx4297f4b63262507623b6ad575d0d8dd2db980e4e,cxa0af3165c08318e988cb30993b3048335b94af6c,hxd75467e3e4ce64e3424c747dfb71503017440433,0x8b0f6829a04334d2,0x86a6ab99489d48bdd4703643a79c702480193f6f9ae26ad970c95a358706f8a5,1,97790967,10.02034222391435,1748277822462019,Injective,0.0563762625,INJ,0,1,2025-05-26
cx88fd7df7ddff82f7cc735c871dc519838cb235bb,hxd75467e3e4ce64e3424c747dfb71503017440433,cxa0af3165c08318e988cb30993b3048335b94af6c,0x788784a4db8940000,0x86a6ab99489d48bdd4703643a79c702480193f6f9ae26ad970c95a358706f8a5,0,97790967,138.96089999999998,1748277822462019,Balanced Dollar,0.0563762625,bnUSD,0,1,2025-05-26
cx4297f4b63262507623b6ad575d0d8dd2db980e4e,cx21e94c08c03daee80c25d8ee3ea22a20786ec231,hx2debd9ec927cca1639da8d3518dd9dbf1cdfb357,0x1a05473f590828ae4,0x8bb3cfb76eb7656aec255a569d0f294925d35a9d849d8b06bb435537e9977d75,5,97790761,29.999730516350372,1748277410325084,Injective,0.0884047375,INJ,0,1,2025-05-26
cx88fd7df7ddff82f7cc735c871dc519838cb235bb,cxa0af3165c08318e988cb30993b3048335b94af6c,cx5faae53c4dbd1fbe4a2eb4aab6565030f10da5c6,0x8a367a2e224eb2a,0x8bb3cfb76eb7656aec255a569d0f294925d35a9d849d8b06bb435537e9977d75,3,97790761,0.6224551227836936,1748277410325084,Balanced Dollar,0.0884047375,bnUSD,0,1,2025-05-26
cx4297f4b63262507623b6ad575d0d8dd2db980e4e,cxa0af3165c08318e988cb30993b3048335b94af6c,cx21e94c08c03daee80c25d8ee3ea22a20786ec231,0x1a05473f590828ae4,0x8bb3cfb76eb7656aec255a569d0f294925d35a9d849d8b06bb435537e9977d75,2,97790761,29.999730516350372,1748277410325084,Injective,0.0884047375,INJ,0,1,2025-05-26
cx88fd7df7ddff82f7cc735c871dc519838cb235bb,cx21e94c08c03daee80c25d8ee3ea22a20786ec231,cxa0af3165c08318e988cb30993b3048335b94af6c,0x167edde2d79579bd60,0x8bb3cfb76eb7656aec255a569d0f294925d35a9d849d8b06bb435537e9977d75,1,97790761,414.97008185579574,1748277410325084,Balanced Dollar,0.0884047375,bnUSD,0,1,2025-05-26
cx88fd7df7ddff82f7cc735c871dc519838cb235bb,hx2debd9ec927cca1639da8d3518dd9dbf1cdfb357,cx21e94c08c03daee80c25d8ee3ea22a20786ec231,0x167edde2d79579bd60,0x8bb3cfb76eb7656aec255a569d0f294925d35a9d849d8b06bb435537e9977d75,0,97790761,414.97008185579574,1748277410325084,Balanced Dollar,0.0884047375,bnUSD,0,1,2025-05-26
cx88fd7df7ddff82f7cc735c871dc519838cb235bb,cx21e94c08c03daee80c25d8ee3ea22a20786ec231,hx2debd9ec927cca1639da8d3518dd9dbf1cdfb357,0x18c234c3c4f0fafb14,0x1bfadab09ca1f8c7a5d32f9b771c5311b37cc16c370dc58d86600993d5f34a57,10,97790621,456.7158829618002,1748277130165813,Balanced Dollar,0.1548295625,bnUSD,0,1,2025-05-26
cx88fd7df7ddff82f7cc735c871dc519838cb235bb,cx203d9cd2a669be67177e997b8948ce2c35caffae,cx835b300dcfe01f0bdb794e134a0c5628384f4367,0x41ede0f7c30b62d0,0x1bfadab09ca1f8c7a5d32f9b771c5311b37cc16c370dc58d86600993d5f34a57,7,97790621,4.750700536679589,1748277130165813,Balanced Dollar,0.1548295625,bnUSD,0,1,2025-05-26
cx88fd7df7ddff82f7cc735c871dc519838cb235bb,cx5faae53c4dbd1fbe4a2eb4aab6565030f10da5c6,cx203d9cd2a669be67177e997b8948ce2c35caffae,0x5e2f4161f2104405,0x1bfadab09ca1f8c7a5d32f9b771c5311b37cc16c370dc58d86600993d5f34a57,5,97790621,6.786715052399412,1748277130165813,Balanced Dollar,0.1548295625,bnUSD,0,1,2025-05-26
cx88fd7df7ddff82f7cc735c871dc519838cb235bb,cx5faae53c4dbd1fbe4a2eb4aab6565030f10da5c6,cxdc30a0d3a1f131565c071272a20bc0b06fd4c17b,0x5e2f4161f2104404,0x1bfadab09ca1f8c7a5d32f9b771c5311b37cc16c370dc58d86600993d5f34a57,4,97790621,6.786715052399412,1748277130165813,Balanced Dollar,0.1548295625,bnUSD,0,1,2025-05-26
cx88fd7df7ddff82f7cc735c871dc519838cb235bb,cxa0af3165c08318e988cb30993b3048335b94af6c,cx5faae53c4dbd1fbe4a2eb4aab6565030f10da5c6,0x987f9380f5bd2aa,0x1bfadab09ca1f8c7a5d32f9b771c5311b37cc16c370dc58d86600993d5f34a57,3,97790621,0.6867914873684507,1748277130165813,Balanced Dollar,0.1548295625,bnUSD,0,1,2025-05-26
cx88fd7df7ddff82f7cc735c871dc519838cb235bb,cxa0af3165c08318e988cb30993b3048335b94af6c,cx21e94c08c03daee80c25d8ee3ea22a20786ec231,0x18c234c3c4f0fafb14,0x1bfadab09ca1f8c7a5d32f9b771c5311b37cc16c370dc58d86600993d5f34a57,2,97790621,456.7158829618002,1748277130165813,Balanced Dollar,0.1548295625,bnUSD,0,1,2025-05-26
cx2609b924e33ef00b648a409245c7ea394c467824,cx21e94c08c03daee80c25d8ee3ea22a20786ec231,cxa0af3165c08318e988cb30993b3048335b94af6c,0xa2a15d09519be00000,0x1bfadab09ca1f8c7a5d32f9b771c5311b37cc16c370dc58d86600993d5f34a57,1,97790621,3000.0,1748277130165813,Staked ICX,0.1548295625,sICX,0,1,2025-05-26
cx2609b924e33ef00b648a409245c7ea394c467824,hx2debd9ec927cca1639da8d3518dd9dbf1cdfb357,cx21e94c08c03daee80c25d8ee3ea22a20786ec231,0xa2a15d09519be00000,0x1bfadab09ca1f8c7a5d32f9b771c5311b37cc16c370dc58d86600993d5f34a57,0,97790621,3000.0,1748277130165813,Staked ICX,0.1548295625,sICX,0,1,2025-05-26
cx7baf94bd53b505353285ee4c4c050f9703581703,hx9645117f1b0c7181a126c7f4f222caefc6ee7a61,hx9645117f1b0c7181a126c7f4f222caefc6ee7a61,0x0,0x79d4c7fefe08a4fe7a8841884e9b8177b65058f0c3e26339bd98769d592880cc,2,97790478,0.0,1748276838414350,unknown_token,0.0651545625,$unknown,32,1,2025-05-26
cx7baf94bd53b505353285ee4c4c050f9703581703,hx9645117f1b0c7181a126c7f4f222caefc6ee7a61,hx9645117f1b0c7181a126c7f4f222caefc6ee7a61,0x0,0x79d4c7fefe08a4fe7a8841884e9b8177b65058f0c3e26339bd98769d592880cc,1,97790478,0.0,1748276838414350,unknown_token,0.0651545625,$unknown,21,1,2025-05-26
cx7baf94bd53b505353285ee4c4c050f9703581703,hx9645117f1b0c7181a126c7f4f222caefc6ee7a61,hx9645117f1b0c7181a126c7f4f222caefc6ee7a61,0x0,0x79d4c7fefe08a4fe7a8841884e9b8177b65058f0c3e26339bd98769d592880cc,0,97790478,0.0,1748276838414350,unknown_token,0.0651545625,$unknown,11,1,2025-05-26
cx88fd7df7ddff82f7cc735c871dc519838cb235bb,cxa0af3165c08318e988cb30993b3048335b94af6c,cx5faae53c4dbd1fbe4a2eb4aab6565030f10da5c6,0x3317ee196dc6344,0xf1c7c780ad0d456fbae5f3930df6f263659b81b23c454ace43c140fc5c11cf07,2,97790477,0.23010456333637305,1748276836415177,Balanced Dollar,0.0569913875,bnUSD,0,1,2025-05-26
cx88fd7df7ddff82f7cc735c871dc519838cb235bb,cxa0af3165c08318e988cb30993b3048335b94af6c,hxd75467e3e4ce64e3424c747dfb71503017440433,0x84b17061c464b7f0e,0xf1c7c780ad0d456fbae5f3930df6f263659b81b23c454ace43c140fc5c11cf07,1,97790477,152.98475278549355,1748276836415177,Balanced Dollar,0.0569913875,bnUSD,0,1,2025-05-26
cx288d13e1b63563459a2ac6179f237711f6851cb5,hxd75467e3e4ce64e3424c747dfb71503017440433,cxa0af3165c08318e988cb30993b3048335b94af6c,0xd529ae9e860000,0xf1c7c780ad0d456fbae5f3930df6f263659b81b23c454ace43c140fc5c11cf07,0,97790477,0.06,1748276836415177,Ethereum,0.0569913875,ETH,0,1,2025-05-26
cxf61cd5a45dc9f91c15aa65831a30a90d59a09619,cx9345f80d6c98357ccbb70392b14162199c2c5f66,cxd82fb5d3effecd8c9071a4bba3856ad7222c4b91,0x61f0b6df0256d81a,0x937c41257aca96e48fc1eff5dc4a7bb7a3477002a77fb0c90f3b32d4dcab5efc,4,97790474,7.0573416850227755,1748276830389602,Balance Token,0.130645675,BALN,0,1,2025-05-26
cx2609b924e33ef00b648a409245c7ea394c467824,cx9345f80d6c98357ccbb70392b14162199c2c5f66,cxd82fb5d3effecd8c9071a4bba3856ad7222c4b91,0x66dd5f1c8a7ea2683,0x937c41257aca96e48fc1eff5dc4a7bb7a3477002a77fb0c90f3b32d4dcab5efc,3,97790474,118.59496220654371,1748276830389602,Staked ICX,0.130645675,sICX,0,1,2025-05-26
cx88fd7df7ddff82f7cc735c871dc519838cb235bb,hx0000000000000000000000000000000000000000,cx5faae53c4dbd1fbe4a2eb4aab6565030f10da5c6,0x0,0x937c41257aca96e48fc1eff5dc4a7bb7a3477002a77fb0c90f3b32d4dcab5efc,2,97790474,0.0,1748276830389602,Balanced Dollar,0.130645675,bnUSD,0,1,2025-05-26
cx88fd7df7ddff82f7cc735c871dc519838cb235bb,hx0000000000000000000000000000000000000000,cxd82fb5d3effecd8c9071a4bba3856ad7222c4b91,0x9e3ca0117c8b0481,0x937c41257aca96e48fc1eff5dc4a7bb7a3477002a77fb0c90f3b32d4dcab5efc,1,97790474,11.402164353559627,1748276830389602,Balanced Dollar,0.130645675,bnUSD,0,1,2025-05-26
cx88fd7df7ddff82f7cc735c871dc519838cb235bb,hxd75467e3e4ce64e3424c747dfb71503017440433,cxd82fb5d3effecd8c9071a4bba3856ad7222c4b91,0x5693b4451a20a40000,0x937c41257aca96e48fc1eff5dc4a7bb7a3477002a77fb0c90f3b32d4dcab5efc,0,97790474,1597.0631981369238,1748276830389602,Balanced Dollar,0.130645675,bnUSD,0,1,2025-05-26
cx88fd7df7ddff82f7cc735c871dc519838cb235bb,cxa0af3165c08318e988cb30993b3048335b94af6c,cx5faae53c4dbd1fbe4a2eb4aab6565030f10da5c6,0x331f18841e196ed,0x093a4fb3a9ac437fb958d1e35f4c911b96d35d7462d4c2732733d4999b804d42,2,97790468,0.2302306234957555,1748276818409639,Balanced Dollar,0.0569927,bnUSD,0,1,2025-05-26
cx88fd7df7ddff82f7cc735c871dc519838cb235bb,cxa0af3165c08318e988cb30993b3048335b94af6c,hxd75467e3e4ce64e3424c747dfb71503017440433,0x84c40d22f523179fe,0x093a4fb3a9ac437fb958d1e35f4c911b96d35d7462d4c2732733d4999b804d42,1,97790468,153.0685752357527,1748276818409639,Balanced Dollar,0.0569927,bnUSD,0,1,2025-05-26
cx288d13e1b63563459a2ac6179f237711f6851cb5,hxd75467e3e4ce64e3424c747dfb71503017440433,cxa0af3165c08318e988cb30993b3048335b94af6c,0xd529ae9e860000,0x093a4fb3a9ac437fb958d1e35f4c911b96d35d7462d4c2732733d4999b804d42,0,97790468,0.06,1748276818409639,Ethereum,0.0569927,ETH,0,1,2025-05-26
cx88fd7df7ddff82f7cc735c871dc519838cb235bb,cxa0af3165c08318e988cb30993b3048335b94af6c,cx5faae53c4dbd1fbe4a2eb4aab6565030f10da5c6,0x2dd867d772deb0d,0x08a354a73d52e79dcaf0d6ae9cfd606320c0c7c4f990a0e3463240871bb6d523,2,97790465,0.20646903135744282,1748276812423039,Balanced Dollar,0.0569605125,bnUSD,0,1,2025-05-26
cx88fd7df7ddff82f7cc735c871dc519838cb235bb,cxa0af3165c08318e988cb30993b3048335b94af6c,hxd75467e3e4ce64e3424c747dfb71503017440433,0x771b4d9b4a61caf76,0x08a354a73d52e79dcaf0d6ae9cfd606320c0c7c4f990a0e3463240871bb6d523,1,97790465,137.3206215079649,1748276812423039,Balanced Dollar,0.0569605125,bnUSD,0,1,2025-05-26
cx4297f4b63262507623b6ad575d0d8dd2db980e4e,hxd75467e3e4ce64e3424c747dfb71503017440433,cxa0af3165c08318e988cb30993b3048335b94af6c,0x8ac7230489e80000,0x08a354a73d52e79dcaf0d6ae9cfd606320c0c7c4f990a0e3463240871bb6d523,0,97790465,10.0,1748276812423039,Injective,0.0569605125,INJ,0,1,2025-05-26
cx88fd7df7ddff82f7cc735c871dc519838cb235bb,cx21e94c08c03daee80c25d8ee3ea22a20786ec231,hx2debd9ec927cca1639da8d3518dd9dbf1cdfb357,0x18c88c94932af6d5eb,0xa95af86a19bd3179f34d7e6078c61c1f0f7ce33d80ac966644425f2e71649bb5,5,97790460,457.17294643315626,1748276802387316,Balanced Dollar,0.1127101625,bnUSD,0,1,2025-05-26
cx88fd7df7ddff82f7cc735c871dc519838cb235bb,cxa0af3165c08318e988cb30993b3048335b94af6c,cx5faae53c4dbd1fbe4a2eb4aab6565030f10da5c6,0x98a6a2bc3cadc38,0xa95af86a19bd3179f34d7e6078c61c1f0f7ce33d80ac966644425f2e71649bb5,3,97790460,0.6874786293284117,1748276802387316,Balanced Dollar,0.1127101625,bnUSD,0,1,2025-05-26
cx88fd7df7ddff82f7cc735c871dc519838cb235bb,cxa0af3165c08318e988cb30993b3048335b94af6c,cx21e94c08c03daee80c25d8ee3ea22a20786ec231,0x18c88c94932af6d5eb,0xa95af86a19bd3179f34d7e6078c61c1f0f7ce33d80ac966644425f2e71649bb5,2,97790460,457.17294643315626,1748276802387316,Balanced Dollar,0.1127101625,bnUSD,0,1,2025-05-26
cx2609b924e33ef00b648a409245c7ea394c467824,cx21e94c08c03daee80c25d8ee3ea22a20786ec231,cxa0af3165c08318e988cb30993b3048335b94af6c,0xa2a15d09519be00000,0xa95af86a19bd3179f34d7e6078c61c1f0f7ce33d80ac966644425f2e71649bb5,1,97790460,3000.0,1748276802387316,Staked ICX,0.1127101625,sICX,0,1,2025-05-26
cx2609b924e33ef00b648a409245c7ea394c467824,hx2debd9ec927cca1639da8d3518dd9dbf1cdfb357,cx21e94c08c03daee80c25d8ee3ea22a20786ec231,0xa2a15d09519be00000,0xa95af86a19bd3179f34d7e6078c61c1f0f7ce33d80ac966644425f2e71649bb5,0,97790460,3000.0,1748276802387316,Staked ICX,0.1127101625,sICX,0,1,2025-05-26
cx88fd7df7ddff82f7cc735c871dc519838cb235bb,cx21e94c08c03daee80c25d8ee3ea22a20786ec231,hx2debd9ec927cca1639da8d3518dd9dbf1cdfb357,0x1cacd87d5ab322d7ef,0xf5212986a69c153fdfe4fd938ae4782a7bf1f2322aabe06eba579d172ad6daa1,5,97790446,528.9636766618664,1748276774391096,Balanced Dollar,0.0786945875,bnUSD,0,1,2025-05-26
cx88fd7df7ddff82f7cc735c871dc519838cb235bb,cxa0af3165c08318e988cb30993b3048335b94af6c,cx5faae53c4dbd1fbe4a2eb4aab6565030f10da5c6,0xb065f22dbbfec0c,0xf5212986a69c153fdfe4fd938ae4782a7bf1f2322aabe06eba579d172ad6daa1,3,97790446,0.7944269875977861,1748276774391096,Balanced Dollar,0.0786945875,bnUSD,0,1,2025-05-26
cx88fd7df7ddff82f7cc735c871dc519838cb235bb,cxa0af3165c08318e988cb30993b3048335b94af6c,cx21e94c08c03daee80c25d8ee3ea22a20786ec231,0x1cacd87d5ab322d7ef,0xf5212986a69c153fdfe4fd938ae4782a7bf1f2322aabe06eba579d172ad6daa1,2,97790446,528.9636766618664,1748276774391096,Balanced Dollar,0.0786945875,bnUSD,0,1,2025-05-26
cx508002ec116fbf3ab406329c0df28e70d7e75fb3,cx21e94c08c03daee80c25d8ee3ea22a20786ec231,cxa0af3165c08318e988cb30993b3048335b94af6c,0x22ecb25c00,0xf5212986a69c153fdfe4fd938ae4782a7bf1f2322aabe06eba579d172ad6daa1,1,97790446,150.0,1748276774391096,Sui,0.0786945875,SUI,0,1,2025-05-26
cx508002ec116fbf3ab406329c0df28e70d7e75fb3,hx2debd9ec927cca1639da8d3518dd9dbf1cdfb357,cx21e94c08c03daee80c25d8ee3ea22a20786ec231,0x22ecb25c00,0xf5212986a69c153fdfe4fd938ae4782a7bf1f2322aabe06eba579d172ad6daa1,0,97790446,150.0,1748276774391096,Sui,0.0786945875,SUI,0,1,2025-05-26
cx88fd7df7ddff82f7cc735c871dc519838cb235bb,cxa0af3165c08318e988cb30993b3048335b94af6c,cx5faae53c4dbd1fbe4a2eb4aab6565030f10da5c6,0x2e60ed2f5342189,0x7104e723aab34bc68673dccdd9231cd61e2922ce28794d938c8586937ab903bc,2,97790445,0.20887073193906217,1748276772360991,Balanced Dollar,0.05692495,bnUSD,0,1,2025-05-26
cx88fd7df7ddff82f7cc735c871dc519838cb235bb,cxa0af3165c08318e988cb30993b3048335b94af6c,hxd75467e3e4ce64e3424c747dfb71503017440433,0x787a0c6156f0ba694,0x7104e723aab34bc68673dccdd9231cd61e2922ce28794d938c8586937ab903bc,1,97790445,138.90023750272047,1748276772360991,Balanced Dollar,0.05692495,bnUSD,0,1,2025-05-26
cx66a031cc3bd305c76371fb586e93801b948254f0,hxd75467e3e4ce64e3424c747dfb71503017440433,cxa0af3165c08318e988cb30993b3048335b94af6c,0x53444835ec580000,0x7104e723aab34bc68673dccdd9231cd61e2922ce28794d938c8586937ab903bc,0,97790445,6.0,1748276772360991,Avalanche,0.05692495,AVAX,0,1,2025-05-26
cx88fd7df7ddff82f7cc735c871dc519838cb235bb,cxa0af3165c08318e988cb30993b3048335b94af6c,cx5faae53c4dbd1fbe4a2eb4aab6565030f10da5c6,0x33264470ea3ec0d,0x6474a9d6518e89c256af98002b794110c84265274f031e4061d68ccaa5cc92c6,2,97790443,0.23035678730039605,1748276768410044,Balanced Dollar,0.0569927,bnUSD,0,1,2025-05-26
cx88fd7df7ddff82f7cc735c871dc519838cb235bb,cxa0af3165c08318e988cb30993b3048335b94af6c,hxd75467e3e4ce64e3424c747dfb71503017440433,0x84d6adcf2c3e543de,0x6474a9d6518e89c256af98002b794110c84265274f031e4061d68ccaa5cc92c6,1,97790443,153.15246661335496,1748276768410044,Balanced Dollar,0.0569927,bnUSD,0,1,2025-05-26
cx288d13e1b63563459a2ac6179f237711f6851cb5,hxd75467e3e4ce64e3424c747dfb71503017440433,cxa0af3165c08318e988cb30993b3048335b94af6c,0xd529ae9e860000,0x6474a9d6518e89c256af98002b794110c84265274f031e4061d68ccaa5cc92c6,0,97790443,0.06,1748276768410044,Ethereum,0.0569927,ETH,0,1,2025-05-26
cx88fd7df7ddff82f7cc735c871dc519838cb235bb,cx21e94c08c03daee80c25d8ee3ea22a20786ec231,hx2debd9ec927cca1639da8d3518dd9dbf1cdfb357,0x1d99a1f1618604ca53,0x09a2977829d186bbd672917d406580b5167c4bd9c51e53708bc0048afcd0f1f8,5,97790441,546.0259728977929,1748276764496482,Balanced Dollar,0.088357675,bnUSD,0,1,2025-05-26
cx88fd7df7ddff82f7cc735c871dc519838cb235bb,cxa0af3165c08318e988cb30993b3048335b94af6c,cx5faae53c4dbd1fbe4a2eb4aab6565030f10da5c6,0xb646ddd98f56444,0x09a2977829d186bbd672917d406580b5167c4bd9c51e53708bc0048afcd0f1f8,3,97790441,0.8209018306096917,1748276764496482,Balanced Dollar,0.088357675,bnUSD,0,1,2025-05-26
cx88fd7df7ddff82f7cc735c871dc519838cb235bb,cxa0af3165c08318e988cb30993b3048335b94af6c,cx21e94c08c03daee80c25d8ee3ea22a20786ec231,0x1d99a1f1618604ca53,0x09a2977829d186bbd672917d406580b5167c4bd9c51e53708bc0048afcd0f1f8,2,97790441,546.0259728977929,1748276764496482,Balanced Dollar,0.088357675,bnUSD,0,1,2025-05-26
cx07b184a37f03c6ab681fcbd0b45aec6dc3eafbeb,cx21e94c08c03daee80c25d8ee3ea22a20786ec231,cxa0af3165c08318e988cb30993b3048335b94af6c,0x11c37937e08000,0x09a2977829d186bbd672917d406580b5167c4bd9c51e53708bc0048afcd0f1f8,1,97790441,0.005,1748276764496482,Bitcoin,0.088357675,BTC,0,1,2025-05-26
cx07b184a37f03c6ab681fcbd0b45aec6dc3eafbeb,hx2debd9ec927cca1639da8d3518dd9dbf1cdfb357,cx21e94c08c03daee80c25d8ee3ea22a20786ec231,0x11c37937e08000,0x09a2977829d186bbd672917d406580b5167c4bd9c51e53708bc0048afcd0f1f8,0,97790441,0.005,1748276764496482,Bitcoin,0.088357675,BTC,0,1,2025-05-26
cx88fd7df7ddff82f7cc735c871dc519838cb235bb,cxa0af3165c08318e988cb30993b3048335b94af6c,cx5faae53c4dbd1fbe4a2eb4aab6565030f10da5c6,0x2de75f41161011a,0xa2631aec98b3b1c8b69df3ee11a95dcd389de4660b38dc499ff075f5d4783cb7,2,97790424,0.20673232402966146,1748276730354544,Balanced Dollar,0.0569605125,bnUSD,0,1,2025-05-26
cx88fd7df7ddff82f7cc735c871dc519838cb235bb,cxa0af3165c08318e988cb30993b3048335b94af6c,hxd75467e3e4ce64e3424c747dfb71503017440433,0x774232d6214c21110,0xa2631aec98b3b1c8b69df3ee11a95dcd389de4660b38dc499ff075f5d4783cb7,1,97790424,137.49579094782968,1748276730354544,Balanced Dollar,0.0569605125,bnUSD,0,1,2025-05-26
cx4297f4b63262507623b6ad575d0d8dd2db980e4e,hxd75467e3e4ce64e3424c747dfb71503017440433,cxa0af3165c08318e988cb30993b3048335b94af6c,0x8ac7230489e80000,0xa2631aec98b3b1c8b69df3ee11a95dcd389de4660b38dc499ff075f5d4783cb7,0,97790424,10.0,1748276730354544,Injective,0.0569605125,INJ,0,1,2025-05-26
cx88fd7df7ddff82f7cc735c871dc519838cb235bb,cxa0af3165c08318e988cb30993b3048335b94af6c,hx4dc7903504bb800a462378348a42f53742759e0b,0x4533fc10e30916a,0xf8c8a23405239d3419affbf56863ec66c77df21b6aa2b05d7492bff56248748d,3,97790383,0.3116628976179982,1748276647023794,Balanced Dollar,0.0347552125,bnUSD,0,3,2025-05-26
cx07b184a37f03c6ab681fcbd0b45aec6dc3eafbeb,hx4dc7903504bb800a462378348a42f53742759e0b,cxa0af3165c08318e988cb30993b3048335b94af6c,0x3438099d3e3c3,0xf03d8af43762970b12fdb3b3fe308a32e2420f23d174566dd84b42bd5e33a303,0,97790383,0.000918644545807299,1748276647023794,Bitcoin,0.0215962625,BTC,0,2,2025-05-26
cx88fd7df7ddff82f7cc735c871dc519838cb235bb,hx4dc7903504bb800a462378348a42f53742759e0b,cxa0af3165c08318e988cb30993b3048335b94af6c,0x579c3d6146dcc4000,0xc63ab48e5e3a490fc4c8b602925b5a32efad0abcfff5bdf89a0ca462e984a134,0,97790383,101.00781225082541,1748276647023794,Balanced Dollar,0.02221895,bnUSD,0,1,2025-05-26
cx07b184a37f03c6ab681fcbd0b45aec6dc3eafbeb,cx21e94c08c03daee80c25d8ee3ea22a20786ec231,hx4dc7903504bb800a462378348a42f53742759e0b,0x343eb8716b6c2,0x4bb192d7f52d1abcecf6f471b775f0b18c0897191ee7d585e448f1405695c547,13,97790380,0.000919103792920258,1748276641146416,Bitcoin,0.259025625,BTC,0,2,2025-05-26
cx88fd7df7ddff82f7cc735c871dc519838cb235bb,cxa0af3165c08318e988cb30993b3048335b94af6c,cx5faae53c4dbd1fbe4a2eb4aab6565030f10da5c6,0x21a6d90c2d887bc,0x4bb192d7f52d1abcecf6f471b775f0b18c0897191ee7d585e448f1405695c547,11,97790380,0.15155400598202157,1748276641146416,Balanced Dollar,0.259025625,bnUSD,0,2,2025-05-26
cx07b184a37f03c6ab681fcbd0b45aec6dc3eafbeb,cxa0af3165c08318e988cb30993b3048335b94af6c,cx21e94c08c03daee80c25d8ee3ea22a20786ec231,0x343eb8716b6c2,0x4bb192d7f52d1abcecf6f471b775f0b18c0897191ee7d585e448f1405695c547,10,97790380,0.000919103792920258,1748276641146416,Bitcoin,0.259025625,BTC,0,2,2025-05-26
cx88fd7df7ddff82f7cc735c871dc519838cb235bb,cx21e94c08c03daee80c25d8ee3ea22a20786ec231,cxa0af3165c08318e988cb30993b3048335b94af6c,0x57a27fe50be8c261e,0x4bb192d7f52d1abcecf6f471b775f0b18c0897191ee7d585e448f1405695c547,9,97790380,101.03600398801437,1748276641146416,Balanced Dollar,0.259025625,bnUSD,0,2,2025-05-26
cx88fd7df7ddff82f7cc735c871dc519838cb235bb,cxa0af3165c08318e988cb30993b3048335b94af6c,cx5faae53c4dbd1fbe4a2eb4aab6565030f10da5c6,0x21bfd081bba331b,0x4bb192d7f52d1abcecf6f471b775f0b18c0897191ee7d585e448f1405695c547,7,97790380,0.1519932237137969,1748276641146416,Balanced Dollar,0.259025625,bnUSD,0,2,2025-05-26
cx88fd7df7ddff82f7cc735c871dc519838cb235bb,cxa0af3165c08318e988cb30993b3048335b94af6c,cx21e94c08c03daee80c25d8ee3ea22a20786ec231,0x57a27fe50be8c261e,0x4bb192d7f52d1abcecf6f471b775f0b18c0897191ee7d585e448f1405695c547,6,97790380,101.03600398801437,1748276641146416,Balanced Dollar,0.259025625,bnUSD,0,2,2025-05-26
cx2609b924e33ef00b648a409245c7ea394c467824,cx21e94c08c03daee80c25d8ee3ea22a20786ec231,cxa0af3165c08318e988cb30993b3048335b94af6c,0x23eb6f4109de6b556e,0x4bb192d7f52d1abcecf6f471b775f0b18c0897191ee7d585e448f1405695c547,5,97790380,662.6008924118044,1748276641146416,Staked ICX,0.259025625,sICX,0,2,2025-05-26
cx2609b924e33ef00b648a409245c7ea394c467824,hx0000000000000000000000000000000000000000,cx21e94c08c03daee80c25d8ee3ea22a20786ec231,0x23eb6f4109de6b556e,0x4bb192d7f52d1abcecf6f471b775f0b18c0897191ee7d585e448f1405695c547,3,97790380,662.6008924118044,1748276641146416,Staked ICX,0.259025625,sICX,0,2,2025-05-26
cx88fd7df7ddff82f7cc735c871dc519838cb235bb,cx21e94c08c03daee80c25d8ee3ea22a20786ec231,hx4dc7903504bb800a462378348a42f53742759e0b,0x57a775a17c11d9d3e,0x08b0f7be64044110a51fa028e099e3a9496bf5d49cfa1cf8b1d243fe991ff0c7,9,97790380,101.05834142147422,1748276641146416,Balanced Dollar,0.20148845,bnUSD,0,1,2025-05-26
cx88fd7df7ddff82f7cc735c871dc519838cb235bb,cxa0af3165c08318e988cb30993b3048335b94af6c,cx5faae53c4dbd1fbe4a2eb4aab6565030f10da5c6,0x21c1b978ae2bd22,0x08b0f7be64044110a51fa028e099e3a9496bf5d49cfa1cf8b1d243fe991ff0c7,7,97790380,0.15202682510788126,1748276641146416,Balanced Dollar,0.20148845,bnUSD,0,1,2025-05-26
cx88fd7df7ddff82f7cc735c871dc519838cb235bb,cxa0af3165c08318e988cb30993b3048335b94af6c,cx21e94c08c03daee80c25d8ee3ea22a20786ec231,0x57a775a17c11d9d3e,0x08b0f7be64044110a51fa028e099e3a9496bf5d49cfa1cf8b1d243fe991ff0c7,6,97790380,101.05834142147422,1748276641146416,Balanced Dollar,0.20148845,bnUSD,0,1,2025-05-26
cx2609b924e33ef00b648a409245c7ea394c467824,cx21e94c08c03daee80c25d8ee3ea22a20786ec231,cxa0af3165c08318e988cb30993b3048335b94af6c,0x23eb6f4109de6b556e,0x08b0f7be64044110a51fa028e099e3a9496bf5d49cfa1cf8b1d243fe991ff0c7,5,97790380,662.6008924118044,1748276641146416,Staked ICX,0.20148845,sICX,0,1,2025-05-26
cx2609b924e33ef00b648a409245c7ea394c467824,hx0000000000000000000000000000000000000000,cx21e94c08c03daee80c25d8ee3ea22a20786ec231,0x23eb6f4109de6b556e,0x08b0f7be64044110a51fa028e099e3a9496bf5d49cfa1cf8b1d243fe991ff0c7,3,97790380,662.6008924118044,1748276641146416,Staked ICX,0.20148845,sICX,0,1,2025-05-26
cx88fd7df7ddff82f7cc735c871dc519838cb235bb,cxa0af3165c08318e988cb30993b3048335b94af6c,cx5faae53c4dbd1fbe4a2eb4aab6565030f10da5c6,0x332d71e03e9cd17,0x6fa721f93494eb8b3fd77a96103d39b4a5eb59c318985bde4481c8211c287c1e,2,97790376,0.23048305486396137,1748276633096126,Balanced Dollar,0.0569913875,bnUSD,0,1,2025-05-26
cx88fd7df7ddff82f7cc735c871dc519838cb235bb,cxa0af3165c08318e988cb30993b3048335b94af6c,hxd75467e3e4ce64e3424c747dfb71503017440433,0x84e95267835a61823,0x6fa721f93494eb8b3fd77a96103d39b4a5eb59c318985bde4481c8211c287c1e,1,97790376,153.23642699390268,1748276633096126,Balanced Dollar,0.0569913875,bnUSD,0,1,2025-05-26
cx288d13e1b63563459a2ac6179f237711f6851cb5,hxd75467e3e4ce64e3424c747dfb71503017440433,cxa0af3165c08318e988cb30993b3048335b94af6c,0xd529ae9e860000,0x6fa721f93494eb8b3fd77a96103d39b4a5eb59c318985bde4481c8211c287c1e,0,97790376,0.06,1748276633096126,Ethereum,0.0569913875,ETH,0,1,2025-05-26
cx88fd7df7ddff82f7cc735c871dc519838cb235bb,cxa0af3165c08318e988cb30993b3048335b94af6c,cx5faae53c4dbd1fbe4a2eb4aab6565030f10da5c6,0x3334a0d287c0567,0x6267cc9a4461b791a8ea263d2b75c0ac9120e9d7987a1317834db039fb3050f0,2,97790368,0.23060942630027403,1748276617126660,Balanced Dollar,0.0569913875,bnUSD,0,1,2025-05-26
cx88fd7df7ddff82f7cc735c871dc519838cb235bb,cxa0af3165c08318e988cb30993b3048335b94af6c,hxd75467e3e4ce64e3424c747dfb71503017440433,0x84fbfaed147e1643a,0x6267cc9a4461b791a8ea263d2b75c0ac9120e9d7987a1317834db039fb3050f0,1,97790368,153.3204564531018,1748276617126660,Balanced Dollar,0.0569913875,bnUSD,0,1,2025-05-26
cx288d13e1b63563459a2ac6179f237711f6851cb5,hxd75467e3e4ce64e3424c747dfb71503017440433,cxa0af3165c08318e988cb30993b3048335b94af6c,0xd529ae9e860000,0x6267cc9a4461b791a8ea263d2b75c0ac9120e9d7987a1317834db039fb3050f0,0,97790368,0.06,1748276617126660,Ethereum,0.0569913875,ETH,0,1,2025-05-26
cx88fd7df7ddff82f7cc735c871dc519838cb235bb,cxa0af3165c08318e988cb30993b3048335b94af6c,cx5faae53c4dbd1fbe4a2eb4aab6565030f10da5c6,0x2df65e0091ae650,0x7a07bfec180fd2371e2594fecc8dd771a32698abf71bca71868860f0ae3dfe0a,2,97790365,0.20699612078216967,1748276611119986,Balanced Dollar,0.0569618875,bnUSD,0,1,2025-05-26
cx88fd7df7ddff82f7cc735c871dc519838cb235bb,cxa0af3165c08318e988cb30993b3048335b94af6c,hxd75467e3e4ce64e3424c747dfb71503017440433,0x77692b22c017c215e,0x7a07bfec180fd2371e2594fecc8dd771a32698abf71bca71868860f0ae3dfe0a,1,97790365,137.67129586111534,1748276611119986,Balanced Dollar,0.0569618875,bnUSD,0,1,2025-05-26
cx4297f4b63262507623b6ad575d0d8dd2db980e4e,hxd75467e3e4ce64e3424c747dfb71503017440433,cxa0af3165c08318e988cb30993b3048335b94af6c,0x8ac7230489e80000,0x7a07bfec180fd2371e2594fecc8dd771a32698abf71bca71868860f0ae3dfe0a,0,97790365,10.0,1748276611119986,Injective,0.0569618875,INJ,0,1,2025-05-26
cx88fd7df7ddff82f7cc735c871dc519838cb235bb,cxa0af3165c08318e988cb30993b3048335b94af6c,cx5faae53c4dbd1fbe4a2eb4aab6565030f10da5c6,0x333bd148325c23a,0xfcbca58b49479b72bb3491fdd576258c5afc6c4daaef6ebcf9c1af713a7ccfeb,2,97790357,0.2307359017233127,1748276595089511,Balanced Dollar,0.056990075,bnUSD,0,1,2025-05-26
cx88fd7df7ddff82f7cc735c871dc519838cb235bb,cxa0af3165c08318e988cb30993b3048335b94af6c,hxd75467e3e4ce64e3424c747dfb71503017440433,0x850ea760fa135625f,0xfcbca58b49479b72bb3491fdd576258c5afc6c4daaef6ebcf9c1af713a7ccfeb,1,97790357,153.40455506676216,1748276595089511,Balanced Dollar,0.056990075,bnUSD,0,1,2025-05-26
cx288d13e1b63563459a2ac6179f237711f6851cb5,hxd75467e3e4ce64e3424c747dfb71503017440433,cxa0af3165c08318e988cb30993b3048335b94af6c,0xd529ae9e860000,0xfcbca58b49479b72bb3491fdd576258c5afc6c4daaef6ebcf9c1af713a7ccfeb,0,97790357,0.06,1748276595089511,Ethereum,0.056990075,ETH,0,1,2025-05-26
cx88fd7df7ddff82f7cc735c871dc519838cb235bb,cxa0af3165c08318e988cb30993b3048335b94af6c,cx5faae53c4dbd1fbe4a2eb4aab6565030f10da5c6,0x2e05641ab1d1686,0xe5a789c3562e6d5c1c4b5b5ee7a83c84b5b3309c39f17d635c51caa49220f996,2,97790355,0.20726042290271604,1748276591136910,Balanced Dollar,0.0569578875,bnUSD,0,1,2025-05-26
cx88fd7df7ddff82f7cc735c871dc519838cb235bb,cxa0af3165c08318e988cb30993b3048335b94af6c,hxd75467e3e4ce64e3424c747dfb71503017440433,0x7790368da06d5dbb5,0xe5a789c3562e6d5c1c4b5b5ee7a83c84b5b3309c39f17d635c51caa49220f996,1,97790355,137.84713710511312,1748276591136910,Balanced Dollar,0.0569578875,bnUSD,0,1,2025-05-26
cx4297f4b63262507623b6ad575d0d8dd2db980e4e,hxd75467e3e4ce64e3424c747dfb71503017440433,cxa0af3165c08318e988cb30993b3048335b94af6c,0x8ac7230489e80000,0xe5a789c3562e6d5c1c4b5b5ee7a83c84b5b3309c39f17d635c51caa49220f996,0,97790355,10.0,1748276591136910,Injective,0.0569578875,INJ,0,1,2025-05-26
cx88fd7df7ddff82f7cc735c871dc519838cb235bb,cx21e94c08c03daee80c25d8ee3ea22a20786ec231,hx2debd9ec927cca1639da8d3518dd9dbf1cdfb357,0x1927a977ede471eb72,0xff338bf1e8e71d9358c2d0fccf093a46ef718cf0b6502b09bfb926de2a12f4ba,5,97790346,464.0265491449057,1748276573092276,Balanced Dollar,0.0883172375,bnUSD,0,1,2025-05-26
cx88fd7df7ddff82f7cc735c871dc519838cb235bb,cxa0af3165c08318e988cb30993b3048335b94af6c,cx5faae53c4dbd1fbe4a2eb4aab6565030f10da5c6,0x9ac0da4088a7c70,0xff338bf1e8e71d9358c2d0fccf093a46ef718cf0b6502b09bfb926de2a12f4ba,3,97790346,0.6969470405046755,1748276573092276,Balanced Dollar,0.0883172375,bnUSD,0,1,2025-05-26
cx88fd7df7ddff82f7cc735c871dc519838cb235bb,cxa0af3165c08318e988cb30993b3048335b94af6c,cx21e94c08c03daee80c25d8ee3ea22a20786ec231,0x1927a977ede471eb72,0xff338bf1e8e71d9358c2d0fccf093a46ef718cf0b6502b09bfb926de2a12f4ba,2,97790346,464.0265491449057,1748276573092276,Balanced Dollar,0.0883172375,bnUSD,0,1,2025-05-26
cx66a031cc3bd305c76371fb586e93801b948254f0,cx21e94c08c03daee80c25d8ee3ea22a20786ec231,cxa0af3165c08318e988cb30993b3048335b94af6c,0x1158e460913d00000,0xff338bf1e8e71d9358c2d0fccf093a46ef718cf0b6502b09bfb926de2a12f4ba,1,97790346,20.0,1748276573092276,Avalanche,0.0883172375,AVAX,0,1,2025-05-26
cx66a031cc3bd305c76371fb586e93801b948254f0,hx2debd9ec927cca1639da8d3518dd9dbf1cdfb357,cx21e94c08c03daee80c25d8ee3ea22a20786ec231,0x1158e460913d00000,0xff338bf1e8e71d9358c2d0fccf093a46ef718cf0b6502b09bfb926de2a12f4ba,0,97790346,20.0,1748276573092276,Avalanche,0.0883172375,AVAX,0,1,2025-05-26
cx88fd7df7ddff82f7cc735c871dc519838cb235bb,cxa0af3165c08318e988cb30993b3048335b94af6c,cx5faae53c4dbd1fbe4a2eb4aab6565030f10da5c6,0x2e147194467d845,0xdf6290e498792c9a6f76570951ea72f221009aecb22fd09311fcffaa93b61d9e,2,97790343,0.20752523168316422,1748276567107308,Balanced Dollar,0.0569578875,bnUSD,0,1,2025-05-26
cx88fd7df7ddff82f7cc735c871dc519838cb235bb,cxa0af3165c08318e988cb30993b3048335b94af6c,hxd75467e3e4ce64e3424c747dfb71503017440433,0x77b75523462b1e5fe,0xdf6290e498792c9a6f76570951ea72f221009aecb22fd09311fcffaa93b61d9e,1,97790343,138.02331553985474,1748276567107308,Balanced Dollar,0.0569578875,bnUSD,0,1,2025-05-26
cx4297f4b63262507623b6ad575d0d8dd2db980e4e,hxd75467e3e4ce64e3424c747dfb71503017440433,cxa0af3165c08318e988cb30993b3048335b94af6c,0x8ac7230489e80000,0xdf6290e498792c9a6f76570951ea72f221009aecb22fd09311fcffaa93b61d9e,0,97790343,10.0,1748276567107308,Injective,0.0569578875,INJ,0,1,2025-05-26
cx88fd7df7ddff82f7cc735c871dc519838cb235bb,cx21e94c08c03daee80c25d8ee3ea22a20786ec231,hx2debd9ec927cca1639da8d3518dd9dbf1cdfb357,0x1da2b18d0538c383e1,0x59c4996ab53f6933c8cabe753dced5406ead9b340ea933a4fa51f5d706141024,5,97790341,546.6788844961658,1748276563198016,Balanced Dollar,0.0883603625,bnUSD,0,1,2025-05-26
cx88fd7df7ddff82f7cc735c871dc519838cb235bb,cxa0af3165c08318e988cb30993b3048335b94af6c,cx5faae53c4dbd1fbe4a2eb4aab6565030f10da5c6,0xb67ea3832df4137,0x59c4996ab53f6933c8cabe753dced5406ead9b340ea933a4fa51f5d706141024,3,97790341,0.821882984110965,1748276563198016,Balanced Dollar,0.0883603625,bnUSD,0,1,2025-05-26
cx88fd7df7ddff82f7cc735c871dc519838cb235bb,cxa0af3165c08318e988cb30993b3048335b94af6c,cx21e94c08c03daee80c25d8ee3ea22a20786ec231,0x1da2b18d0538c383e1,0x59c4996ab53f6933c8cabe753dced5406ead9b340ea933a4fa51f5d706141024,2,97790341,546.6788844961658,1748276563198016,Balanced Dollar,0.0883603625,bnUSD,0,1,2025-05-26
cx07b184a37f03c6ab681fcbd0b45aec6dc3eafbeb,cx21e94c08c03daee80c25d8ee3ea22a20786ec231,cxa0af3165c08318e988cb30993b3048335b94af6c,0x11c37937e08000,0x59c4996ab53f6933c8cabe753dced5406ead9b340ea933a4fa51f5d706141024,1,97790341,0.005,1748276563198016,Bitcoin,0.0883603625,BTC,0,1,2025-05-26
cx07b184a37f03c6ab681fcbd0b45aec6dc3eafbeb,hx2debd9ec927cca1639da8d3518dd9dbf1cdfb357,cx21e94c08c03daee80c25d8ee3ea22a20786ec231,0x11c37937e08000,0x59c4996ab53f6933c8cabe753dced5406ead9b340ea933a4fa51f5d706141024,0,97790341,0.005,1748276563198016,Bitcoin,0.0883603625,BTC,0,1,2025-05-26
cx88fd7df7ddff82f7cc735c871dc519838cb235bb,cxa0af3165c08318e988cb30993b3048335b94af6c,cx5faae53c4dbd1fbe4a2eb4aab6565030f10da5c6,0x33430341ab493b4,0xff0ae26edcbafefc2e022f4fe012fa8da4b99b3133fa8e00386e07dfd1d059c1,2,97790340,0.23086248124721248,1748276561097559,Balanced Dollar,0.056990075,bnUSD,0,1,2025-05-26
cx88fd7df7ddff82f7cc735c871dc519838cb235bb,cxa0af3165c08318e988cb30993b3048335b94af6c,hxd75467e3e4ce64e3424c747dfb71503017440433,0x852157c44ee73b5c0,0xff0ae26edcbafefc2e022f4fe012fa8da4b99b3133fa8e00386e07dfd1d059c1,1,97790340,153.4887229107976,1748276561097559,Balanced Dollar,0.056990075,bnUSD,0,1,2025-05-26
cx288d13e1b63563459a2ac6179f237711f6851cb5,hxd75467e3e4ce64e3424c747dfb71503017440433,cxa0af3165c08318e988cb30993b3048335b94af6c,0xd529ae9e860000,0xff0ae26edcbafefc2e022f4fe012fa8da4b99b3133fa8e00386e07dfd1d059c1,0,97790340,0.06,1748276561097559,Ethereum,0.056990075,ETH,0,1,2025-05-26
cx384018e03aa8b739472c7a0645b70df97550e2c2,hx9645117f1b0c7181a126c7f4f222caefc6ee7a61,hx9645117f1b0c7181a126c7f4f222caefc6ee7a61,0x0,0x83789ea70f04596d1ecfaa2002cc6e69e678ec0fb6ec6dd75c6d08c05e5657e0,0,97790312,0.0,1748276503826604,unknown_token,0.0323008125,$unknown,4140,1,2025-05-26
cx88fd7df7ddff82f7cc735c871dc519838cb235bb,cxa0af3165c08318e988cb30993b3048335b94af6c,cx5faae53c4dbd1fbe4a2eb4aab6565030f10da5c6,0x2e95875dd248c46,0x2a1bb97dee57f3b0b7f87f26a614c407fd84f24a33e04504586154eca92f0e5f,2,97790306,0.20979612089401659,1748276491957645,Balanced Dollar,0.056922325,bnUSD,0,1,2025-05-26
cx88fd7df7ddff82f7cc735c871dc519838cb235bb,cxa0af3165c08318e988cb30993b3048335b94af6c,hxd75467e3e4ce64e3424c747dfb71503017440433,0x7902ba271412d8941,0x2a1bb97dee57f3b0b7f87f26a614c407fd84f24a33e04504586154eca92f0e5f,1,97790306,139.51578408873556,1748276491957645,Balanced Dollar,0.056922325,bnUSD,0,1,2025-05-26
cx66a031cc3bd305c76371fb586e93801b948254f0,hxd75467e3e4ce64e3424c747dfb71503017440433,cxa0af3165c08318e988cb30993b3048335b94af6c,0x53444835ec580000,0x2a1bb97dee57f3b0b7f87f26a614c407fd84f24a33e04504586154eca92f0e5f,0,97790306,6.0,1748276491957645,Avalanche,0.056922325,AVAX,0,1,2025-05-26
cx88fd7df7ddff82f7cc735c871dc519838cb235bb,cx21e94c08c03daee80c25d8ee3ea22a20786ec231,hx2debd9ec927cca1639da8d3518dd9dbf1cdfb357,0x1cbc2ae11dd201cf44,0x42dc867a3b1ce243db06d34773808eb139322e1a39bc0f82d60fe7658bf6c575,5,97790300,530.0677312102134,1748276479919759,Balanced Dollar,0.0786930875,bnUSD,0,2,2025-05-26
cx88fd7df7ddff82f7cc735c871dc519838cb235bb,cxa0af3165c08318e988cb30993b3048335b94af6c,cx5faae53c4dbd1fbe4a2eb4aab6565030f10da5c6,0xb0b0c7c9020a43a,0x42dc867a3b1ce243db06d34773808eb139322e1a39bc0f82d60fe7658bf6c575,3,97790300,0.7957434882945609,1748276479919759,Balanced Dollar,0.0786930875,bnUSD,0,2,2025-05-26
cx88fd7df7ddff82f7cc735c871dc519838cb235bb,cxa0af3165c08318e988cb30993b3048335b94af6c,cx21e94c08c03daee80c25d8ee3ea22a20786ec231,0x1cbc2ae11dd201cf44,0x42dc867a3b1ce243db06d34773808eb139322e1a39bc0f82d60fe7658bf6c575,2,97790300,530.0677312102134,1748276479919759,Balanced Dollar,0.0786930875,bnUSD,0,2,2025-05-26
cx65c9e3d4fea842e00add0d32a5b4c5e4e04c7a6b,cx21e94c08c03daee80c25d8ee3ea22a20786ec231,cxa0af3165c08318e988cb30993b3048335b94af6c,0xb2d05e00,0x42dc867a3b1ce243db06d34773808eb139322e1a39bc0f82d60fe7658bf6c575,1,97790300,3.0,1748276479919759,Solana,0.0786930875,SOL,0,2,2025-05-26
cx65c9e3d4fea842e00add0d32a5b4c5e4e04c7a6b,hx2debd9ec927cca1639da8d3518dd9dbf1cdfb357,cx21e94c08c03daee80c25d8ee3ea22a20786ec231,0xb2d05e00,0x42dc867a3b1ce243db06d34773808eb139322e1a39bc0f82d60fe7658bf6c575,0,97790300,3.0,1748276479919759,Solana,0.0786930875,SOL,0,2,2025-05-26
cx88fd7df7ddff82f7cc735c871dc519838cb235bb,cxa0af3165c08318e988cb30993b3048335b94af6c,cx5faae53c4dbd1fbe4a2eb4aab6565030f10da5c6,0x2ea1b7a83a69f02,0x41fa54e5f25f22347e52903eabe474c39a00ec5fa52c963de917ee91df68b65c,2,97790300,0.21001054563484442,1748276479919759,Balanced Dollar,0.056922325,bnUSD,0,1,2025-05-26
cx88fd7df7ddff82f7cc735c871dc519838cb235bb,cxa0af3165c08318e988cb30993b3048335b94af6c,hxd75467e3e4ce64e3424c747dfb71503017440433,0x792265bfe8c8b5e3f,0x41fa54e5f25f22347e52903eabe474c39a00ec5fa52c963de917ee91df68b65c,1,97790300,139.6584144434571,1748276479919759,Balanced Dollar,0.056922325,bnUSD,0,1,2025-05-26
cx66a031cc3bd305c76371fb586e93801b948254f0,hxd75467e3e4ce64e3424c747dfb71503017440433,cxa0af3165c08318e988cb30993b3048335b94af6c,0x53444835ec580000,0x41fa54e5f25f22347e52903eabe474c39a00ec5fa52c963de917ee91df68b65c,0,97790300,6.0,1748276479919759,Avalanche,0.056922325,AVAX,0,1,2025-05-26
cx88fd7df7ddff82f7cc735c871dc519838cb235bb,cx21e94c08c03daee80c25d8ee3ea22a20786ec231,hx2debd9ec927cca1639da8d3518dd9dbf1cdfb357,0x16811bb3f3c9295c77,0xb7e8978896e967a705f0d1450e7c10b6ae8b8efd7c8532401a72f9b78729c82c,5,97790296,415.1315969365074,1748276471799556,Balanced Dollar,0.088410925,bnUSD,0,1,2025-05-26
cx88fd7df7ddff82f7cc735c871dc519838cb235bb,cxa0af3165c08318e988cb30993b3048335b94af6c,cx5faae53c4dbd1fbe4a2eb4aab6565030f10da5c6,0x8a6aa4bdc091f8a,0xb7e8978896e967a705f0d1450e7c10b6ae8b8efd7c8532401a72f9b78729c82c,3,97790296,0.6233728412282469,1748276471799556,Balanced Dollar,0.088410925,bnUSD,0,1,2025-05-26
cx88fd7df7ddff82f7cc735c871dc519838cb235bb,cxa0af3165c08318e988cb30993b3048335b94af6c,cx21e94c08c03daee80c25d8ee3ea22a20786ec231,0x16811bb3f3c9295c77,0xb7e8978896e967a705f0d1450e7c10b6ae8b8efd7c8532401a72f9b78729c82c,2,97790296,415.1315969365074,1748276471799556,Balanced Dollar,0.088410925,bnUSD,0,1,2025-05-26
cx4297f4b63262507623b6ad575d0d8dd2db980e4e,cx21e94c08c03daee80c25d8ee3ea22a20786ec231,cxa0af3165c08318e988cb30993b3048335b94af6c,0x1a055690d9db80000,0xb7e8978896e967a705f0d1450e7c10b6ae8b8efd7c8532401a72f9b78729c82c,1,97790296,30.0,1748276471799556,Injective,0.088410925,INJ,0,1,2025-05-26
cx4297f4b63262507623b6ad575d0d8dd2db980e4e,hx2debd9ec927cca1639da8d3518dd9dbf1cdfb357,cx21e94c08c03daee80c25d8ee3ea22a20786ec231,0x1a055690d9db80000,0xb7e8978896e967a705f0d1450e7c10b6ae8b8efd7c8532401a72f9b78729c82c,0,97790296,30.0,1748276471799556,Injective,0.088410925,INJ,0,1,2025-05-26
cx88fd7df7ddff82f7cc735c871dc519838cb235bb,cxa0af3165c08318e988cb30993b3048335b94af6c,cx5faae53c4dbd1fbe4a2eb4aab6565030f10da5c6,0x2e50f1975dee692,0x82cf345f684ae9ef9b49394f8e52ef66d0e03379b0cd64dbc52670a412e187a6,2,97790284,0.20858955976873741,1748276446583942,Balanced Dollar,0.0569578875,bnUSD,0,1,2025-05-26
cx88fd7df7ddff82f7cc735c871dc519838cb235bb,cxa0af3165c08318e988cb30993b3048335b94af6c,hxd75467e3e4ce64e3424c747dfb71503017440433,0x78549024fbf4c1452,0x82cf345f684ae9ef9b49394f8e52ef66d0e03379b0cd64dbc52670a412e187a6,1,97790284,138.73141873784627,1748276446583942,Balanced Dollar,0.0569578875,bnUSD,0,1,2025-05-26
cx4297f4b63262507623b6ad575d0d8dd2db980e4e,hxd75467e3e4ce64e3424c747dfb71503017440433,cxa0af3165c08318e988cb30993b3048335b94af6c,0x8ac7230489e80000,0x82cf345f684ae9ef9b49394f8e52ef66d0e03379b0cd64dbc52670a412e187a6,0,97790284,10.0,1748276446583942,Injective,0.0569578875,INJ,0,1,2025-05-26
cx88fd7df7ddff82f7cc735c871dc519838cb235bb,cxa0af3165c08318e988cb30993b3048335b94af6c,cx5faae53c4dbd1fbe4a2eb4aab6565030f10da5c6,0x2eadecbc31da480,0x11269ef94cc1931982dbad7cac3e516e007e31a532906c2a882fb1508fca2e70,2,97790281,0.2102252993593765,1748276440496652,Balanced Dollar,0.056922325,bnUSD,0,1,2025-05-26
cx88fd7df7ddff82f7cc735c871dc519838cb235bb,cxa0af3165c08318e988cb30993b3048335b94af6c,hxd75467e3e4ce64e3424c747dfb71503017440433,0x79421dc9fc3d01bf1,0x11269ef94cc1931982dbad7cac3e516e007e31a532906c2a882fb1508fca2e70,1,97790281,139.80126368655476,1748276440496652,Balanced Dollar,0.056922325,bnUSD,0,1,2025-05-26
cx66a031cc3bd305c76371fb586e93801b948254f0,hxd75467e3e4ce64e3424c747dfb71503017440433,cxa0af3165c08318e988cb30993b3048335b94af6c,0x53444835ec580000,0x11269ef94cc1931982dbad7cac3e516e007e31a532906c2a882fb1508fca2e70,0,97790281,6.0,1748276440496652,Avalanche,0.056922325,AVAX,0,1,2025-05-26
cx88fd7df7ddff82f7cc735c871dc519838cb235bb,cx21e94c08c03daee80c25d8ee3ea22a20786ec231,hx2debd9ec927cca1639da8d3518dd9dbf1cdfb357,0x19517b4f9f8a72f899,0x047ea7ead1c95f9c01be6d93e38f819d2dce0ef866e7ffd4739069c37ea6a6ae,5,97790217,467.0399759285875,1748276312537251,Balanced Dollar,0.0883172375,bnUSD,0,1,2025-05-26
cx88fd7df7ddff82f7cc735c871dc519838cb235bb,cxa0af3165c08318e988cb30993b3048335b94af6c,cx5faae53c4dbd1fbe4a2eb4aab6565030f10da5c6,0x9bc1e851d1d782a,0x047ea7ead1c95f9c01be6d93e38f819d2dce0ef866e7ffd4739069c37ea6a6ae,3,97790217,0.701469199030909,1748276312537251,Balanced Dollar,0.0883172375,bnUSD,0,1,2025-05-26
cx88fd7df7ddff82f7cc735c871dc519838cb235bb,cxa0af3165c08318e988cb30993b3048335b94af6c,cx21e94c08c03daee80c25d8ee3ea22a20786ec231,0x19517b4f9f8a72f899,0x047ea7ead1c95f9c01be6d93e38f819d2dce0ef866e7ffd4739069c37ea6a6ae,2,97790217,467.0399759285875,1748276312537251,Balanced Dollar,0.0883172375,bnUSD,0,1,2025-05-26
cx66a031cc3bd305c76371fb586e93801b948254f0,cx21e94c08c03daee80c25d8ee3ea22a20786ec231,cxa0af3165c08318e988cb30993b3048335b94af6c,0x1158e460913d00000,0x047ea7ead1c95f9c01be6d93e38f819d2dce0ef866e7ffd4739069c37ea6a6ae,1,97790217,20.0,1748276312537251,Avalanche,0.0883172375,AVAX,0,1,2025-05-26
cx66a031cc3bd305c76371fb586e93801b948254f0,hx2debd9ec927cca1639da8d3518dd9dbf1cdfb357,cx21e94c08c03daee80c25d8ee3ea22a20786ec231,0x1158e460913d00000,0x047ea7ead1c95f9c01be6d93e38f819d2dce0ef866e7ffd4739069c37ea6a6ae,0,97790217,20.0,1748276312537251,Avalanche,0.0883172375,AVAX,0,1,2025-05-26
cx88fd7df7ddff82f7cc735c871dc519838cb235bb,cxa0af3165c08318e988cb30993b3048335b94af6c,cx5faae53c4dbd1fbe4a2eb4aab6565030f10da5c6,0x3b01e94eb55cd12,0xc70bee99cf68180985dc6b2a87399bd3003d50d80b91529cebd6aeb291742ca8,2,97790216,0.2657460029671212,1748276310668432,Balanced Dollar,0.0473839375,bnUSD,0,1,2025-05-26
cx88fd7df7ddff82f7cc735c871dc519838cb235bb,cxa0af3165c08318e988cb30993b3048335b94af6c,hxd75467e3e4ce64e3424c747dfb71503017440433,0x994b729e465bc2efc,0xc70bee99cf68180985dc6b2a87399bd3003d50d80b91529cebd6aeb291742ca8,1,97790216,176.73677656267347,1748276310668432,Balanced Dollar,0.0473839375,bnUSD,0,1,2025-05-26
cx508002ec116fbf3ab406329c0df28e70d7e75fb3,hxd75467e3e4ce64e3424c747dfb71503017440433,cxa0af3165c08318e988cb30993b3048335b94af6c,0xba43b7400,0xc70bee99cf68180985dc6b2a87399bd3003d50d80b91529cebd6aeb291742ca8,0,97790216,50.0,1748276310668432,Sui,0.0473839375,SUI,0,1,2025-05-26
cx88fd7df7ddff82f7cc735c871dc519838cb235bb,cx21e94c08c03daee80c25d8ee3ea22a20786ec231,hx2debd9ec927cca1639da8d3518dd9dbf1cdfb357,0x1cdc94b5399534fe1e,0xfdab74d545235eae9ed5b0dc4013f1b0447ad6d7da8bc0250e321622d0139286,5,97790210,532.4033623076858,1748276298526611,Balanced Dollar,0.0787010875,bnUSD,0,1,2025-05-26
cx88fd7df7ddff82f7cc735c871dc519838cb235bb,cxa0af3165c08318e988cb30993b3048335b94af6c,cx5faae53c4dbd1fbe4a2eb4aab6565030f10da5c6,0xb177de8335cc4d8,0xfdab74d545235eae9ed5b0dc4013f1b0447ad6d7da8bc0250e321622d0139286,3,97790210,0.7992458951291548,1748276298526611,Balanced Dollar,0.0787010875,bnUSD,0,1,2025-05-26
cx88fd7df7ddff82f7cc735c871dc519838cb235bb,cxa0af3165c08318e988cb30993b3048335b94af6c,cx21e94c08c03daee80c25d8ee3ea22a20786ec231,0x1cdc94b5399534fe1e,0xfdab74d545235eae9ed5b0dc4013f1b0447ad6d7da8bc0250e321622d0139286,2,97790210,532.4033623076858,1748276298526611,Balanced Dollar,0.0787010875,bnUSD,0,1,2025-05-26
cx65c9e3d4fea842e00add0d32a5b4c5e4e04c7a6b,cx21e94c08c03daee80c25d8ee3ea22a20786ec231,cxa0af3165c08318e988cb30993b3048335b94af6c,0xb2d05e00,0xfdab74d545235eae9ed5b0dc4013f1b0447ad6d7da8bc0250e321622d0139286,1,97790210,3.0,1748276298526611,Solana,0.0787010875,SOL,0,1,2025-05-26
cx65c9e3d4fea842e00add0d32a5b4c5e4e04c7a6b,hx2debd9ec927cca1639da8d3518dd9dbf1cdfb357,cx21e94c08c03daee80c25d8ee3ea22a20786ec231,0xb2d05e00,0xfdab74d545235eae9ed5b0dc4013f1b0447ad6d7da8bc0250e321622d0139286,0,97790210,3.0,1748276298526611,Solana,0.0787010875,SOL,0,1,2025-05-26
cx88fd7df7ddff82f7cc735c871dc519838cb235bb,cxa0af3165c08318e988cb30993b3048335b94af6c,cx5faae53c4dbd1fbe4a2eb4aab6565030f10da5c6,0x2ee30a4def9e797,0xc7a57111d5176fcf856d56d87b0ed60a9322b6090de2f738c9d259541e5e01c5,2,97790192,0.2111597172066815,1748276262512946,Balanced Dollar,0.056922325,bnUSD,0,1,2025-05-26
cx88fd7df7ddff82f7cc735c871dc519838cb235bb,cxa0af3165c08318e988cb30993b3048335b94af6c,hxd75467e3e4ce64e3424c747dfb71503017440433,0x79cc210a2494d82ad,0xc7a57111d5176fcf856d56d87b0ed60a9322b6090de2f738c9d259541e5e01c5,1,97790192,140.42281762056604,1748276262512946,Balanced Dollar,0.056922325,bnUSD,0,1,2025-05-26
cx66a031cc3bd305c76371fb586e93801b948254f0,hxd75467e3e4ce64e3424c747dfb71503017440433,cxa0af3165c08318e988cb30993b3048335b94af6c,0x53444835ec580000,0xc7a57111d5176fcf856d56d87b0ed60a9322b6090de2f738c9d259541e5e01c5,0,97790192,6.0,1748276262512946,Avalanche,0.056922325,AVAX,0,1,2025-05-26
cx88fd7df7ddff82f7cc735c871dc519838cb235bb,cxa0af3165c08318e988cb30993b3048335b94af6c,cx5faae53c4dbd1fbe4a2eb4aab6565030f10da5c6,0x2eef5914bfc1351,0xb3f0f24fd99415e7051d773e50e78c762cb3a9089775e09cd13f7a6c001ecb7a,2,97790186,0.21137623692686625,1748276250519051,Balanced Dollar,0.056922325,bnUSD,0,1,2025-05-26
cx88fd7df7ddff82f7cc735c871dc519838cb235bb,cxa0af3165c08318e988cb30993b3048335b94af6c,hxd75467e3e4ce64e3424c747dfb71503017440433,0x79ec1bdec02fdd351,0xb3f0f24fd99415e7051d773e50e78c762cb3a9089775e09cd13f7a6c001ecb7a,1,97790186,140.56684186582476,1748276250519051,Balanced Dollar,0.056922325,bnUSD,0,1,2025-05-26
cx66a031cc3bd305c76371fb586e93801b948254f0,hxd75467e3e4ce64e3424c747dfb71503017440433,cxa0af3165c08318e988cb30993b3048335b94af6c,0x53444835ec580000,0xb3f0f24fd99415e7051d773e50e78c762cb3a9089775e09cd13f7a6c001ecb7a,0,97790186,6.0,1748276250519051,Avalanche,0.056922325,AVAX,0,1,2025-05-26
cxd17316e24ee40f2ef8ed6f3a497311db1b35206d,hx9645117f1b0c7181a126c7f4f222caefc6ee7a61,hx9645117f1b0c7181a126c7f4f222caefc6ee7a61,0x0,0x64794cf96064dd29696d2c053c15d7edb033508e38c854cc0be4d5fb9c4e61ba,2,97790122,0.0,1748276122514084,unknown_token,0.010747975,$unknown,6,1,2025-05-26
cx7baf94bd53b505353285ee4c4c050f9703581703,hx9645117f1b0c7181a126c7f4f222caefc6ee7a61,hx0000000000000000000000000000000000000000,0x0,0x64794cf96064dd29696d2c053c15d7edb033508e38c854cc0be4d5fb9c4e61ba,0,97790122,0.0,1748276122514084,unknown_token,0.010747975,$unknown,9,1,2025-05-26
cx88fd7df7ddff82f7cc735c871dc519838cb235bb,cxa0af3165c08318e988cb30993b3048335b94af6c,cx5faae53c4dbd1fbe4a2eb4aab6565030f10da5c6,0x21d6cac5fece418,0x70a87683648fe8766d6d283688ab87b68a638a0c84ec21fca2994fe258b36a9f,2,97790120,0.15239745000000002,1748276118422133,Balanced Dollar,0.056295725,bnUSD,0,1,2025-05-26
cx2d552c485ec8bcaa75aac02424e2aca6ffdb2f1b,cxa0af3165c08318e988cb30993b3048335b94af6c,hxd75467e3e4ce64e3424c747dfb71503017440433,0x218b391419de44c,0x70a87683648fe8766d6d283688ab87b68a638a0c84ec21fca2994fe258b36a9f,1,97790120,0.15106802396940808,1748276118422133,Binance Coin,0.056295725,BNB,0,1,2025-05-26
cx88fd7df7ddff82f7cc735c871dc519838cb235bb,hxd75467e3e4ce64e3424c747dfb71503017440433,cxa0af3165c08318e988cb30993b3048335b94af6c,0x581f5ab8f23920000,0x70a87683648fe8766d6d283688ab87b68a638a0c84ec21fca2994fe258b36a9f,0,97790120,101.59830000000002,1748276118422133,Balanced Dollar,0.056295725,bnUSD,0,1,2025-05-26
cxd17316e24ee40f2ef8ed6f3a497311db1b35206d,hx9645117f1b0c7181a126c7f4f222caefc6ee7a61,hx9645117f1b0c7181a126c7f4f222caefc6ee7a61,0x0,0xad63773bed91bf43e38b2ae296ab9c342e07b3d5c27f7ae67f1434941ed2a06e,2,97790105,0.0,1748276088455029,unknown_token,0.0107558,$unknown,5,1,2025-05-26
cx7baf94bd53b505353285ee4c4c050f9703581703,hx9645117f1b0c7181a126c7f4f222caefc6ee7a61,hx0000000000000000000000000000000000000000,0x0,0xad63773bed91bf43e38b2ae296ab9c342e07b3d5c27f7ae67f1434941ed2a06e,1,97790105,0.0,1748276088455029,unknown_token,0.0107558,$unknown,3,1,2025-05-26
cxd17316e24ee40f2ef8ed6f3a497311db1b35206d,hx8026678e3d08ba3203ce6161ee8e9e3b9793491f,hx8026678e3d08ba3203ce6161ee8e9e3b9793491f,0x0,0x7f367f74680df36ab9a03c122aaff48a778174ac9092bd65e697d4b705e0eac2,0,97790005,0.0,1748275887136698,unknown_token,0.0043651375,$unknown,34,1,2025-05-26
cxd17316e24ee40f2ef8ed6f3a497311db1b35206d,hx8026678e3d08ba3203ce6161ee8e9e3b9793491f,hx8026678e3d08ba3203ce6161ee8e9e3b9793491f,0x0,0x822c6c5eba65c0ab010ef6f430506dbbcfccd29d5a74c8344abc94fd415f47f4,0,97790000,0.0,1748275877173417,unknown_token,0.0043651375,$unknown,34,1,2025-05-26
cxd17316e24ee40f2ef8ed6f3a497311db1b35206d,hx66b0a5c1aa35aa0d4ce16bd81e89b6da5f2a379f,hx66b0a5c1aa35aa0d4ce16bd81e89b6da5f2a379f,0x0,0x603392b81c62cc3df0b4829be30ef59c9cf8a35bef037e26313994c1d8752ca1,0,97789969,0.0,1748275813901865,unknown_token,0.0043651375,$unknown,34,1,2025-05-26
cx7baf94bd53b505353285ee4c4c050f9703581703,hx8acbfbf57dfc49f5fa9b1df2fc55fd9216b3e7aa,hx8acbfbf57dfc49f5fa9b1df2fc55fd9216b3e7aa,0x0,0x7afbda5ddcb5aa85e327ac7e368888f7876b59fa900002c9abe3553852110c69,3,97789945,0.0,1748275764620545,unknown_token,0.1228512375,$unknown,32,1,2025-05-26
cx7baf94bd53b505353285ee4c4c050f9703581703,hx8acbfbf57dfc49f5fa9b1df2fc55fd9216b3e7aa,hx8acbfbf57dfc49f5fa9b1df2fc55fd9216b3e7aa,0x0,0x7afbda5ddcb5aa85e327ac7e368888f7876b59fa900002c9abe3553852110c69,2,97789945,0.0,1748275764620545,unknown_token,0.1228512375,$unknown,16,1,2025-05-26
cx7baf94bd53b505353285ee4c4c050f9703581703,hx8acbfbf57dfc49f5fa9b1df2fc55fd9216b3e7aa,hx8acbfbf57dfc49f5fa9b1df2fc55fd9216b3e7aa,0x0,0x7afbda5ddcb5aa85e327ac7e368888f7876b59fa900002c9abe3553852110c69,1,97789945,0.0,1748275764620545,unknown_token,0.1228512375,$unknown,3,1,2025-05-26
cx28b2ec885b50c8a93da752f2d0467a67127a70e8,cx7127ae2887ef7676bf8014e995bd2ed4fd71f05b,cx5a0af85407c69945eb318d4ac18e9e842184163c,0x759d3f98f76f76666,0x70e4b24917b997cc11627dcfcd61d4c73e94a4f76a48412bd773dfae2a41a8b4,7,97789915,135.59999999999997,1748275704557519,CROWN,0.0415516375,CROWN,0,1,2025-05-26
cx28b2ec885b50c8a93da752f2d0467a67127a70e8,cx7127ae2887ef7676bf8014e995bd2ed4fd71f05b,hx0000000000000000000000000000000000000000,0x139a3544293d3e666,0x70e4b24917b997cc11627dcfcd61d4c73e94a4f76a48412bd773dfae2a41a8b4,5,97789915,22.599999999999994,1748275704557519,CROWN,0.0415516375,CROWN,0,1,2025-05-26
cx28b2ec885b50c8a93da752f2d0467a67127a70e8,cx7127ae2887ef7676bf8014e995bd2ed4fd71f05b,cxd77007090899311f1afbcae86b49cfe817fc6810,0x27346a88527a7cccc,0x70e4b24917b997cc11627dcfcd61d4c73e94a4f76a48412bd773dfae2a41a8b4,4,97789915,45.19999999999999,1748275704557519,CROWN,0.0415516375,CROWN,0,1,2025-05-26
cx28b2ec885b50c8a93da752f2d0467a67127a70e8,cx7127ae2887ef7676bf8014e995bd2ed4fd71f05b,hx84f2cd8dd94ed2da42f6a1b959b0baaecf6651c1,0x139a3544293d3e666,0x70e4b24917b997cc11627dcfcd61d4c73e94a4f76a48412bd773dfae2a41a8b4,2,97789915,22.599999999999994,1748275704557519,CROWN,0.0415516375,CROWN,0,1,2025-05-26
cx28b2ec885b50c8a93da752f2d0467a67127a70e8,hx8acbfbf57dfc49f5fa9b1df2fc55fd9216b3e7aa,cx7127ae2887ef7676bf8014e995bd2ed4fd71f05b,0xc40614a99c6470000,0x70e4b24917b997cc11627dcfcd61d4c73e94a4f76a48412bd773dfae2a41a8b4,0,97789915,225.99999999999994,1748275704557519,CROWN,0.0415516375,CROWN,0,1,2025-05-26
cx88fd7df7ddff82f7cc735c871dc519838cb235bb,cxa0af3165c08318e988cb30993b3048335b94af6c,cx5faae53c4dbd1fbe4a2eb4aab6565030f10da5c6,0x21ceff8532adc83,0x8e8f1c62b89aa2e6df631b137872196b102049b6a147c54166a126dbc6fb0261,2,97789867,0.15226033725000002,1748275608563260,Balanced Dollar,0.056295725,bnUSD,0,1,2025-05-26
cx2d552c485ec8bcaa75aac02424e2aca6ffdb2f1b,cxa0af3165c08318e988cb30993b3048335b94af6c,hxd75467e3e4ce64e3424c747dfb71503017440433,0x218aeed1852ad14,0x8e8f1c62b89aa2e6df631b137872196b102049b6a147c54166a126dbc6fb0261,1,97789867,0.15106292085546524,1748275608563260,Binance Coin,0.056295725,BNB,0,1,2025-05-26
cx88fd7df7ddff82f7cc735c871dc519838cb235bb,hxd75467e3e4ce64e3424c747dfb71503017440433,cxa0af3165c08318e988cb30993b3048335b94af6c,0x580b0ec033f9e4000,0x8e8f1c62b89aa2e6df631b137872196b102049b6a147c54166a126dbc6fb0261,0,97789867,101.50689150000001,1748275608563260,Balanced Dollar,0.056295725,bnUSD,0,1,2025-05-26
cx88fd7df7ddff82f7cc735c871dc519838cb235bb,cxa0af3165c08318e988cb30993b3048335b94af6c,cx5faae53c4dbd1fbe4a2eb4aab6565030f10da5c6,0x21c8dd7c2d55483,0xec7d154814a36faf0085616d7f3b5a693b2e8bf0f6c181e024cadc4a1fed3ca2,2,97789791,0.15215244525,1748275455406461,Balanced Dollar,0.056295725,bnUSD,0,1,2025-05-26
cx2d552c485ec8bcaa75aac02424e2aca6ffdb2f1b,cxa0af3165c08318e988cb30993b3048335b94af6c,hxd75467e3e4ce64e3424c747dfb71503017440433,0x218c484fad43322,0xec7d154814a36faf0085616d7f3b5a693b2e8bf0f6c181e024cadc4a1fed3ca2,1,97789791,0.15108666293984951,1748275455406461,Binance Coin,0.056295725,BNB,0,1,2025-05-26
cx88fd7df7ddff82f7cc735c871dc519838cb235bb,hxd75467e3e4ce64e3424c747dfb71503017440433,cxa0af3165c08318e988cb30993b3048335b94af6c,0x57fb161e0b636c000,0xec7d154814a36faf0085616d7f3b5a693b2e8bf0f6c181e024cadc4a1fed3ca2,0,97789791,101.4349635,1748275455406461,Balanced Dollar,0.056295725,bnUSD,0,1,2025-05-26
cx288d13e1b63563459a2ac6179f237711f6851cb5,cx21e94c08c03daee80c25d8ee3ea22a20786ec231,hx2debd9ec927cca1639da8d3518dd9dbf1cdfb357,0x30d97091011ee05,0x26d10d74676ad6668ddd85360b8254ba0ff5bfa398d49bb0a203470d47d3745c,5,97789775,0.21999802199113266,1748275423373921,Ethereum,0.0884939375,ETH,0,1,2025-05-26
cx88fd7df7ddff82f7cc735c871dc519838cb235bb,cxa0af3165c08318e988cb30993b3048335b94af6c,cx5faae53c4dbd1fbe4a2eb4aab6565030f10da5c6,0xbc6fe5becbbcd8a,0x26d10d74676ad6668ddd85360b8254ba0ff5bfa398d49bb0a203470d47d3745c,3,97789775,0.848645250573127,1748275423373921,Balanced Dollar,0.0884939375,bnUSD,0,1,2025-05-26
cx288d13e1b63563459a2ac6179f237711f6851cb5,cxa0af3165c08318e988cb30993b3048335b94af6c,cx21e94c08c03daee80c25d8ee3ea22a20786ec231,0x30d97091011ee05,0x26d10d74676ad6668ddd85360b8254ba0ff5bfa398d49bb0a203470d47d3745c,2,97789775,0.21999802199113266,1748275423373921,Ethereum,0.0884939375,ETH,0,1,2025-05-26
cx88fd7df7ddff82f7cc735c871dc519838cb235bb,cx21e94c08c03daee80c25d8ee3ea22a20786ec231,cxa0af3165c08318e988cb30993b3048335b94af6c,0x1eab8bba0dd3bc9760,0x26d10d74676ad6668ddd85360b8254ba0ff5bfa398d49bb0a203470d47d3745c,1,97789775,565.7635003820847,1748275423373921,Balanced Dollar,0.0884939375,bnUSD,0,1,2025-05-26
cx88fd7df7ddff82f7cc735c871dc519838cb235bb,hx2debd9ec927cca1639da8d3518dd9dbf1cdfb357,cx21e94c08c03daee80c25d8ee3ea22a20786ec231,0x1eab8bba0dd3bc9760,0x26d10d74676ad6668ddd85360b8254ba0ff5bfa398d49bb0a203470d47d3745c,0,97789775,565.7635003820847,1748275423373921,Balanced Dollar,0.0884939375,bnUSD,0,1,2025-05-26
cx88fd7df7ddff82f7cc735c871dc519838cb235bb,cx203d9cd2a669be67177e997b8948ce2c35caffae,cx835b300dcfe01f0bdb794e134a0c5628384f4367,0x24f3c70f05d2ee4e,0x2b6e8eaa5b1203ba9ab938bbf0f11a41d3a48f367d9b9d8a62dcf0da46bdf19c,6,97789610,2.6626906720422414,1748275091907558,Balanced Dollar,0.0990796625,bnUSD,0,1,2025-05-26
cx88fd7df7ddff82f7cc735c871dc519838cb235bb,cx5faae53c4dbd1fbe4a2eb4aab6565030f10da5c6,cx203d9cd2a669be67177e997b8948ce2c35caffae,0x34c9f7cc51767902,0x2b6e8eaa5b1203ba9ab938bbf0f11a41d3a48f367d9b9d8a62dcf0da46bdf19c,4,97789610,3.8038438172032025,1748275091907558,Balanced Dollar,0.0990796625,bnUSD,0,1,2025-05-26
cx88fd7df7ddff82f7cc735c871dc519838cb235bb,cx5faae53c4dbd1fbe4a2eb4aab6565030f10da5c6,cxdc30a0d3a1f131565c071272a20bc0b06fd4c17b,0x34c9f7cc51767902,0x2b6e8eaa5b1203ba9ab938bbf0f11a41d3a48f367d9b9d8a62dcf0da46bdf19c,3,97789610,3.8038438172032025,1748275091907558,Balanced Dollar,0.0990796625,bnUSD,0,1,2025-05-26
cx88fd7df7ddff82f7cc735c871dc519838cb235bb,cxa0af3165c08318e988cb30993b3048335b94af6c,cx5faae53c4dbd1fbe4a2eb4aab6565030f10da5c6,0x2e602436f46c101,0x2b6e8eaa5b1203ba9ab938bbf0f11a41d3a48f367d9b9d8a62dcf0da46bdf19c,2,97789610,0.20885692137227904,1748275091907558,Balanced Dollar,0.0990796625,bnUSD,0,1,2025-05-26
cx88fd7df7ddff82f7cc735c871dc519838cb235bb,cxa0af3165c08318e988cb30993b3048335b94af6c,hxd75467e3e4ce64e3424c747dfb71503017440433,0x787c0f4da00761bbf,0x2b6e8eaa5b1203ba9ab938bbf0f11a41d3a48f367d9b9d8a62dcf0da46bdf19c,1,97789610,138.90929612376337,1748275091907558,Balanced Dollar,0.0990796625,bnUSD,0,1,2025-05-26
cx4297f4b63262507623b6ad575d0d8dd2db980e4e,hxd75467e3e4ce64e3424c747dfb71503017440433,cxa0af3165c08318e988cb30993b3048335b94af6c,0x8ac7230489e80000,0x2b6e8eaa5b1203ba9ab938bbf0f11a41d3a48f367d9b9d8a62dcf0da46bdf19c,0,97789610,10.0,1748275091907558,Injective,0.0990796625,INJ,0,1,2025-05-26
cx88fd7df7ddff82f7cc735c871dc519838cb235bb,cxa0af3165c08318e988cb30993b3048335b94af6c,cx5faae53c4dbd1fbe4a2eb4aab6565030f10da5c6,0x2ea63781377e800,0x881108f95a5852ed71e9a033fc65d5ab1a8221fedfda73af469f4ec731b50046,2,97789135,0.2100897,1748274139090370,Balanced Dollar,0.0563762625,bnUSD,0,1,2025-05-26
cx4297f4b63262507623b6ad575d0d8dd2db980e4e,cxa0af3165c08318e988cb30993b3048335b94af6c,hxd75467e3e4ce64e3424c747dfb71503017440433,0x8b16ef761831dd7f,0x881108f95a5852ed71e9a033fc65d5ab1a8221fedfda73af469f4ec731b50046,1,97789135,10.022461311250717,1748274139090370,Injective,0.0563762625,INJ,0,1,2025-05-26
cx88fd7df7ddff82f7cc735c871dc519838cb235bb,hxd75467e3e4ce64e3424c747dfb71503017440433,cxa0af3165c08318e988cb30993b3048335b94af6c,0x797b85e0808418000,0x881108f95a5852ed71e9a033fc65d5ab1a8221fedfda73af469f4ec731b50046,0,97789135,140.0598,1748274139090370,Balanced Dollar,0.0563762625,bnUSD,0,1,2025-05-26
cx88fd7df7ddff82f7cc735c871dc519838cb235bb,cxa0af3165c08318e988cb30993b3048335b94af6c,cx5faae53c4dbd1fbe4a2eb4aab6565030f10da5c6,0x3b6b6b82bc9b418,0x86c400ef1e97ac80347d54f39a2fd245aa17947048b1cdaafe61891271285d32,2,97789107,0.26760213000000005,1748274083062161,Balanced Dollar,0.0460560875,bnUSD,0,1,2025-05-26
cx508002ec116fbf3ab406329c0df28e70d7e75fb3,cxa0af3165c08318e988cb30993b3048335b94af6c,hxd75467e3e4ce64e3424c747dfb71503017440433,0xbae4b2561,0x86c400ef1e97ac80347d54f39a2fd245aa17947048b1cdaafe61891271285d32,1,97789107,50.168800609,1748274083062161,Sui,0.0460560875,SUI,0,1,2025-05-26
cx88fd7df7ddff82f7cc735c871dc519838cb235bb,hxd75467e3e4ce64e3424c747dfb71503017440433,cxa0af3165c08318e988cb30993b3048335b94af6c,0x9abd12a475d450000,0x86c400ef1e97ac80347d54f39a2fd245aa17947048b1cdaafe61891271285d32,0,97789107,178.40142000000003,1748274083062161,Balanced Dollar,0.0460560875,bnUSD,0,1,2025-05-26
cx88fd7df7ddff82f7cc735c871dc519838cb235bb,cxd82fb5d3effecd8c9071a4bba3856ad7222c4b91,hxd75467e3e4ce64e3424c747dfb71503017440433,0x3635c9adc5dea00000,0xa684e6fbc2a9e62b25df1a7ecfeb3c9006c3f8541a99fafc740452bf962118a6,0,97789105,1000.0,1748274079070102,Balanced Dollar,0.0206921875,bnUSD,0,1,2025-05-26
cx88fd7df7ddff82f7cc735c871dc519838cb235bb,cxa0af3165c08318e988cb30993b3048335b94af6c,cx5faae53c4dbd1fbe4a2eb4aab6565030f10da5c6,0x2eaebc1bf7cebe7,0x39638db0dcaef940ff852675c70135c1945f659e569129a1a28d7adc675a3d30,2,97789099,0.21023954999999997,1748274067048335,Balanced Dollar,0.0563762625,bnUSD,0,1,2025-05-26
cx4297f4b63262507623b6ad575d0d8dd2db980e4e,cxa0af3165c08318e988cb30993b3048335b94af6c,hxd75467e3e4ce64e3424c747dfb71503017440433,0x8b5e3c9c81d86f97,0x39638db0dcaef940ff852675c70135c1945f659e569129a1a28d7adc675a3d30,1,97789099,10.042530861973795,1748274067048335,Injective,0.0563762625,INJ,0,1,2025-05-26
cx88fd7df7ddff82f7cc735c871dc519838cb235bb,hxd75467e3e4ce64e3424c747dfb71503017440433,cxa0af3165c08318e988cb30993b3048335b94af6c,0x7991b488d55510000,0x39638db0dcaef940ff852675c70135c1945f659e569129a1a28d7adc675a3d30,0,97789099,140.1597,1748274067048335,Balanced Dollar,0.0563762625,bnUSD,0,1,2025-05-26
cx88fd7df7ddff82f7cc735c871dc519838cb235bb,cxa0af3165c08318e988cb30993b3048335b94af6c,cx5faae53c4dbd1fbe4a2eb4aab6565030f10da5c6,0x2e952e4bb6de018,0x8c7529ea278dd0ee660111140f573e0bb04d625ee7d84a49a977ba5e2b4ff815,2,97789090,0.20979000000000003,1748274049092657,Balanced Dollar,0.0563762625,bnUSD,0,1,2025-05-26
cx4297f4b63262507623b6ad575d0d8dd2db980e4e,cxa0af3165c08318e988cb30993b3048335b94af6c,hxd75467e3e4ce64e3424c747dfb71503017440433,0x8b3fcf0163705b64,0x8c7529ea278dd0ee660111140f573e0bb04d625ee7d84a49a977ba5e2b4ff815,1,97789090,10.033966099674979,1748274049092657,Injective,0.0563762625,INJ,0,1,2025-05-26
cx88fd7df7ddff82f7cc735c871dc519838cb235bb,hxd75467e3e4ce64e3424c747dfb71503017440433,cxa0af3165c08318e988cb30993b3048335b94af6c,0x794f288fd6e224000,0x8c7529ea278dd0ee660111140f573e0bb04d625ee7d84a49a977ba5e2b4ff815,0,97789090,139.86,1748274049092657,Balanced Dollar,0.0563762625,bnUSD,0,1,2025-05-26
cx2609b924e33ef00b648a409245c7ea394c467824,cx21e94c08c03daee80c25d8ee3ea22a20786ec231,hx2debd9ec927cca1639da8d3518dd9dbf1cdfb357,0xa2a0fd294132a4dfc5,0xf35bbb86f0318d01be4fa011c05714caef164da83ece18fde1e373a25a4357a1,5,97789041,2999.973013516123,1748273949980184,Staked ICX,0.1127098125,sICX,0,1,2025-05-26
cx88fd7df7ddff82f7cc735c871dc519838cb235bb,cxa0af3165c08318e988cb30993b3048335b94af6c,cx5faae53c4dbd1fbe4a2eb4aab6565030f10da5c6,0x9940bf9a9528626,0xf35bbb86f0318d01be4fa011c05714caef164da83ece18fde1e373a25a4357a1,3,97789041,0.6901898098100485,1748273949980184,Balanced Dollar,0.1127098125,bnUSD,0,1,2025-05-26
cx2609b924e33ef00b648a409245c7ea394c467824,cxa0af3165c08318e988cb30993b3048335b94af6c,cx21e94c08c03daee80c25d8ee3ea22a20786ec231,0xa2a0fd294132a4dfc5,0xf35bbb86f0318d01be4fa011c05714caef164da83ece18fde1e373a25a4357a1,2,97789041,2999.973013516123,1748273949980184,Staked ICX,0.1127098125,sICX,0,1,2025-05-26
cx88fd7df7ddff82f7cc735c871dc519838cb235bb,cx21e94c08c03daee80c25d8ee3ea22a20786ec231,cxa0af3165c08318e988cb30993b3048335b94af6c,0x18f189da28f192ada0,0xf35bbb86f0318d01be4fa011c05714caef164da83ece18fde1e373a25a4357a1,1,97789041,460.1265398733657,1748273949980184,Balanced Dollar,0.1127098125,bnUSD,0,1,2025-05-26
cx88fd7df7ddff82f7cc735c871dc519838cb235bb,hx2debd9ec927cca1639da8d3518dd9dbf1cdfb357,cx21e94c08c03daee80c25d8ee3ea22a20786ec231,0x18f189da28f192ada0,0xf35bbb86f0318d01be4fa011c05714caef164da83ece18fde1e373a25a4357a1,0,97789041,460.1265398733657,1748273949980184,Balanced Dollar,0.1127098125,bnUSD,0,1,2025-05-26
cx88fd7df7ddff82f7cc735c871dc519838cb235bb,cxa0af3165c08318e988cb30993b3048335b94af6c,cx5faae53c4dbd1fbe4a2eb4aab6565030f10da5c6,0x2f3705c7fcd2be7,0x81be32ead1d9ce93642dbf6420b9bcaef8fc7ca676dcecc1b8bc40a7ac67466e,2,97789040,0.21263714999999997,1748273947807375,Balanced Dollar,0.0563089625,bnUSD,0,1,2025-05-26
cx66a031cc3bd305c76371fb586e93801b948254f0,cxa0af3165c08318e988cb30993b3048335b94af6c,hxd75467e3e4ce64e3424c747dfb71503017440433,0x537837f74d89710b,0x81be32ead1d9ce93642dbf6420b9bcaef8fc7ca676dcecc1b8bc40a7ac67466e,1,97789040,6.0146188376506,1748273947807375,Avalanche,0.0563089625,AVAX,0,1,2025-05-26
cx88fd7df7ddff82f7cc735c871dc519838cb235bb,hxd75467e3e4ce64e3424c747dfb71503017440433,cxa0af3165c08318e988cb30993b3048335b94af6c,0x7af49f0e2264d0000,0x81be32ead1d9ce93642dbf6420b9bcaef8fc7ca676dcecc1b8bc40a7ac67466e,0,97789040,141.75809999999998,1748273947807375,Balanced Dollar,0.0563089625,bnUSD,0,1,2025-05-26
cx88fd7df7ddff82f7cc735c871dc519838cb235bb,cxa0af3165c08318e988cb30993b3048335b94af6c,cx5faae53c4dbd1fbe4a2eb4aab6565030f10da5c6,0x2e7ba07b75ed418,0x658bbf749460bc9626cf947649ff4a4689cb2069681a254f1c6c060af0d41a52,2,97789032,0.20934045,1748273931753130,Balanced Dollar,0.0563762625,bnUSD,0,1,2025-05-26
cx4297f4b63262507623b6ad575d0d8dd2db980e4e,cxa0af3165c08318e988cb30993b3048335b94af6c,hxd75467e3e4ce64e3424c747dfb71503017440433,0x8b212c97020f8b18,0x658bbf749460bc9626cf947649ff4a4689cb2069681a254f1c6c060af0d41a52,1,97789032,10.025343272589692,1748273931753130,Injective,0.0563762625,INJ,0,1,2025-05-26
cx88fd7df7ddff82f7cc735c871dc519838cb235bb,hxd75467e3e4ce64e3424c747dfb71503017440433,cxa0af3165c08318e988cb30993b3048335b94af6c,0x790c9c96d86f30000,0x658bbf749460bc9626cf947649ff4a4689cb2069681a254f1c6c060af0d41a52,0,97789032,139.5603,1748273931753130,Balanced Dollar,0.0563762625,bnUSD,0,1,2025-05-26
cx88fd7df7ddff82f7cc735c871dc519838cb235bb,cxa0af3165c08318e988cb30993b3048335b94af6c,cx5faae53c4dbd1fbe4a2eb4aab6565030f10da5c6,0x2f31e96b2309000,0xc586053b784d0defe4d761e9e1210c5483e31864120c6ed5324895531051dcb0,2,97789027,0.21254724,1748273921762575,Balanced Dollar,0.0563089625,bnUSD,0,1,2025-05-26
cx66a031cc3bd305c76371fb586e93801b948254f0,cxa0af3165c08318e988cb30993b3048335b94af6c,hxd75467e3e4ce64e3424c747dfb71503017440433,0x53852ef8046d8036,0xc586053b784d0defe4d761e9e1210c5483e31864120c6ed5324895531051dcb0,1,97789027,6.018268119811588,1748273921762575,Avalanche,0.0563089625,AVAX,0,1,2025-05-26
cx88fd7df7ddff82f7cc735c871dc519838cb235bb,hxd75467e3e4ce64e3424c747dfb71503017440433,cxa0af3165c08318e988cb30993b3048335b94af6c,0x7ae74fdc55e770000,0xc586053b784d0defe4d761e9e1210c5483e31864120c6ed5324895531051dcb0,0,97789027,141.69816,1748273921762575,Balanced Dollar,0.0563089625,bnUSD,0,1,2025-05-26
cx88fd7df7ddff82f7cc735c871dc519838cb235bb,cxa0af3165c08318e988cb30993b3048335b94af6c,cx5faae53c4dbd1fbe4a2eb4aab6565030f10da5c6,0x2e6a9745f54cc00,0x6b48f253f67c87517699dbbbeef861081fbd972f8b0461164ebebbab16032344,2,97788987,0.20904075,1748273841735242,Balanced Dollar,0.0563762625,bnUSD,0,1,2025-05-26
cx4297f4b63262507623b6ad575d0d8dd2db980e4e,cxa0af3165c08318e988cb30993b3048335b94af6c,hxd75467e3e4ce64e3424c747dfb71503017440433,0x8b1be0b71cd614aa,0x6b48f253f67c87517699dbbbeef861081fbd972f8b0461164ebebbab16032344,1,97788987,10.0238524727106,1748273841735242,Injective,0.0563762625,INJ,0,1,2025-05-26
cx88fd7df7ddff82f7cc735c871dc519838cb235bb,hxd75467e3e4ce64e3424c747dfb71503017440433,cxa0af3165c08318e988cb30993b3048335b94af6c,0x78e03f462ecd34000,0x6b48f253f67c87517699dbbbeef861081fbd972f8b0461164ebebbab16032344,0,97788987,139.3605,1748273841735242,Balanced Dollar,0.0563762625,bnUSD,0,1,2025-05-26
cx88fd7df7ddff82f7cc735c871dc519838cb235bb,cxa0af3165c08318e988cb30993b3048335b94af6c,cx5faae53c4dbd1fbe4a2eb4aab6565030f10da5c6,0x2e598e1074ac418,0xf814640b63a73edae087f7ac84c31311a057e6218abb3516ae63571a26a9c430,2,97788978,0.20874105,1748273823726214,Balanced Dollar,0.0563762625,bnUSD,0,1,2025-05-26
cx4297f4b63262507623b6ad575d0d8dd2db980e4e,cxa0af3165c08318e988cb30993b3048335b94af6c,hxd75467e3e4ce64e3424c747dfb71503017440433,0x8b16790be97a3288,0xf814640b63a73edae087f7ac84c31311a057e6218abb3516ae63571a26a9c430,1,97788978,10.022331112828319,1748273823726214,Injective,0.0563762625,INJ,0,1,2025-05-26
cx88fd7df7ddff82f7cc735c871dc519838cb235bb,hxd75467e3e4ce64e3424c747dfb71503017440433,cxa0af3165c08318e988cb30993b3048335b94af6c,0x78b3e1f5852b40000,0xf814640b63a73edae087f7ac84c31311a057e6218abb3516ae63571a26a9c430,0,97788978,139.16070000000002,1748273823726214,Balanced Dollar,0.0563762625,bnUSD,0,1,2025-05-26
cx88fd7df7ddff82f7cc735c871dc519838cb235bb,cxa0af3165c08318e988cb30993b3048335b94af6c,cx5faae53c4dbd1fbe4a2eb4aab6565030f10da5c6,0x2e4884daf40bbe7,0xee47d93efed7a45c85ba4b1acff77a06efe56c71c4657be025946cbeabbc469e,2,97788884,0.20844134999999997,1748273635682183,Balanced Dollar,0.0563762625,bnUSD,0,1,2025-05-26
cx4297f4b63262507623b6ad575d0d8dd2db980e4e,cxa0af3165c08318e988cb30993b3048335b94af6c,hxd75467e3e4ce64e3424c747dfb71503017440433,0x8b10f58513d2b6ee,0xee47d93efed7a45c85ba4b1acff77a06efe56c71c4657be025946cbeabbc469e,1,97788884,10.020779122811385,1748273635682183,Injective,0.0563762625,INJ,0,1,2025-05-26
cx88fd7df7ddff82f7cc735c871dc519838cb235bb,hxd75467e3e4ce64e3424c747dfb71503017440433,cxa0af3165c08318e988cb30993b3048335b94af6c,0x788784a4db8940000,0xee47d93efed7a45c85ba4b1acff77a06efe56c71c4657be025946cbeabbc469e,0,97788884,138.96089999999998,1748273635682183,Balanced Dollar,0.0563762625,bnUSD,0,1,2025-05-26
cx88fd7df7ddff82f7cc735c871dc519838cb235bb,cxa0af3165c08318e988cb30993b3048335b94af6c,cx5faae53c4dbd1fbe4a2eb4aab6565030f10da5c6,0x2e4884daf40bbe7,0x879bf37177ca99100237e57f4a7bbb9a0853a09392f34b19040bf9fec9a232f1,2,97788878,0.20844134999999997,1748273623670134,Balanced Dollar,0.0563762625,bnUSD,0,1,2025-05-26
cx4297f4b63262507623b6ad575d0d8dd2db980e4e,cxa0af3165c08318e988cb30993b3048335b94af6c,hxd75467e3e4ce64e3424c747dfb71503017440433,0x8b3e9f4eb8bb7169,0x879bf37177ca99100237e57f4a7bbb9a0853a09392f34b19040bf9fec9a232f1,1,97788878,10.0336321802836,1748273623670134,Injective,0.0563762625,INJ,0,1,2025-05-26
cx88fd7df7ddff82f7cc735c871dc519838cb235bb,hxd75467e3e4ce64e3424c747dfb71503017440433,cxa0af3165c08318e988cb30993b3048335b94af6c,0x788784a4db8940000,0x879bf37177ca99100237e57f4a7bbb9a0853a09392f34b19040bf9fec9a232f1,0,97788878,138.96089999999998,1748273623670134,Balanced Dollar,0.0563762625,bnUSD,0,1,2025-05-26
cx2609b924e33ef00b648a409245c7ea394c467824,cx21e94c08c03daee80c25d8ee3ea22a20786ec231,hx2debd9ec927cca1639da8d3518dd9dbf1cdfb357,0xa2a0fd293fc291dbed,0x68bc4332711d0b798288060a2d40332f00ade24f291b6b832316d3f280f95acf,5,97788874,2999.9730135099476,1748273615664853,Staked ICX,0.1127098125,sICX,0,1,2025-05-26
cx88fd7df7ddff82f7cc735c871dc519838cb235bb,cxa0af3165c08318e988cb30993b3048335b94af6c,cx5faae53c4dbd1fbe4a2eb4aab6565030f10da5c6,0x99197537502b3f4,0x68bc4332711d0b798288060a2d40332f00ade24f291b6b832316d3f280f95acf,3,97788874,0.6894986026655877,1748273615664853,Balanced Dollar,0.1127098125,bnUSD,0,1,2025-05-26
cx2609b924e33ef00b648a409245c7ea394c467824,cxa0af3165c08318e988cb30993b3048335b94af6c,cx21e94c08c03daee80c25d8ee3ea22a20786ec231,0xa2a0fd293fc291dbed,0x68bc4332711d0b798288060a2d40332f00ade24f291b6b832316d3f280f95acf,2,97788874,2999.9730135099476,1748273615664853,Staked ICX,0.1127098125,sICX,0,1,2025-05-26
cx88fd7df7ddff82f7cc735c871dc519838cb235bb,cx21e94c08c03daee80c25d8ee3ea22a20786ec231,cxa0af3165c08318e988cb30993b3048335b94af6c,0x18eb24beab61b4a0c0,0x68bc4332711d0b798288060a2d40332f00ade24f291b6b832316d3f280f95acf,1,97788874,459.6657351103918,1748273615664853,Balanced Dollar,0.1127098125,bnUSD,0,1,2025-05-26
cx88fd7df7ddff82f7cc735c871dc519838cb235bb,hx2debd9ec927cca1639da8d3518dd9dbf1cdfb357,cx21e94c08c03daee80c25d8ee3ea22a20786ec231,0x18eb24beab61b4a0c0,0x68bc4332711d0b798288060a2d40332f00ade24f291b6b832316d3f280f95acf,0,97788874,459.6657351103918,1748273615664853,Balanced Dollar,0.1127098125,bnUSD,0,1,2025-05-26
cx88fd7df7ddff82f7cc735c871dc519838cb235bb,cxa0af3165c08318e988cb30993b3048335b94af6c,cx5faae53c4dbd1fbe4a2eb4aab6565030f10da5c6,0x2f2ccd0e493f3e7,0x7b65e8d646ca5da68ddc7726b1579c3447a012a95d84542a6c0f0f5059a7fbf3,2,97788871,0.21245732999999997,1748273609662455,Balanced Dollar,0.0563089625,bnUSD,0,1,2025-05-26
cx66a031cc3bd305c76371fb586e93801b948254f0,cxa0af3165c08318e988cb30993b3048335b94af6c,hxd75467e3e4ce64e3424c747dfb71503017440433,0x539227865c63b439,0x7b65e8d646ca5da68ddc7726b1579c3447a012a95d84542a6c0f0f5059a7fbf3,1,97788871,6.021919109776913,1748273609662455,Avalanche,0.0563089625,AVAX,0,1,2025-05-26
cx88fd7df7ddff82f7cc735c871dc519838cb235bb,hxd75467e3e4ce64e3424c747dfb71503017440433,cxa0af3165c08318e988cb30993b3048335b94af6c,0x7ada00aa896a08000,0x7b65e8d646ca5da68ddc7726b1579c3447a012a95d84542a6c0f0f5059a7fbf3,0,97788871,141.63822,1748273609662455,Balanced Dollar,0.0563089625,bnUSD,0,1,2025-05-26
cx65c9e3d4fea842e00add0d32a5b4c5e4e04c7a6b,cx21e94c08c03daee80c25d8ee3ea22a20786ec231,hx2debd9ec927cca1639da8d3518dd9dbf1cdfb357,0xb2cff4c4,0xe0361e52762093cb1cd409c58b877132322612f041fdbb8813a1711211c8e75f,5,97788870,2.99997306,1748273607664613,Solana,0.07801055,SOL,0,1,2025-05-26
cx88fd7df7ddff82f7cc735c871dc519838cb235bb,cxa0af3165c08318e988cb30993b3048335b94af6c,cx5faae53c4dbd1fbe4a2eb4aab6565030f10da5c6,0xb2642eb5b8ee24c,0xe0361e52762093cb1cd409c58b877132322612f041fdbb8813a1711211c8e75f,3,97788870,0.8034031621530507,1748273607664613,Balanced Dollar,0.07801055,bnUSD,0,1,2025-05-26
cx65c9e3d4fea842e00add0d32a5b4c5e4e04c7a6b,cxa0af3165c08318e988cb30993b3048335b94af6c,cx21e94c08c03daee80c25d8ee3ea22a20786ec231,0xb2cff4c4,0xe0361e52762093cb1cd409c58b877132322612f041fdbb8813a1711211c8e75f,2,97788870,2.99997306,1748273607664613,Solana,0.07801055,SOL,0,1,2025-05-26
cx88fd7df7ddff82f7cc735c871dc519838cb235bb,cx21e94c08c03daee80c25d8ee3ea22a20786ec231,cxa0af3165c08318e988cb30993b3048335b94af6c,0x1d08f8ef93c417fb40,0xe0361e52762093cb1cd409c58b877132322612f041fdbb8813a1711211c8e75f,1,97788870,535.6021081020338,1748273607664613,Balanced Dollar,0.07801055,bnUSD,0,1,2025-05-26
cx88fd7df7ddff82f7cc735c871dc519838cb235bb,hx2debd9ec927cca1639da8d3518dd9dbf1cdfb357,cx21e94c08c03daee80c25d8ee3ea22a20786ec231,0x1d08f8ef93c417fb40,0xe0361e52762093cb1cd409c58b877132322612f041fdbb8813a1711211c8e75f,0,97788870,535.6021081020338,1748273607664613,Balanced Dollar,0.07801055,bnUSD,0,1,2025-05-26
cx88fd7df7ddff82f7cc735c871dc519838cb235bb,cxa0af3165c08318e988cb30993b3048335b94af6c,cx5faae53c4dbd1fbe4a2eb4aab6565030f10da5c6,0x2e40004033bb7e7,0x4ab779cfc0735d05cd18c8dec66208ac734c31e69aab80eef423e9f39301f19e,2,97788866,0.20829149999999996,1748273599827289,Balanced Dollar,0.0563762625,bnUSD,0,1,2025-05-26
cx4297f4b63262507623b6ad575d0d8dd2db980e4e,cxa0af3165c08318e988cb30993b3048335b94af6c,hxd75467e3e4ce64e3424c747dfb71503017440433,0x8b52b28e86861a72,0x4ab779cfc0735d05cd18c8dec66208ac734c31e69aab80eef423e9f39301f19e,1,97788866,10.039282844574293,1748273599827289,Injective,0.0563762625,INJ,0,1,2025-05-26
cx88fd7df7ddff82f7cc735c871dc519838cb235bb,hxd75467e3e4ce64e3424c747dfb71503017440433,cxa0af3165c08318e988cb30993b3048335b94af6c,0x787155fc86b844000,0x4ab779cfc0735d05cd18c8dec66208ac734c31e69aab80eef423e9f39301f19e,0,97788866,138.861,1748273599827289,Balanced Dollar,0.0563762625,bnUSD,0,1,2025-05-26
cx88fd7df7ddff82f7cc735c871dc519838cb235bb,cxa0af3165c08318e988cb30993b3048335b94af6c,cx5faae53c4dbd1fbe4a2eb4aab6565030f10da5c6,0x2e4884daf40bbe7,0x8b587101d27106b4abf1d69aeabab387267136431e28dec34d851765e2bf4d06,2,97788861,0.20844134999999997,1748273589669821,Balanced Dollar,0.0563762625,bnUSD,0,1,2025-05-26
cx4297f4b63262507623b6ad575d0d8dd2db980e4e,cxa0af3165c08318e988cb30993b3048335b94af6c,hxd75467e3e4ce64e3424c747dfb71503017440433,0x8b9a2e0753891b6d,0x8b587101d27106b4abf1d69aeabab387267136431e28dec34d851765e2bf4d06,1,97788861,10.059403326686567,1748273589669821,Injective,0.0563762625,INJ,0,1,2025-05-26
cx88fd7df7ddff82f7cc735c871dc519838cb235bb,hxd75467e3e4ce64e3424c747dfb71503017440433,cxa0af3165c08318e988cb30993b3048335b94af6c,0x788784a4db8940000,0x8b587101d27106b4abf1d69aeabab387267136431e28dec34d851765e2bf4d06,0,97788861,138.96089999999998,1748273589669821,Balanced Dollar,0.0563762625,bnUSD,0,1,2025-05-26
cx2609b924e33ef00b648a409245c7ea394c467824,cx21e94c08c03daee80c25d8ee3ea22a20786ec231,hx2debd9ec927cca1639da8d3518dd9dbf1cdfb357,0xa2a0fd293e0c6c0a9e,0x9cae5c303cb27bba82faf5af139da60578e3311a4182633c9ed624dda665cbdf,5,97788860,2999.9730135025966,1748273587687424,Staked ICX,0.1127098125,sICX,0,1,2025-05-26
cx88fd7df7ddff82f7cc735c871dc519838cb235bb,cxa0af3165c08318e988cb30993b3048335b94af6c,cx5faae53c4dbd1fbe4a2eb4aab6565030f10da5c6,0x98f239ed40e82d6,0x9cae5c303cb27bba82faf5af139da60578e3311a4182633c9ed624dda665cbdf,3,97788860,0.688808433080501,1748273587687424,Balanced Dollar,0.1127098125,bnUSD,0,1,2025-05-26
cx2609b924e33ef00b648a409245c7ea394c467824,cxa0af3165c08318e988cb30993b3048335b94af6c,cx21e94c08c03daee80c25d8ee3ea22a20786ec231,0xa2a0fd293e0c6c0a9e,0x9cae5c303cb27bba82faf5af139da60578e3311a4182633c9ed624dda665cbdf,2,97788860,2999.9730135025966,1748273587687424,Staked ICX,0.1127098125,sICX,0,1,2025-05-26
cx88fd7df7ddff82f7cc735c871dc519838cb235bb,cx21e94c08c03daee80c25d8ee3ea22a20786ec231,cxa0af3165c08318e988cb30993b3048335b94af6c,0x18e4c218483b1f62a0,0x9cae5c303cb27bba82faf5af139da60578e3311a4182633c9ed624dda665cbdf,1,97788860,459.2056220536673,1748273587687424,Balanced Dollar,0.1127098125,bnUSD,0,1,2025-05-26
cx88fd7df7ddff82f7cc735c871dc519838cb235bb,hx2debd9ec927cca1639da8d3518dd9dbf1cdfb357,cx21e94c08c03daee80c25d8ee3ea22a20786ec231,0x18e4c218483b1f62a0,0x9cae5c303cb27bba82faf5af139da60578e3311a4182633c9ed624dda665cbdf,0,97788860,459.2056220536673,1748273587687424,Balanced Dollar,0.1127098125,bnUSD,0,1,2025-05-26
cx88fd7df7ddff82f7cc735c871dc519838cb235bb,cxa0af3165c08318e988cb30993b3048335b94af6c,cx5faae53c4dbd1fbe4a2eb4aab6565030f10da5c6,0x2e15693a722a400,0x31d8ce3e19a86c2f5176179f44b0a490588319c3edd9276d90d15624c9fc6a9e,2,97788851,0.20754225,1748273569639448,Balanced Dollar,0.0563762625,bnUSD,0,1,2025-05-26
cx4297f4b63262507623b6ad575d0d8dd2db980e4e,cxa0af3165c08318e988cb30993b3048335b94af6c,hxd75467e3e4ce64e3424c747dfb71503017440433,0x8b2da7e876d6cdb6,0x31d8ce3e19a86c2f5176179f44b0a490588319c3edd9276d90d15624c9fc6a9e,1,97788851,10.028856562092002,1748273569639448,Injective,0.0563762625,INJ,0,1,2025-05-26
cx88fd7df7ddff82f7cc735c871dc519838cb235bb,hxd75467e3e4ce64e3424c747dfb71503017440433,cxa0af3165c08318e988cb30993b3048335b94af6c,0x78026cb2dea35c000,0x31d8ce3e19a86c2f5176179f44b0a490588319c3edd9276d90d15624c9fc6a9e,0,97788851,138.3615,1748273569639448,Balanced Dollar,0.0563762625,bnUSD,0,1,2025-05-26
cx66a031cc3bd305c76371fb586e93801b948254f0,cx21e94c08c03daee80c25d8ee3ea22a20786ec231,hx2debd9ec927cca1639da8d3518dd9dbf1cdfb357,0x1158da29b05bd9300,0x69242047e8f075d65f6860f2d23e4609a97cb017a164e27dfb60a9d2b8927cdd,5,97788828,19.99982030692218,1748273523636032,Avalanche,0.0882961875,AVAX,0,1,2025-05-26
cx88fd7df7ddff82f7cc735c871dc519838cb235bb,cxa0af3165c08318e988cb30993b3048335b94af6c,cx5faae53c4dbd1fbe4a2eb4aab6565030f10da5c6,0x9c54077de08ceb4,0x69242047e8f075d65f6860f2d23e4609a97cb017a164e27dfb60a9d2b8927cdd,3,97788828,0.7040398003237557,1748273523636032,Balanced Dollar,0.0882961875,bnUSD,0,1,2025-05-26
cx66a031cc3bd305c76371fb586e93801b948254f0,cxa0af3165c08318e988cb30993b3048335b94af6c,cx21e94c08c03daee80c25d8ee3ea22a20786ec231,0x1158da29b05bd9300,0x69242047e8f075d65f6860f2d23e4609a97cb017a164e27dfb60a9d2b8927cdd,2,97788828,19.99982030692218,1748273523636032,Avalanche,0.0882961875,AVAX,0,1,2025-05-26
cx88fd7df7ddff82f7cc735c871dc519838cb235bb,cx21e94c08c03daee80c25d8ee3ea22a20786ec231,cxa0af3165c08318e988cb30993b3048335b94af6c,0x1971ad38278c44f4c0,0x69242047e8f075d65f6860f2d23e4609a97cb017a164e27dfb60a9d2b8927cdd,1,97788828,469.3598668825038,1748273523636032,Balanced Dollar,0.0882961875,bnUSD,0,1,2025-05-26
cx88fd7df7ddff82f7cc735c871dc519838cb235bb,hx2debd9ec927cca1639da8d3518dd9dbf1cdfb357,cx21e94c08c03daee80c25d8ee3ea22a20786ec231,0x1971ad38278c44f4c0,0x69242047e8f075d65f6860f2d23e4609a97cb017a164e27dfb60a9d2b8927cdd,0,97788828,469.3598668825038,1748273523636032,Balanced Dollar,0.0882961875,bnUSD,0,1,2025-05-26
cx4297f4b63262507623b6ad575d0d8dd2db980e4e,cx21e94c08c03daee80c25d8ee3ea22a20786ec231,hx2debd9ec927cca1639da8d3518dd9dbf1cdfb357,0x1a05473f54185530c,0xdf764b7857ceab276d571e2412f765535d9f3bbee6c67dce369298b51141b3e7,5,97788686,29.999730515025156,1748273237102409,Injective,0.0884047375,INJ,0,1,2025-05-26
cx88fd7df7ddff82f7cc735c871dc519838cb235bb,cxa0af3165c08318e988cb30993b3048335b94af6c,cx5faae53c4dbd1fbe4a2eb4aab6565030f10da5c6,0x898028d60cdb762,0xdf764b7857ceab276d571e2412f765535d9f3bbee6c67dce369298b51141b3e7,3,97788686,0.619247755001182,1748273237102409,Balanced Dollar,0.0884047375,bnUSD,0,1,2025-05-26
cx4297f4b63262507623b6ad575d0d8dd2db980e4e,cxa0af3165c08318e988cb30993b3048335b94af6c,cx21e94c08c03daee80c25d8ee3ea22a20786ec231,0x1a05473f54185530c,0xdf764b7857ceab276d571e2412f765535d9f3bbee6c67dce369298b51141b3e7,2,97788686,29.999730515025156,1748273237102409,Injective,0.0884047375,INJ,0,1,2025-05-26
cx88fd7df7ddff82f7cc735c871dc519838cb235bb,cx21e94c08c03daee80c25d8ee3ea22a20786ec231,cxa0af3165c08318e988cb30993b3048335b94af6c,0x166131502c17b839e0,0xdf764b7857ceab276d571e2412f765535d9f3bbee6c67dce369298b51141b3e7,1,97788686,412.8318366674547,1748273237102409,Balanced Dollar,0.0884047375,bnUSD,0,1,2025-05-26
cx88fd7df7ddff82f7cc735c871dc519838cb235bb,hx2debd9ec927cca1639da8d3518dd9dbf1cdfb357,cx21e94c08c03daee80c25d8ee3ea22a20786ec231,0x166131502c17b839e0,0xdf764b7857ceab276d571e2412f765535d9f3bbee6c67dce369298b51141b3e7,0,97788686,412.8318366674547,1748273237102409,Balanced Dollar,0.0884047375,bnUSD,0,1,2025-05-26
cx4297f4b63262507623b6ad575d0d8dd2db980e4e,cx21e94c08c03daee80c25d8ee3ea22a20786ec231,hx2debd9ec927cca1639da8d3518dd9dbf1cdfb357,0x1a05473f50735462b,0xebc0e23a12c20f860154067a44fb0de7890a42c9d95d50ebbe036309268ce3e5,10,97788576,29.99973051404683,1748273015724849,Injective,0.1305103875,INJ,0,1,2025-05-26
cx88fd7df7ddff82f7cc735c871dc519838cb235bb,cx203d9cd2a669be67177e997b8948ce2c35caffae,cx835b300dcfe01f0bdb794e134a0c5628384f4367,0x22771e0d512b8a96,0xebc0e23a12c20f860154067a44fb0de7890a42c9d95d50ebbe036309268ce3e5,7,97788576,2.483486762063334,1748273015724849,Balanced Dollar,0.1305103875,bnUSD,0,1,2025-05-26
cx88fd7df7ddff82f7cc735c871dc519838cb235bb,cx5faae53c4dbd1fbe4a2eb4aab6565030f10da5c6,cx203d9cd2a669be67177e997b8948ce2c35caffae,0x313c7413063e33b3,0xebc0e23a12c20f860154067a44fb0de7890a42c9d95d50ebbe036309268ce3e5,5,97788576,3.5478382315190484,1748273015724849,Balanced Dollar,0.1305103875,bnUSD,0,1,2025-05-26
cx88fd7df7ddff82f7cc735c871dc519838cb235bb,cx5faae53c4dbd1fbe4a2eb4aab6565030f10da5c6,cxdc30a0d3a1f131565c071272a20bc0b06fd4c17b,0x313c7413063e33b2,0xebc0e23a12c20f860154067a44fb0de7890a42c9d95d50ebbe036309268ce3e5,4,97788576,3.5478382315190484,1748273015724849,Balanced Dollar,0.1305103875,bnUSD,0,1,2025-05-26
cx88fd7df7ddff82f7cc735c871dc519838cb235bb,cxa0af3165c08318e988cb30993b3048335b94af6c,cx5faae53c4dbd1fbe4a2eb4aab6565030f10da5c6,0x88fa06976a82ef2,0xebc0e23a12c20f860154067a44fb0de7890a42c9d95d50ebbe036309268ce3e5,3,97788576,0.6168880487957911,1748273015724849,Balanced Dollar,0.1305103875,bnUSD,0,1,2025-05-26
cx4297f4b63262507623b6ad575d0d8dd2db980e4e,cxa0af3165c08318e988cb30993b3048335b94af6c,cx21e94c08c03daee80c25d8ee3ea22a20786ec231,0x1a05473f50735462b,0xebc0e23a12c20f860154067a44fb0de7890a42c9d95d50ebbe036309268ce3e5,2,97788576,29.99973051404683,1748273015724849,Injective,0.1305103875,INJ,0,1,2025-05-26
cx88fd7df7ddff82f7cc735c871dc519838cb235bb,cx21e94c08c03daee80c25d8ee3ea22a20786ec231,cxa0af3165c08318e988cb30993b3048335b94af6c,0x164b5c67fa55fa40e0,0xebc0e23a12c20f860154067a44fb0de7890a42c9d95d50ebbe036309268ce3e5,1,97788576,411.25869919719406,1748273015724849,Balanced Dollar,0.1305103875,bnUSD,0,1,2025-05-26
cx88fd7df7ddff82f7cc735c871dc519838cb235bb,hx2debd9ec927cca1639da8d3518dd9dbf1cdfb357,cx21e94c08c03daee80c25d8ee3ea22a20786ec231,0x164b5c67fa55fa40e0,0xebc0e23a12c20f860154067a44fb0de7890a42c9d95d50ebbe036309268ce3e5,0,97788576,411.25869919719406,1748273015724849,Balanced Dollar,0.1305103875,bnUSD,0,1,2025-05-26
cxd17316e24ee40f2ef8ed6f3a497311db1b35206d,hxf662476d85bc58ee7aa203810238e0b791afc1c8,hx0000000000000000000000000000000000000000,0x0,0xeef15ad23f9777123c64f5ab1fe4328943cc5236e4d05af2e50209c0909f2e51,20,97788172,0.0,1748272204011164,unknown_token,0.088311625,$unknown,5,1,2025-05-26
cxd17316e24ee40f2ef8ed6f3a497311db1b35206d,hx9645117f1b0c7181a126c7f4f222caefc6ee7a61,hx0000000000000000000000000000000000000000,0x0,0xeef15ad23f9777123c64f5ab1fe4328943cc5236e4d05af2e50209c0909f2e51,19,97788172,0.0,1748272204011164,unknown_token,0.088311625,$unknown,6,1,2025-05-26
cxd17316e24ee40f2ef8ed6f3a497311db1b35206d,hx8026678e3d08ba3203ce6161ee8e9e3b9793491f,hx0000000000000000000000000000000000000000,0x0,0xeef15ad23f9777123c64f5ab1fe4328943cc5236e4d05af2e50209c0909f2e51,18,97788172,0.0,1748272204011164,unknown_token,0.088311625,$unknown,34,1,2025-05-26
cxd17316e24ee40f2ef8ed6f3a497311db1b35206d,hx3c72c692480ee86cef5aa9dcf48fdb3d6dd05e14,hx0000000000000000000000000000000000000000,0x0,0xeef15ad23f9777123c64f5ab1fe4328943cc5236e4d05af2e50209c0909f2e51,17,97788172,0.0,1748272204011164,unknown_token,0.088311625,$unknown,34,1,2025-05-26
cxd17316e24ee40f2ef8ed6f3a497311db1b35206d,hx2bb99e89ba7649494e66d29ff21f16f5c6623b3a,hx0000000000000000000000000000000000000000,0x0,0xeef15ad23f9777123c64f5ab1fe4328943cc5236e4d05af2e50209c0909f2e51,16,97788172,0.0,1748272204011164,unknown_token,0.088311625,$unknown,34,1,2025-05-26
cxd17316e24ee40f2ef8ed6f3a497311db1b35206d,hx57d3b7ed838ee62c6cf00f327c4904b229075261,hx0000000000000000000000000000000000000000,0x0,0xeef15ad23f9777123c64f5ab1fe4328943cc5236e4d05af2e50209c0909f2e51,15,97788172,0.0,1748272204011164,unknown_token,0.088311625,$unknown,34,1,2025-05-26
cxd17316e24ee40f2ef8ed6f3a497311db1b35206d,hx9645117f1b0c7181a126c7f4f222caefc6ee7a61,hx0000000000000000000000000000000000000000,0x0,0xeef15ad23f9777123c64f5ab1fe4328943cc5236e4d05af2e50209c0909f2e51,14,97788172,0.0,1748272204011164,unknown_token,0.088311625,$unknown,34,1,2025-05-26
cx88fd7df7ddff82f7cc735c871dc519838cb235bb,cxa0af3165c08318e988cb30993b3048335b94af6c,hx4dc7903504bb800a462378348a42f53742759e0b,0x1397421245a690d,0xab48270737cad0b10ce928519b404b923a5279ec38ec5a314e3449dad7061a0d,3,97787583,0.08822935340308302,1748271020986748,Balanced Dollar,0.0347527125,bnUSD,0,3,2025-05-26
cx07b184a37f03c6ab681fcbd0b45aec6dc3eafbeb,hx4dc7903504bb800a462378348a42f53742759e0b,cxa0af3165c08318e988cb30993b3048335b94af6c,0xf0ffb5e8f20e,0xcca5c4b400f12406041fd2c013009911b77cab15bce437153c431c9b5b156363,0,97787583,0.000264981059269134,1748271020986748,Bitcoin,0.0215937625,BTC,0,2,2025-05-26
cx88fd7df7ddff82f7cc735c871dc519838cb235bb,hx4dc7903504bb800a462378348a42f53742759e0b,cxa0af3165c08318e988cb30993b3048335b94af6c,0x194cb8ff30b32f000,0x37611c0a1c8ef6663576e2f3f5cadbffa6438b6e111be4f67d6c7e93341cea60,0,97787583,29.168565685622863,1748271020986748,Balanced Dollar,0.02221895,bnUSD,0,1,2025-05-26
cx07b184a37f03c6ab681fcbd0b45aec6dc3eafbeb,cx21e94c08c03daee80c25d8ee3ea22a20786ec231,hx4dc7903504bb800a462378348a42f53742759e0b,0xf11e916521a3,0x93d4be3ee136086d51e9eb8527336ed8fab2f168040297a2cad2b959c2f5c1ba,13,97787581,0.000265113590636963,1748271017087658,Bitcoin,0.2590175625,BTC,0,2,2025-05-26
cx88fd7df7ddff82f7cc735c871dc519838cb235bb,cxa0af3165c08318e988cb30993b3048335b94af6c,cx5faae53c4dbd1fbe4a2eb4aab6565030f10da5c6,0x9b825863be9f4c,0x93d4be3ee136086d51e9eb8527336ed8fab2f168040297a2cad2b959c2f5c1ba,11,97787581,0.043771937532321614,1748271017087658,Balanced Dollar,0.2590175625,bnUSD,0,2,2025-05-26
cx07b184a37f03c6ab681fcbd0b45aec6dc3eafbeb,cxa0af3165c08318e988cb30993b3048335b94af6c,cx21e94c08c03daee80c25d8ee3ea22a20786ec231,0xf11e916521a3,0x93d4be3ee136086d51e9eb8527336ed8fab2f168040297a2cad2b959c2f5c1ba,10,97787581,0.000265113590636963,1748271017087658,Bitcoin,0.2590175625,BTC,0,2,2025-05-26
cx88fd7df7ddff82f7cc735c871dc519838cb235bb,cx21e94c08c03daee80c25d8ee3ea22a20786ec231,cxa0af3165c08318e988cb30993b3048335b94af6c,0x194f8c62e6b142bd1,0x93d4be3ee136086d51e9eb8527336ed8fab2f168040297a2cad2b959c2f5c1ba,9,97787581,29.181291688214408,1748271017087658,Balanced Dollar,0.2590175625,bnUSD,0,2,2025-05-26
cx88fd7df7ddff82f7cc735c871dc519838cb235bb,cxa0af3165c08318e988cb30993b3048335b94af6c,cx5faae53c4dbd1fbe4a2eb4aab6565030f10da5c6,0x9bf8dbc1bc976e,0x93d4be3ee136086d51e9eb8527336ed8fab2f168040297a2cad2b959c2f5c1ba,7,97787581,0.04390224412204018,1748271017087658,Balanced Dollar,0.2590175625,bnUSD,0,2,2025-05-26
cx88fd7df7ddff82f7cc735c871dc519838cb235bb,cxa0af3165c08318e988cb30993b3048335b94af6c,cx21e94c08c03daee80c25d8ee3ea22a20786ec231,0x194f8c62e6b142bd1,0x93d4be3ee136086d51e9eb8527336ed8fab2f168040297a2cad2b959c2f5c1ba,6,97787581,29.181291688214408,1748271017087658,Balanced Dollar,0.2590175625,bnUSD,0,2,2025-05-26
cx2609b924e33ef00b648a409245c7ea394c467824,cx21e94c08c03daee80c25d8ee3ea22a20786ec231,cxa0af3165c08318e988cb30993b3048335b94af6c,0xa66db8513d0ba37d9,0x93d4be3ee136086d51e9eb8527336ed8fab2f168040297a2cad2b959c2f5c1ba,5,97787581,191.87910466901653,1748271017087658,Staked ICX,0.2590175625,sICX,0,2,2025-05-26
cx2609b924e33ef00b648a409245c7ea394c467824,hx0000000000000000000000000000000000000000,cx21e94c08c03daee80c25d8ee3ea22a20786ec231,0xa66db8513d0ba37d9,0x93d4be3ee136086d51e9eb8527336ed8fab2f168040297a2cad2b959c2f5c1ba,3,97787581,191.87910466901653,1748271017087658,Staked ICX,0.2590175625,sICX,0,2,2025-05-26
cx88fd7df7ddff82f7cc735c871dc519838cb235bb,cx21e94c08c03daee80c25d8ee3ea22a20786ec231,hx4dc7903504bb800a462378348a42f53742759e0b,0x194ff66e9b4b2129e,0x1c1033d3dc2b6efe7693feb66e6df8b4f31f857996cc16c90a53f2159bfb8305,9,97787581,29.183157264329086,1748271017087658,Balanced Dollar,0.2014867625,bnUSD,0,1,2025-05-26
cx88fd7df7ddff82f7cc735c871dc519838cb235bb,cxa0af3165c08318e988cb30993b3048335b94af6c,cx5faae53c4dbd1fbe4a2eb4aab6565030f10da5c6,0x9bfb693b1a2560,0x1c1033d3dc2b6efe7693feb66e6df8b4f31f857996cc16c90a53f2159bfb8305,7,97787581,0.043905050771858786,1748271017087658,Balanced Dollar,0.2014867625,bnUSD,0,1,2025-05-26
cx88fd7df7ddff82f7cc735c871dc519838cb235bb,cxa0af3165c08318e988cb30993b3048335b94af6c,cx21e94c08c03daee80c25d8ee3ea22a20786ec231,0x194ff66e9b4b2129e,0x1c1033d3dc2b6efe7693feb66e6df8b4f31f857996cc16c90a53f2159bfb8305,6,97787581,29.183157264329086,1748271017087658,Balanced Dollar,0.2014867625,bnUSD,0,1,2025-05-26
cx2609b924e33ef00b648a409245c7ea394c467824,cx21e94c08c03daee80c25d8ee3ea22a20786ec231,cxa0af3165c08318e988cb30993b3048335b94af6c,0xa66db8513d0ba37d9,0x1c1033d3dc2b6efe7693feb66e6df8b4f31f857996cc16c90a53f2159bfb8305,5,97787581,191.87910466901653,1748271017087658,Staked ICX,0.2014867625,sICX,0,1,2025-05-26
cx2609b924e33ef00b648a409245c7ea394c467824,hx0000000000000000000000000000000000000000,cx21e94c08c03daee80c25d8ee3ea22a20786ec231,0xa66db8513d0ba37d9,0x1c1033d3dc2b6efe7693feb66e6df8b4f31f857996cc16c90a53f2159bfb8305,3,97787581,191.87910466901653,1748271017087658,Staked ICX,0.2014867625,sICX,0,1,2025-05-26
cx518f64edcd35db9044a2de63fdc10abfd5f7d611,cx66d4d90f5f113eba575bf793570135f9b10cece1,hx0000000000000000000000000000000000000000,0x38b0a260,0xba771688fc329f0f77b6d0a89ad3744809cb9fd4fbf6f513a60374336482a771,2,97787427,95.11,1748270706462248,Stellar,0.0660416375,XLM,0,1,2025-05-26
cx88fd7df7ddff82f7cc735c871dc519838cb235bb,cx66d4d90f5f113eba575bf793570135f9b10cece1,hx0000000000000000000000000000000000000000,0x8b83605204ed1288,0x4078bab91a90e674af0f8f29bde64d40aae615645d362abaebbc52dc8e2cfbe9,1,97787358,10.05298469860731,1748270566153637,Balanced Dollar,0.07835875,bnUSD,0,1,2025-05-26
cx88fd7df7ddff82f7cc735c871dc519838cb235bb,cxa0af3165c08318e988cb30993b3048335b94af6c,cx5faae53c4dbd1fbe4a2eb4aab6565030f10da5c6,0x2d6f89abe524f62,0x8c3b51cfe2b6d122613fddb223e36794e2ccdec4d8d3fb69996656244868326b,2,97787255,0.2046241765936536,1748270358670964,Balanced Dollar,0.0569578875,bnUSD,0,1,2025-05-26
cx88fd7df7ddff82f7cc735c871dc519838cb235bb,cxa0af3165c08318e988cb30993b3048335b94af6c,hxd75467e3e4ce64e3424c747dfb71503017440433,0x760ac4f272a2f4315,0x8c3b51cfe2b6d122613fddb223e36794e2ccdec4d8d3fb69996656244868326b,1,97787255,136.09323826923224,1748270358670964,Balanced Dollar,0.0569578875,bnUSD,0,1,2025-05-26
cx4297f4b63262507623b6ad575d0d8dd2db980e4e,hxd75467e3e4ce64e3424c747dfb71503017440433,cxa0af3165c08318e988cb30993b3048335b94af6c,0x8ac7230489e80000,0x8c3b51cfe2b6d122613fddb223e36794e2ccdec4d8d3fb69996656244868326b,0,97787255,10.0,1748270358670964,Injective,0.0569578875,INJ,0,1,2025-05-26
cx88fd7df7ddff82f7cc735c871dc519838cb235bb,cxa0af3165c08318e988cb30993b3048335b94af6c,hx9092a3fc19763f078f069b5406c4433f37b7ea56,0x1,0x4660af2c22a6bf9273da80e0e412bf0eba99d5a8054816da370fffd0bfe08576,3,97787214,1e-18,1748270273158766,Balanced Dollar,0.0347382125,bnUSD,0,1,2025-05-26
cx2609b924e33ef00b648a409245c7ea394c467824,hx9092a3fc19763f078f069b5406c4433f37b7ea56,cxa0af3165c08318e988cb30993b3048335b94af6c,0xa0f1bcc7907693842,0x4a583d2e74ba7b7dc79e771008fd2194dc8880951bf3ccd8c7b04db6dedb2fc6,1,97787207,185.55612929222306,1748270259139850,Staked ICX,0.093032475,sICX,0,1,2025-05-26
cx88fd7df7ddff82f7cc735c871dc519838cb235bb,hx9092a3fc19763f078f069b5406c4433f37b7ea56,cxa0af3165c08318e988cb30993b3048335b94af6c,0x188d7c3c587db9c52,0x6ae5360c00fb340680eafb1c8e3fb85dff98a7ed5eef9feda3271cd546e0fd80,0,97787206,28.307309236015833,1748270257165489,Balanced Dollar,0.02218695,bnUSD,0,1,2025-05-26
cx2609b924e33ef00b648a409245c7ea394c467824,cx21e94c08c03daee80c25d8ee3ea22a20786ec231,hx9092a3fc19763f078f069b5406c4433f37b7ea56,0xa169d3a1af2d05d82,0x0e6f8a1f8858b250f4301bad4d9badb57b04753e62b5f6edf3910ccb20b8a30f,7,97787203,186.0969632646908,1748270251113077,Staked ICX,0.1534743125,sICX,0,1,2025-05-26
cx2609b924e33ef00b648a409245c7ea394c467824,cxa0af3165c08318e988cb30993b3048335b94af6c,cx5faae53c4dbd1fbe4a2eb4aab6565030f10da5c6,0x3e2ad35f3c1833c,0x0e6f8a1f8858b250f4301bad4d9badb57b04753e62b5f6edf3910ccb20b8a30f,4,97787203,0.2799765740848095,1748270251113077,Staked ICX,0.1534743125,sICX,0,1,2025-05-26
cx2609b924e33ef00b648a409245c7ea394c467824,cxa0af3165c08318e988cb30993b3048335b94af6c,cx21e94c08c03daee80c25d8ee3ea22a20786ec231,0xa169d3a1af2d05d82,0x0e6f8a1f8858b250f4301bad4d9badb57b04753e62b5f6edf3910ccb20b8a30f,3,97787203,186.0969632646908,1748270251113077,Staked ICX,0.1534743125,sICX,0,1,2025-05-26
cx3975b43d260fb8ec802cef6e60c2f4d07486f11d,cx21e94c08c03daee80c25d8ee3ea22a20786ec231,cxa0af3165c08318e988cb30993b3048335b94af6c,0xd8d726b7177a80000,0x0e6f8a1f8858b250f4301bad4d9badb57b04753e62b5f6edf3910ccb20b8a30f,2,97787203,250.0,1748270251113077,Wrapped ICX,0.1534743125,wICX,0,1,2025-05-26
cx3975b43d260fb8ec802cef6e60c2f4d07486f11d,hx9092a3fc19763f078f069b5406c4433f37b7ea56,cx21e94c08c03daee80c25d8ee3ea22a20786ec231,0xd8d726b7177a80000,0x0e6f8a1f8858b250f4301bad4d9badb57b04753e62b5f6edf3910ccb20b8a30f,1,97787203,250.0,1748270251113077,Wrapped ICX,0.1534743125,wICX,0,1,2025-05-26
cx3975b43d260fb8ec802cef6e60c2f4d07486f11d,hx0000000000000000000000000000000000000000,hx9092a3fc19763f078f069b5406c4433f37b7ea56,0xd8d726b7177a80000,0x0e6f8a1f8858b250f4301bad4d9badb57b04753e62b5f6edf3910ccb20b8a30f,0,97787203,250.0,1748270251113077,Wrapped ICX,0.1534743125,wICX,0,1,2025-05-26
cx88fd7df7ddff82f7cc735c871dc519838cb235bb,cx21e94c08c03daee80c25d8ee3ea22a20786ec231,hx9092a3fc19763f078f069b5406c4433f37b7ea56,0x188d7c3c587db9c51,0xd504728d4b418f800616c49739e24da9a3c51b082794a1bb5073c0946dda9a18,17,97787199,28.307309236015833,1748270243115420,Balanced Dollar,0.3535341375,bnUSD,0,1,2025-05-26
cx88fd7df7ddff82f7cc735c871dc519838cb235bb,cxa0af3165c08318e988cb30993b3048335b94af6c,cx5faae53c4dbd1fbe4a2eb4aab6565030f10da5c6,0x974d05c10a5108,0xd504728d4b418f800616c49739e24da9a3c51b082794a1bb5073c0946dda9a18,15,97787199,0.04258740859216308,1748270243115420,Balanced Dollar,0.3535341375,bnUSD,0,1,2025-05-26
cx88fd7df7ddff82f7cc735c871dc519838cb235bb,cxa0af3165c08318e988cb30993b3048335b94af6c,cx21e94c08c03daee80c25d8ee3ea22a20786ec231,0x188d7c3c587db9c51,0xd504728d4b418f800616c49739e24da9a3c51b082794a1bb5073c0946dda9a18,14,97787199,28.307309236015833,1748270243115420,Balanced Dollar,0.3535341375,bnUSD,0,1,2025-05-26
cx2609b924e33ef00b648a409245c7ea394c467824,cx21e94c08c03daee80c25d8ee3ea22a20786ec231,cxa0af3165c08318e988cb30993b3048335b94af6c,0xa16c6e2d39a2ef953,0xd504728d4b418f800616c49739e24da9a3c51b082794a1bb5073c0946dda9a18,13,97787199,186.10868924977137,1748270243115420,Staked ICX,0.3535341375,sICX,0,1,2025-05-26
cx2609b924e33ef00b648a409245c7ea394c467824,cx203d9cd2a669be67177e997b8948ce2c35caffae,cx835b300dcfe01f0bdb794e134a0c5628384f4367,0x1911e5580393ad31,0xd504728d4b418f800616c49739e24da9a3c51b082794a1bb5073c0946dda9a18,10,97787199,1.8064770917321722,1748270243115420,Staked ICX,0.3535341375,sICX,0,1,2025-05-26
cx2609b924e33ef00b648a409245c7ea394c467824,cx5faae53c4dbd1fbe4a2eb4aab6565030f10da5c6,cx203d9cd2a669be67177e997b8948ce2c35caffae,0x23d06c3497654090,0xd504728d4b418f800616c49739e24da9a3c51b082794a1bb5073c0946dda9a18,7,97787199,2.5806815596173887,1748270243115420,Staked ICX,0.3535341375,sICX,0,1,2025-05-26
cx2609b924e33ef00b648a409245c7ea394c467824,cx5faae53c4dbd1fbe4a2eb4aab6565030f10da5c6,cxdc30a0d3a1f131565c071272a20bc0b06fd4c17b,0x23d06c3497654090,0xd504728d4b418f800616c49739e24da9a3c51b082794a1bb5073c0946dda9a18,5,97787199,2.5806815596173887,1748270243115420,Staked ICX,0.3535341375,sICX,0,1,2025-05-26
cx2609b924e33ef00b648a409245c7ea394c467824,cxa0af3165c08318e988cb30993b3048335b94af6c,cx5faae53c4dbd1fbe4a2eb4aab6565030f10da5c6,0x3e2bd415565945b,0xd504728d4b418f800616c49739e24da9a3c51b082794a1bb5073c0946dda9a18,4,97787199,0.2799942151536364,1748270243115420,Staked ICX,0.3535341375,sICX,0,1,2025-05-26
cx2609b924e33ef00b648a409245c7ea394c467824,cxa0af3165c08318e988cb30993b3048335b94af6c,cx21e94c08c03daee80c25d8ee3ea22a20786ec231,0xa16c6e2d39a2ef953,0xd504728d4b418f800616c49739e24da9a3c51b082794a1bb5073c0946dda9a18,3,97787199,186.10868924977137,1748270243115420,Staked ICX,0.3535341375,sICX,0,1,2025-05-26
cx3975b43d260fb8ec802cef6e60c2f4d07486f11d,cx21e94c08c03daee80c25d8ee3ea22a20786ec231,cxa0af3165c08318e988cb30993b3048335b94af6c,0xd8d726b7177a80000,0xd504728d4b418f800616c49739e24da9a3c51b082794a1bb5073c0946dda9a18,2,97787199,250.0,1748270243115420,Wrapped ICX,0.3535341375,wICX,0,1,2025-05-26
cx3975b43d260fb8ec802cef6e60c2f4d07486f11d,hx9092a3fc19763f078f069b5406c4433f37b7ea56,cx21e94c08c03daee80c25d8ee3ea22a20786ec231,0xd8d726b7177a80000,0xd504728d4b418f800616c49739e24da9a3c51b082794a1bb5073c0946dda9a18,1,97787199,250.0,1748270243115420,Wrapped ICX,0.3535341375,wICX,0,1,2025-05-26
cx3975b43d260fb8ec802cef6e60c2f4d07486f11d,hx0000000000000000000000000000000000000000,hx9092a3fc19763f078f069b5406c4433f37b7ea56,0xd8d726b7177a80000,0xd504728d4b418f800616c49739e24da9a3c51b082794a1bb5073c0946dda9a18,0,97787199,250.0,1748270243115420,Wrapped ICX,0.3535341375,wICX,0,1,2025-05-26
cxf61cd5a45dc9f91c15aa65831a30a90d59a09619,cx9345f80d6c98357ccbb70392b14162199c2c5f66,cxd82fb5d3effecd8c9071a4bba3856ad7222c4b91,0x6243dc99abc0ca,0x2de7cfb5465c6e8722b2c33bab9f8ed172bdcc48271a59bc317c3e77aed7e213,3,97787157,0.027659162467680458,1748270157867909,Balance Token,0.2127618625,BALN,0,1,2025-05-26
cx2609b924e33ef00b648a409245c7ea394c467824,cx9345f80d6c98357ccbb70392b14162199c2c5f66,cxd82fb5d3effecd8c9071a4bba3856ad7222c4b91,0x6734b31689df9ab,0x2de7cfb5465c6e8722b2c33bab9f8ed172bdcc48271a59bc317c3e77aed7e213,2,97787157,0.4647978621299573,1748270157867909,Staked ICX,0.2127618625,sICX,0,1,2025-05-26
cx88fd7df7ddff82f7cc735c871dc519838cb235bb,hx0000000000000000000000000000000000000000,cx5faae53c4dbd1fbe4a2eb4aab6565030f10da5c6,0x0,0x2de7cfb5465c6e8722b2c33bab9f8ed172bdcc48271a59bc317c3e77aed7e213,1,97787157,0.0,1748270157867909,Balanced Dollar,0.2127618625,bnUSD,0,1,2025-05-26
cx88fd7df7ddff82f7cc735c871dc519838cb235bb,hx0000000000000000000000000000000000000000,cxd82fb5d3effecd8c9071a4bba3856ad7222c4b91,0x9d681f1e919e82,0x2de7cfb5465c6e8722b2c33bab9f8ed172bdcc48271a59bc317c3e77aed7e213,0,97787157,0.04430605420970765,1748270157867909,Balanced Dollar,0.2127618625,bnUSD,0,1,2025-05-26
cxf61cd5a45dc9f91c15aa65831a30a90d59a09619,cx9345f80d6c98357ccbb70392b14162199c2c5f66,cxd82fb5d3effecd8c9071a4bba3856ad7222c4b91,0xf87f4ddd39b8c3c,0x0eb2df3306d9563fdb9fa9ac2083a400bb747466a9cd024ca032ddc03017c0bc,4,97787144,1.1191322659999938,1748270131940199,Balance Token,0.130639175,BALN,0,1,2025-05-26
cx2609b924e33ef00b648a409245c7ea394c467824,cx9345f80d6c98357ccbb70392b14162199c2c5f66,cxd82fb5d3effecd8c9071a4bba3856ad7222c4b91,0x104fde26cb05a6242,0x0eb2df3306d9563fdb9fa9ac2083a400bb747466a9cd024ca032ddc03017c0bc,3,97787144,18.806436575412118,1748270131940199,Staked ICX,0.130639175,sICX,0,1,2025-05-26
cx88fd7df7ddff82f7cc735c871dc519838cb235bb,hx0000000000000000000000000000000000000000,cx5faae53c4dbd1fbe4a2eb4aab6565030f10da5c6,0x0,0x0eb2df3306d9563fdb9fa9ac2083a400bb747466a9cd024ca032ddc03017c0bc,2,97787144,0.0,1748270131940199,Balanced Dollar,0.130639175,bnUSD,0,1,2025-05-26
cx88fd7df7ddff82f7cc735c871dc519838cb235bb,hx0000000000000000000000000000000000000000,cxd82fb5d3effecd8c9071a4bba3856ad7222c4b91,0x19393db7fee6b436,0x0eb2df3306d9563fdb9fa9ac2083a400bb747466a9cd024ca032ddc03017c0bc,1,97787144,1.8175517850855476,1748270131940199,Balanced Dollar,0.130639175,bnUSD,0,1,2025-05-26
cx88fd7df7ddff82f7cc735c871dc519838cb235bb,hxd75467e3e4ce64e3424c747dfb71503017440433,cxd82fb5d3effecd8c9071a4bba3856ad7222c4b91,0x66ce978b002b900000,0x0eb2df3306d9563fdb9fa9ac2083a400bb747466a9cd024ca032ddc03017c0bc,0,97787144,1896.4544154445177,1748270131940199,Balanced Dollar,0.130639175,bnUSD,0,1,2025-05-26
cx88fd7df7ddff82f7cc735c871dc519838cb235bb,cx21e94c08c03daee80c25d8ee3ea22a20786ec231,hx2debd9ec927cca1639da8d3518dd9dbf1cdfb357,0x18bfd8111f041b4e09,0xd2e18598ef384609a842fdbc2db2fdb09abc13e019ae1fd24555bd52e5baee6e,5,97787143,456.54567565015356,1748270128611993,Balanced Dollar,0.11270885,bnUSD,0,1,2025-05-26
cx88fd7df7ddff82f7cc735c871dc519838cb235bb,cxa0af3165c08318e988cb30993b3048335b94af6c,cx5faae53c4dbd1fbe4a2eb4aab6565030f10da5c6,0x987107b1015b6fd,0xd2e18598ef384609a842fdbc2db2fdb09abc13e019ae1fd24555bd52e5baee6e,3,97787143,0.6865355889341703,1748270128611993,Balanced Dollar,0.11270885,bnUSD,0,1,2025-05-26
cx88fd7df7ddff82f7cc735c871dc519838cb235bb,cxa0af3165c08318e988cb30993b3048335b94af6c,cx21e94c08c03daee80c25d8ee3ea22a20786ec231,0x18bfd8111f041b4e09,0xd2e18598ef384609a842fdbc2db2fdb09abc13e019ae1fd24555bd52e5baee6e,2,97787143,456.54567565015356,1748270128611993,Balanced Dollar,0.11270885,bnUSD,0,1,2025-05-26
cx2609b924e33ef00b648a409245c7ea394c467824,cx21e94c08c03daee80c25d8ee3ea22a20786ec231,cxa0af3165c08318e988cb30993b3048335b94af6c,0xa2a15d09519be00000,0xd2e18598ef384609a842fdbc2db2fdb09abc13e019ae1fd24555bd52e5baee6e,1,97787143,3000.0,1748270128611993,Staked ICX,0.11270885,sICX,0,1,2025-05-26
cx2609b924e33ef00b648a409245c7ea394c467824,hx2debd9ec927cca1639da8d3518dd9dbf1cdfb357,cx21e94c08c03daee80c25d8ee3ea22a20786ec231,0xa2a15d09519be00000,0xd2e18598ef384609a842fdbc2db2fdb09abc13e019ae1fd24555bd52e5baee6e,0,97787143,3000.0,1748270128611993,Staked ICX,0.11270885,sICX,0,1,2025-05-26
cx88fd7df7ddff82f7cc735c871dc519838cb235bb,cxa0af3165c08318e988cb30993b3048335b94af6c,cx5faae53c4dbd1fbe4a2eb4aab6565030f10da5c6,0x332fcc9d019ad94,0xb46860576696cf40caa7928894dd03956647ff2dbbda5facb6975df4a655c2b0,2,97787140,0.2305244746592864,1748270122640424,Balanced Dollar,0.0569913875,bnUSD,0,1,2025-05-26
cx88fd7df7ddff82f7cc735c871dc519838cb235bb,cxa0af3165c08318e988cb30993b3048335b94af6c,hxd75467e3e4ce64e3424c747dfb71503017440433,0x84ef6ff8c52713627,0xb46860576696cf40caa7928894dd03956647ff2dbbda5facb6975df4a655c2b0,1,97787140,153.26396874704926,1748270122640424,Balanced Dollar,0.0569913875,bnUSD,0,1,2025-05-26
cx288d13e1b63563459a2ac6179f237711f6851cb5,hxd75467e3e4ce64e3424c747dfb71503017440433,cxa0af3165c08318e988cb30993b3048335b94af6c,0xd529ae9e860000,0xb46860576696cf40caa7928894dd03956647ff2dbbda5facb6975df4a655c2b0,0,97787140,0.06,1748270122640424,Ethereum,0.0569913875,ETH,0,1,2025-05-26
cx88fd7df7ddff82f7cc735c871dc519838cb235bb,cxa0af3165c08318e988cb30993b3048335b94af6c,cx5faae53c4dbd1fbe4a2eb4aab6565030f10da5c6,0x3336fc0ef61ee3f,0x21d986f61756cb179317b8bc0d5cb4410ef4c23031a33305a9adc97c5cd5ee63,2,97787133,0.23065088036660383,1748270107263508,Balanced Dollar,0.0569913875,bnUSD,0,1,2025-05-26
cx88fd7df7ddff82f7cc735c871dc519838cb235bb,cxa0af3165c08318e988cb30993b3048335b94af6c,hxd75467e3e4ce64e3424c747dfb71503017440433,0x850219c9fea23d4ec,0x21d986f61756cb179317b8bc0d5cb4410ef4c23031a33305a9adc97c5cd5ee63,1,97787133,153.34802099758406,1748270107263508,Balanced Dollar,0.0569913875,bnUSD,0,1,2025-05-26
cx288d13e1b63563459a2ac6179f237711f6851cb5,hxd75467e3e4ce64e3424c747dfb71503017440433,cxa0af3165c08318e988cb30993b3048335b94af6c,0xd529ae9e860000,0x21d986f61756cb179317b8bc0d5cb4410ef4c23031a33305a9adc97c5cd5ee63,0,97787133,0.06,1748270107263508,Ethereum,0.0569913875,ETH,0,1,2025-05-26
cx88fd7df7ddff82f7cc735c871dc519838cb235bb,cx21e94c08c03daee80c25d8ee3ea22a20786ec231,hx2debd9ec927cca1639da8d3518dd9dbf1cdfb357,0x18c62f074092114576,0x88df0bbb7237d0d266ad04d2c089f3f71ded14e350500180151a520cbeb8f452,5,97787113,457.0024986863543,1748270066185796,Balanced Dollar,0.11270885,bnUSD,0,1,2025-05-26
cx88fd7df7ddff82f7cc735c871dc519838cb235bb,cxa0af3165c08318e988cb30993b3048335b94af6c,cx5faae53c4dbd1fbe4a2eb4aab6565030f10da5c6,0x989811aa0283048,0x88df0bbb7237d0d266ad04d2c089f3f71ded14e350500180151a520cbeb8f452,3,97787113,0.6872223695068325,1748270066185796,Balanced Dollar,0.11270885,bnUSD,0,1,2025-05-26
cx88fd7df7ddff82f7cc735c871dc519838cb235bb,cxa0af3165c08318e988cb30993b3048335b94af6c,cx21e94c08c03daee80c25d8ee3ea22a20786ec231,0x18c62f074092114576,0x88df0bbb7237d0d266ad04d2c089f3f71ded14e350500180151a520cbeb8f452,2,97787113,457.0024986863543,1748270066185796,Balanced Dollar,0.11270885,bnUSD,0,1,2025-05-26
cx2609b924e33ef00b648a409245c7ea394c467824,cx21e94c08c03daee80c25d8ee3ea22a20786ec231,cxa0af3165c08318e988cb30993b3048335b94af6c,0xa2a15d09519be00000,0x88df0bbb7237d0d266ad04d2c089f3f71ded14e350500180151a520cbeb8f452,1,97787113,3000.0,1748270066185796,Staked ICX,0.11270885,sICX,0,1,2025-05-26
cx2609b924e33ef00b648a409245c7ea394c467824,hx2debd9ec927cca1639da8d3518dd9dbf1cdfb357,cx21e94c08c03daee80c25d8ee3ea22a20786ec231,0xa2a15d09519be00000,0x88df0bbb7237d0d266ad04d2c089f3f71ded14e350500180151a520cbeb8f452,0,97787113,3000.0,1748270066185796,Staked ICX,0.11270885,sICX,0,1,2025-05-26
cx88fd7df7ddff82f7cc735c871dc519838cb235bb,cxa0af3165c08318e988cb30993b3048335b94af6c,hx4dc7903504bb800a462378348a42f53742759e0b,0x3ee11a6f3105b32,0xab4e91a3c1bbac87d225ff1c66af0f3bb6a345e350a0ca4bedba30783dcd1f9b,3,97787112,0.2831832353110987,1748270064078600,Balanced Dollar,0.0347379625,bnUSD,0,3,2025-05-26
cx65c9e3d4fea842e00add0d32a5b4c5e4e04c7a6b,hx4dc7903504bb800a462378348a42f53742759e0b,cxa0af3165c08318e988cb30993b3048335b94af6c,0x21ca452b,0x9da0e431cf3ec3c80b44b6c494816600c659f16e712c79691eb08d00c1ab7b78,0,97787112,0.566904107,1748270064078600,Solana,0.0215575125,SOL,0,2,2025-05-26
cx88fd7df7ddff82f7cc735c871dc519838cb235bb,hx4dc7903504bb800a462378348a42f53742759e0b,cxa0af3165c08318e988cb30993b3048335b94af6c,0x5793dfff4878ec000,0x76850c81ccd9a10dd6cf45de592c8f0a14a13d4c505b4307f50c0ff94e1c2fc9,0,97787112,100.97014064642777,1748270064078600,Balanced Dollar,0.02221895,bnUSD,0,1,2025-05-26
cx65c9e3d4fea842e00add0d32a5b4c5e4e04c7a6b,cx21e94c08c03daee80c25d8ee3ea22a20786ec231,hx4dc7903504bb800a462378348a42f53742759e0b,0x21ce9839,0x3db490676a30ddea35829d327d4679131e326306d1a7bc8790d0d83453816988,13,97787110,0.567187513,1748270060252555,Solana,0.2487986875,SOL,0,2,2025-05-26
cx88fd7df7ddff82f7cc735c871dc519838cb235bb,cxa0af3165c08318e988cb30993b3048335b94af6c,cx5faae53c4dbd1fbe4a2eb4aab6565030f10da5c6,0x21a3a29a13187aa,0x3db490676a30ddea35829d327d4679131e326306d1a7bc8790d0d83453816988,11,97787110,0.15149748794278084,1748270060252555,Balanced Dollar,0.2487986875,bnUSD,0,2,2025-05-26
cx65c9e3d4fea842e00add0d32a5b4c5e4e04c7a6b,cxa0af3165c08318e988cb30993b3048335b94af6c,cx21e94c08c03daee80c25d8ee3ea22a20786ec231,0x21ce9839,0x3db490676a30ddea35829d327d4679131e326306d1a7bc8790d0d83453816988,10,97787110,0.567187513,1748270060252555,Solana,0.2487986875,SOL,0,2,2025-05-26
cx88fd7df7ddff82f7cc735c871dc519838cb235bb,cx21e94c08c03daee80c25d8ee3ea22a20786ec231,cxa0af3165c08318e988cb30993b3048335b94af6c,0x579a221be70fbf591,0x3db490676a30ddea35829d327d4679131e326306d1a7bc8790d0d83453816988,9,97787110,100.99832529518723,1748270060252555,Balanced Dollar,0.2487986875,bnUSD,0,2,2025-05-26
cx88fd7df7ddff82f7cc735c871dc519838cb235bb,cxa0af3165c08318e988cb30993b3048335b94af6c,cx5faae53c4dbd1fbe4a2eb4aab6565030f10da5c6,0x21bc97b70d85b29,0x3db490676a30ddea35829d327d4679131e326306d1a7bc8790d0d83453816988,7,97787110,0.15193654445843127,1748270060252555,Balanced Dollar,0.2487986875,bnUSD,0,2,2025-05-26
cx88fd7df7ddff82f7cc735c871dc519838cb235bb,cxa0af3165c08318e988cb30993b3048335b94af6c,cx21e94c08c03daee80c25d8ee3ea22a20786ec231,0x579a221be70fbf591,0x3db490676a30ddea35829d327d4679131e326306d1a7bc8790d0d83453816988,6,97787110,100.99832529518723,1748270060252555,Balanced Dollar,0.2487986875,bnUSD,0,2,2025-05-26
cx2609b924e33ef00b648a409245c7ea394c467824,cx21e94c08c03daee80c25d8ee3ea22a20786ec231,cxa0af3165c08318e988cb30993b3048335b94af6c,0x23eb6f4109de6b556e,0x3db490676a30ddea35829d327d4679131e326306d1a7bc8790d0d83453816988,5,97787110,662.6008924118044,1748270060252555,Staked ICX,0.2487986875,sICX,0,2,2025-05-26
cx2609b924e33ef00b648a409245c7ea394c467824,hx0000000000000000000000000000000000000000,cx21e94c08c03daee80c25d8ee3ea22a20786ec231,0x23eb6f4109de6b556e,0x3db490676a30ddea35829d327d4679131e326306d1a7bc8790d0d83453816988,3,97787110,662.6008924118044,1748270060252555,Staked ICX,0.2487986875,sICX,0,2,2025-05-26
cx88fd7df7ddff82f7cc735c871dc519838cb235bb,cx21e94c08c03daee80c25d8ee3ea22a20786ec231,hx4dc7903504bb800a462378348a42f53742759e0b,0x579f172d42010dbb2,0xd11f852b8cf63e6d2625e693440ffe0e326a7c7cb2fe16a800a053e5fa476385,9,97787110,101.02065097192092,1748270060252555,Balanced Dollar,0.201486,bnUSD,0,1,2025-05-26
cx88fd7df7ddff82f7cc735c871dc519838cb235bb,cxa0af3165c08318e988cb30993b3048335b94af6c,cx5faae53c4dbd1fbe4a2eb4aab6565030f10da5c6,0x21be806c1eeed9c,0xd11f852b8cf63e6d2625e693440ffe0e326a7c7cb2fe16a800a053e5fa476385,7,97787110,0.15197012816815247,1748270060252555,Balanced Dollar,0.201486,bnUSD,0,1,2025-05-26
cx88fd7df7ddff82f7cc735c871dc519838cb235bb,cxa0af3165c08318e988cb30993b3048335b94af6c,cx21e94c08c03daee80c25d8ee3ea22a20786ec231,0x579f172d42010dbb2,0xd11f852b8cf63e6d2625e693440ffe0e326a7c7cb2fe16a800a053e5fa476385,6,97787110,101.02065097192092,1748270060252555,Balanced Dollar,0.201486,bnUSD,0,1,2025-05-26
cx2609b924e33ef00b648a409245c7ea394c467824,cx21e94c08c03daee80c25d8ee3ea22a20786ec231,cxa0af3165c08318e988cb30993b3048335b94af6c,0x23eb6f4109de6b556e,0xd11f852b8cf63e6d2625e693440ffe0e326a7c7cb2fe16a800a053e5fa476385,5,97787110,662.6008924118044,1748270060252555,Staked ICX,0.201486,sICX,0,1,2025-05-26
cx2609b924e33ef00b648a409245c7ea394c467824,hx0000000000000000000000000000000000000000,cx21e94c08c03daee80c25d8ee3ea22a20786ec231,0x23eb6f4109de6b556e,0xd11f852b8cf63e6d2625e693440ffe0e326a7c7cb2fe16a800a053e5fa476385,3,97787110,662.6008924118044,1748270060252555,Staked ICX,0.201486,sICX,0,1,2025-05-26
cx88fd7df7ddff82f7cc735c871dc519838cb235bb,cxa0af3165c08318e988cb30993b3048335b94af6c,cx5faae53c4dbd1fbe4a2eb4aab6565030f10da5c6,0x333e2d04701379e,0x94fedb5ea3b2ed4c95904571a1283eae63d2ba4d42fed43a5197716563bcc0f3,2,97787097,0.23077739009836432,1748270034167794,Balanced Dollar,0.0569913875,bnUSD,0,1,2025-05-26
cx88fd7df7ddff82f7cc735c871dc519838cb235bb,cxa0af3165c08318e988cb30993b3048335b94af6c,hxd75467e3e4ce64e3424c747dfb71503017440433,0x8514c789ea034baf1,0x94fedb5ea3b2ed4c95904571a1283eae63d2ba4d42fed43a5197716563bcc0f3,1,97787097,153.43214242766655,1748270034167794,Balanced Dollar,0.0569913875,bnUSD,0,1,2025-05-26
cx288d13e1b63563459a2ac6179f237711f6851cb5,hxd75467e3e4ce64e3424c747dfb71503017440433,cxa0af3165c08318e988cb30993b3048335b94af6c,0xd529ae9e860000,0x94fedb5ea3b2ed4c95904571a1283eae63d2ba4d42fed43a5197716563bcc0f3,0,97787097,0.06,1748270034167794,Ethereum,0.0569913875,ETH,0,1,2025-05-26
cx88fd7df7ddff82f7cc735c871dc519838cb235bb,cxa0af3165c08318e988cb30993b3048335b94af6c,cx5faae53c4dbd1fbe4a2eb4aab6565030f10da5c6,0x2eadb268e944b61,0xbce6a742318738a1cb33b6654ea28f47753fcc16a3d3abfa3ee28c03df85746e,2,97787093,0.21022129127347286,1748270026124627,Balanced Dollar,0.0569236375,bnUSD,0,1,2025-05-26
cx88fd7df7ddff82f7cc735c871dc519838cb235bb,cxa0af3165c08318e988cb30993b3048335b94af6c,hxd75467e3e4ce64e3424c747dfb71503017440433,0x794186426510e8f96,0xbce6a742318738a1cb33b6654ea28f47753fcc16a3d3abfa3ee28c03df85746e,1,97787093,139.7985979487527,1748270026124627,Balanced Dollar,0.0569236375,bnUSD,0,1,2025-05-26
cx66a031cc3bd305c76371fb586e93801b948254f0,hxd75467e3e4ce64e3424c747dfb71503017440433,cxa0af3165c08318e988cb30993b3048335b94af6c,0x53444835ec580000,0xbce6a742318738a1cb33b6654ea28f47753fcc16a3d3abfa3ee28c03df85746e,0,97787093,6.0,1748270026124627,Avalanche,0.0569236375,AVAX,0,1,2025-05-26
cx88fd7df7ddff82f7cc735c871dc519838cb235bb,cxa0af3165c08318e988cb30993b3048335b94af6c,hx4dc7903504bb800a462378348a42f53742759e0b,0x3ee57532a663c14,0x4e77e1272cfe68f848d339509324a8337dde410f87885f45c55f3cba94026f44,3,97787092,0.28325984127616516,1748270024098573,Balanced Dollar,0.0347379625,bnUSD,0,3,2025-05-26
cx65c9e3d4fea842e00add0d32a5b4c5e4e04c7a6b,hx4dc7903504bb800a462378348a42f53742759e0b,cxa0af3165c08318e988cb30993b3048335b94af6c,0x21d54efe,0x9245d88636be7dcb7a9de10cd9b4e4f91f68bb04bddaff2fae82749b1acb82d9,0,97787092,0.567627518,1748270024098573,Solana,0.0215575125,SOL,0,2,2025-05-26
cx88fd7df7ddff82f7cc735c871dc519838cb235bb,hx4dc7903504bb800a462378348a42f53742759e0b,cxa0af3165c08318e988cb30993b3048335b94af6c,0x579dca204839d8000,0xfc0ac0ecf199bfa51c751d4de937fabe772c2b0d9ba4f29dfcee3aeeb169687e,0,97787092,101.0147918822851,1748270024098573,Balanced Dollar,0.02221895,bnUSD,0,1,2025-05-26
cx88fd7df7ddff82f7cc735c871dc519838cb235bb,cxa0af3165c08318e988cb30993b3048335b94af6c,cx5faae53c4dbd1fbe4a2eb4aab6565030f10da5c6,0x2d7e4de13e08bcb,0x776c2eff26c5bf25ecdc75edb2e9d12ff55dfc96c90aec7d4c9b41747f267ce6,2,97787091,0.2048839505360025,1748270022291966,Balanced Dollar,0.0569592,bnUSD,0,1,2025-05-26
cx88fd7df7ddff82f7cc735c871dc519838cb235bb,cxa0af3165c08318e988cb30993b3048335b94af6c,hxd75467e3e4ce64e3424c747dfb71503017440433,0x763125102dcd056eb,0x776c2eff26c5bf25ecdc75edb2e9d12ff55dfc96c90aec7d4c9b41747f267ce6,1,97787091,136.26606594803894,1748270022291966,Balanced Dollar,0.0569592,bnUSD,0,1,2025-05-26
cx4297f4b63262507623b6ad575d0d8dd2db980e4e,hxd75467e3e4ce64e3424c747dfb71503017440433,cxa0af3165c08318e988cb30993b3048335b94af6c,0x8ac7230489e80000,0x776c2eff26c5bf25ecdc75edb2e9d12ff55dfc96c90aec7d4c9b41747f267ce6,0,97787091,10.0,1748270022291966,Injective,0.0569592,INJ,0,1,2025-05-26
cx65c9e3d4fea842e00add0d32a5b4c5e4e04c7a6b,cx21e94c08c03daee80c25d8ee3ea22a20786ec231,hx4dc7903504bb800a462378348a42f53742759e0b,0x21d9a376,0xc099bdf283d28e8f9ce63ae7e43eb6b4a730a30d4ceb53dc81cf28cd1f23d52e,13,97787090,0.567911286,1748270020081553,Solana,0.2517327,SOL,0,2,2025-05-26
cx88fd7df7ddff82f7cc735c871dc519838cb235bb,cxa0af3165c08318e988cb30993b3048335b94af6c,cx5faae53c4dbd1fbe4a2eb4aab6565030f10da5c6,0x21a7716855f699e,0xc099bdf283d28e8f9ce63ae7e43eb6b4a730a30d4ceb53dc81cf28cd1f23d52e,11,97787090,0.15156447608094148,1748270020081553,Balanced Dollar,0.2517327,bnUSD,0,2,2025-05-26
cx65c9e3d4fea842e00add0d32a5b4c5e4e04c7a6b,cxa0af3165c08318e988cb30993b3048335b94af6c,cx21e94c08c03daee80c25d8ee3ea22a20786ec231,0x21d9a376,0xc099bdf283d28e8f9ce63ae7e43eb6b4a730a30d4ceb53dc81cf28cd1f23d52e,10,97787090,0.567911286,1748270020081553,Solana,0.2517327,SOL,0,2,2025-05-26
cx88fd7df7ddff82f7cc735c871dc519838cb235bb,cx21e94c08c03daee80c25d8ee3ea22a20786ec231,cxa0af3165c08318e988cb30993b3048335b94af6c,0x57a40caa5fdcdb766,0xc099bdf283d28e8f9ce63ae7e43eb6b4a730a30d4ceb53dc81cf28cd1f23d52e,9,97787090,101.04298405396098,1748270020081553,Balanced Dollar,0.2517327,bnUSD,0,2,2025-05-26
cx88fd7df7ddff82f7cc735c871dc519838cb235bb,cxa0af3165c08318e988cb30993b3048335b94af6c,cx5faae53c4dbd1fbe4a2eb4aab6565030f10da5c6,0x21c0694aaf3e879,0xc099bdf283d28e8f9ce63ae7e43eb6b4a730a30d4ceb53dc81cf28cd1f23d52e,7,97787090,0.15200372301679219,1748270020081553,Balanced Dollar,0.2517327,bnUSD,0,2,2025-05-26
cx88fd7df7ddff82f7cc735c871dc519838cb235bb,cxa0af3165c08318e988cb30993b3048335b94af6c,cx21e94c08c03daee80c25d8ee3ea22a20786ec231,0x57a40caa5fdcdb766,0xc099bdf283d28e8f9ce63ae7e43eb6b4a730a30d4ceb53dc81cf28cd1f23d52e,6,97787090,101.04298405396098,1748270020081553,Balanced Dollar,0.2517327,bnUSD,0,2,2025-05-26
cx2609b924e33ef00b648a409245c7ea394c467824,cx21e94c08c03daee80c25d8ee3ea22a20786ec231,cxa0af3165c08318e988cb30993b3048335b94af6c,0x23eb6f4109de6b556e,0xc099bdf283d28e8f9ce63ae7e43eb6b4a730a30d4ceb53dc81cf28cd1f23d52e,5,97787090,662.6008924118044,1748270020081553,Staked ICX,0.2517327,sICX,0,2,2025-05-26
cx2609b924e33ef00b648a409245c7ea394c467824,hx0000000000000000000000000000000000000000,cx21e94c08c03daee80c25d8ee3ea22a20786ec231,0x23eb6f4109de6b556e,0xc099bdf283d28e8f9ce63ae7e43eb6b4a730a30d4ceb53dc81cf28cd1f23d52e,3,97787090,662.6008924118044,1748270020081553,Staked ICX,0.2517327,sICX,0,2,2025-05-26
cx88fd7df7ddff82f7cc735c871dc519838cb235bb,cx21e94c08c03daee80c25d8ee3ea22a20786ec231,hx4dc7903504bb800a462378348a42f53742759e0b,0x57a902934cd73ddf6,0xbbf2ad03c82235589addb028fe01ffbaee4cb74e9e0128e1fc29fd6e6cfa6295,9,97787090,101.06532454458326,1748270020081553,Balanced Dollar,0.20243605,bnUSD,0,1,2025-05-26
cx88fd7df7ddff82f7cc735c871dc519838cb235bb,cxa0af3165c08318e988cb30993b3048335b94af6c,cx5faae53c4dbd1fbe4a2eb4aab6565030f10da5c6,0x21c25252c327a8b,0xbbf2ad03c82235589addb028fe01ffbaee4cb74e9e0128e1fc29fd6e6cfa6295,7,97787090,0.15203732900927758,1748270020081553,Balanced Dollar,0.20243605,bnUSD,0,1,2025-05-26
cx88fd7df7ddff82f7cc735c871dc519838cb235bb,cxa0af3165c08318e988cb30993b3048335b94af6c,cx21e94c08c03daee80c25d8ee3ea22a20786ec231,0x57a902934cd73ddf6,0xbbf2ad03c82235589addb028fe01ffbaee4cb74e9e0128e1fc29fd6e6cfa6295,6,97787090,101.06532454458326,1748270020081553,Balanced Dollar,0.20243605,bnUSD,0,1,2025-05-26
cx2609b924e33ef00b648a409245c7ea394c467824,cx21e94c08c03daee80c25d8ee3ea22a20786ec231,cxa0af3165c08318e988cb30993b3048335b94af6c,0x23eb6f4109de6b556e,0xbbf2ad03c82235589addb028fe01ffbaee4cb74e9e0128e1fc29fd6e6cfa6295,5,97787090,662.6008924118044,1748270020081553,Staked ICX,0.20243605,sICX,0,1,2025-05-26
cx2609b924e33ef00b648a409245c7ea394c467824,hx0000000000000000000000000000000000000000,cx21e94c08c03daee80c25d8ee3ea22a20786ec231,0x23eb6f4109de6b556e,0xbbf2ad03c82235589addb028fe01ffbaee4cb74e9e0128e1fc29fd6e6cfa6295,3,97787090,662.6008924118044,1748270020081553,Staked ICX,0.20243605,sICX,0,1,2025-05-26
cx88fd7df7ddff82f7cc735c871dc519838cb235bb,cx21e94c08c03daee80c25d8ee3ea22a20786ec231,hx2debd9ec927cca1639da8d3518dd9dbf1cdfb357,0x1cd03b078694431675,0xf61d458c723f716d036e8051426c96a08ff9caa9967efaeca22024f2e55a6e1e,5,97787088,531.5134289219768,1748270016159535,Balanced Dollar,0.0787010875,bnUSD,0,1,2025-05-26
cx88fd7df7ddff82f7cc735c871dc519838cb235bb,cxa0af3165c08318e988cb30993b3048335b94af6c,cx5faae53c4dbd1fbe4a2eb4aab6565030f10da5c6,0xb12bed94ee01aab,0xf61d458c723f716d036e8051426c96a08ff9caa9967efaeca22024f2e55a6e1e,3,97787088,0.7979099245384895,1748270016159535,Balanced Dollar,0.0787010875,bnUSD,0,1,2025-05-26
cx88fd7df7ddff82f7cc735c871dc519838cb235bb,cxa0af3165c08318e988cb30993b3048335b94af6c,cx21e94c08c03daee80c25d8ee3ea22a20786ec231,0x1cd03b078694431675,0xf61d458c723f716d036e8051426c96a08ff9caa9967efaeca22024f2e55a6e1e,2,97787088,531.5134289219768,1748270016159535,Balanced Dollar,0.0787010875,bnUSD,0,1,2025-05-26
cx65c9e3d4fea842e00add0d32a5b4c5e4e04c7a6b,cx21e94c08c03daee80c25d8ee3ea22a20786ec231,cxa0af3165c08318e988cb30993b3048335b94af6c,0xb2d05e00,0xf61d458c723f716d036e8051426c96a08ff9caa9967efaeca22024f2e55a6e1e,1,97787088,3.0,1748270016159535,Solana,0.0787010875,SOL,0,1,2025-05-26
cx65c9e3d4fea842e00add0d32a5b4c5e4e04c7a6b,hx2debd9ec927cca1639da8d3518dd9dbf1cdfb357,cx21e94c08c03daee80c25d8ee3ea22a20786ec231,0xb2d05e00,0xf61d458c723f716d036e8051426c96a08ff9caa9967efaeca22024f2e55a6e1e,0,97787088,3.0,1748270016159535,Solana,0.0787010875,SOL,0,1,2025-05-26
cx88fd7df7ddff82f7cc735c871dc519838cb235bb,cx21e94c08c03daee80c25d8ee3ea22a20786ec231,hx2debd9ec927cca1639da8d3518dd9dbf1cdfb357,0x18d22672865c4aeaf2,0x8a53441273007dd8765ff196a6f5aec1dc86feea094b1587006fa813dc3a56e0,5,97787084,457.8647744875087,1748270008049282,Balanced Dollar,0.11270885,bnUSD,0,1,2025-05-26
cx88fd7df7ddff82f7cc735c871dc519838cb235bb,cxa0af3165c08318e988cb30993b3048335b94af6c,cx5faae53c4dbd1fbe4a2eb4aab6565030f10da5c6,0x98e1c1c3fe2551b,0x8a53441273007dd8765ff196a6f5aec1dc86feea094b1587006fa813dc3a56e0,3,97787084,0.6885187006907241,1748270008049282,Balanced Dollar,0.11270885,bnUSD,0,1,2025-05-26
cx88fd7df7ddff82f7cc735c871dc519838cb235bb,cxa0af3165c08318e988cb30993b3048335b94af6c,cx21e94c08c03daee80c25d8ee3ea22a20786ec231,0x18d22672865c4aeaf2,0x8a53441273007dd8765ff196a6f5aec1dc86feea094b1587006fa813dc3a56e0,2,97787084,457.8647744875087,1748270008049282,Balanced Dollar,0.11270885,bnUSD,0,1,2025-05-26
cx2609b924e33ef00b648a409245c7ea394c467824,cx21e94c08c03daee80c25d8ee3ea22a20786ec231,cxa0af3165c08318e988cb30993b3048335b94af6c,0xa2a15d09519be00000,0x8a53441273007dd8765ff196a6f5aec1dc86feea094b1587006fa813dc3a56e0,1,97787084,3000.0,1748270008049282,Staked ICX,0.11270885,sICX,0,1,2025-05-26
cx2609b924e33ef00b648a409245c7ea394c467824,hx2debd9ec927cca1639da8d3518dd9dbf1cdfb357,cx21e94c08c03daee80c25d8ee3ea22a20786ec231,0xa2a15d09519be00000,0x8a53441273007dd8765ff196a6f5aec1dc86feea094b1587006fa813dc3a56e0,0,97787084,3000.0,1748270008049282,Staked ICX,0.11270885,sICX,0,1,2025-05-26
cx88fd7df7ddff82f7cc735c871dc519838cb235bb,cxa0af3165c08318e988cb30993b3048335b94af6c,cx5faae53c4dbd1fbe4a2eb4aab6565030f10da5c6,0x3b01d30985297d7,0xd77529e394f785bd7b675e94a717a5b46118b14e16b7cd7945f1d886c16be013,2,97787072,0.2657444725660446,1748269984095257,Balanced Dollar,0.04738525,bnUSD,0,1,2025-05-26
cx88fd7df7ddff82f7cc735c871dc519838cb235bb,cxa0af3165c08318e988cb30993b3048335b94af6c,hxd75467e3e4ce64e3424c747dfb71503017440433,0x994b38c035970a08b,0xd77529e394f785bd7b675e94a717a5b46118b14e16b7cd7945f1d886c16be013,1,97787072,176.73575854784386,1748269984095257,Balanced Dollar,0.04738525,bnUSD,0,1,2025-05-26
cx508002ec116fbf3ab406329c0df28e70d7e75fb3,hxd75467e3e4ce64e3424c747dfb71503017440433,cxa0af3165c08318e988cb30993b3048335b94af6c,0xba43b7400,0xd77529e394f785bd7b675e94a717a5b46118b14e16b7cd7945f1d886c16be013,0,97787072,50.0,1748269984095257,Sui,0.04738525,SUI,0,1,2025-05-26
cx88fd7df7ddff82f7cc735c871dc519838cb235bb,cxa0af3165c08318e988cb30993b3048335b94af6c,cx5faae53c4dbd1fbe4a2eb4aab6565030f10da5c6,0x2eb9ec35ef7cd02,0x2b2aee4e1081df4818549fb16d2fde14f1529e3d182ac0348153d233499d00a5,2,97786907,0.21043636955196954,1748269651458823,Balanced Dollar,0.0569236375,bnUSD,0,1,2025-05-26
cx88fd7df7ddff82f7cc735c871dc519838cb235bb,cxa0af3165c08318e988cb30993b3048335b94af6c,hxd75467e3e4ce64e3424c747dfb71503017440433,0x79614a92d569561a9,0x2b2aee4e1081df4818549fb16d2fde14f1529e3d182ac0348153d233499d00a5,1,97786907,139.94166313338152,1748269651458823,Balanced Dollar,0.0569236375,bnUSD,0,1,2025-05-26
cx66a031cc3bd305c76371fb586e93801b948254f0,hxd75467e3e4ce64e3424c747dfb71503017440433,cxa0af3165c08318e988cb30993b3048335b94af6c,0x53444835ec580000,0x2b2aee4e1081df4818549fb16d2fde14f1529e3d182ac0348153d233499d00a5,0,97786907,6.0,1748269651458823,Avalanche,0.0569236375,AVAX,0,1,2025-05-26
cx88fd7df7ddff82f7cc735c871dc519838cb235bb,cxa0af3165c08318e988cb30993b3048335b94af6c,cx5faae53c4dbd1fbe4a2eb4aab6565030f10da5c6,0x33455f7ddc5e45b,0xc7d5c1caaf12addefffc4af063e732c30cc6fc0f39d6b4d2bf65482ba1c8a53c,2,97786904,0.23090400396875477,1748269645455362,Balanced Dollar,0.0569913875,bnUSD,0,1,2025-05-26
cx88fd7df7ddff82f7cc735c871dc519838cb235bb,cxa0af3165c08318e988cb30993b3048335b94af6c,hxd75467e3e4ce64e3424c747dfb71503017440433,0x85277939a2383cff4,0xc7d5c1caaf12addefffc4af063e732c30cc6fc0f39d6b4d2bf65482ba1c8a53c,1,97786904,153.51633311324517,1748269645455362,Balanced Dollar,0.0569913875,bnUSD,0,1,2025-05-26
cx288d13e1b63563459a2ac6179f237711f6851cb5,hxd75467e3e4ce64e3424c747dfb71503017440433,cxa0af3165c08318e988cb30993b3048335b94af6c,0xd529ae9e860000,0xc7d5c1caaf12addefffc4af063e732c30cc6fc0f39d6b4d2bf65482ba1c8a53c,0,97786904,0.06,1748269645455362,Ethereum,0.0569913875,ETH,0,1,2025-05-26
cx88fd7df7ddff82f7cc735c871dc519838cb235bb,cxa0af3165c08318e988cb30993b3048335b94af6c,cx5faae53c4dbd1fbe4a2eb4aab6565030f10da5c6,0x2ec62ad1822c3bd,0xa573d9d98f8432baf6d234ffcb1b03ba7888567ea1b773ddf84dc876f26514ed,2,97786857,0.21065177815336647,1748269548963067,Balanced Dollar,0.056926325,bnUSD,0,1,2025-05-26
cx88fd7df7ddff82f7cc735c871dc519838cb235bb,cxa0af3165c08318e988cb30993b3048335b94af6c,hxd75467e3e4ce64e3424c747dfb71503017440433,0x79811b617cb37dc18,0xa573d9d98f8432baf6d234ffcb1b03ba7888567ea1b773ddf84dc876f26514ed,1,97786857,140.08494809764593,1748269548963067,Balanced Dollar,0.056926325,bnUSD,0,1,2025-05-26
cx66a031cc3bd305c76371fb586e93801b948254f0,hxd75467e3e4ce64e3424c747dfb71503017440433,cxa0af3165c08318e988cb30993b3048335b94af6c,0x53444835ec580000,0xa573d9d98f8432baf6d234ffcb1b03ba7888567ea1b773ddf84dc876f26514ed,0,97786857,6.0,1748269548963067,Avalanche,0.056926325,AVAX,0,1,2025-05-26
cx2609b924e33ef00b648a409245c7ea394c467824,hx0000000000000000000000000000000000000000,cx66d4d90f5f113eba575bf793570135f9b10cece1,0xaf3f260fd4dbcd640e,0x9fd8e98e95b183214e7f6382487aae8c181ced00aa33768f5196df86faaee2fa,3,97786841,3232.7305547795713,1748269515897248,Staked ICX,0.13380065,sICX,0,1,2025-05-26
cx88fd7df7ddff82f7cc735c871dc519838cb235bb,cxa0af3165c08318e988cb30993b3048335b94af6c,hx4dc7903504bb800a462378348a42f53742759e0b,0x3efd7299223ab1d,0x28602b55d601cf99a6f28da4ea018901a4838b7ddb98fb2ad9a1d8dc615dafa5,3,97786831,0.2836818750930727,1748269495738250,Balanced Dollar,0.0347379625,bnUSD,0,3,2025-05-26
cx65c9e3d4fea842e00add0d32a5b4c5e4e04c7a6b,hx4dc7903504bb800a462378348a42f53742759e0b,cxa0af3165c08318e988cb30993b3048335b94af6c,0x21c2ee1d,0x83c7fbba7193a262b1479871eb3e98b086902547c845cbbf73d61ab148388ace,0,97786831,0.566423069,1748269495738250,Solana,0.0215575125,SOL,0,2,2025-05-26
cx88fd7df7ddff82f7cc735c871dc519838cb235bb,hx4dc7903504bb800a462378348a42f53742759e0b,cxa0af3165c08318e988cb30993b3048335b94af6c,0x57be31d0e42908000,0x00b2914bca17a1f702a6048bb70fb083ff6eb64d20d84eec0696ad88d1db96c0,0,97786831,101.16073120200973,1748269495738250,Balanced Dollar,0.02221895,bnUSD,0,1,2025-05-26
cx65c9e3d4fea842e00add0d32a5b4c5e4e04c7a6b,cx21e94c08c03daee80c25d8ee3ea22a20786ec231,hx4dc7903504bb800a462378348a42f53742759e0b,0x21c7403b,0x1f9ab90b912e89644587aadd2e3f33357416354eac5dee9b51d73a07a96c4409,13,97786829,0.566706235,1748269491726468,Solana,0.2499497,SOL,0,2,2025-05-26
cx88fd7df7ddff82f7cc735c871dc519838cb235bb,cxa0af3165c08318e988cb30993b3048335b94af6c,cx5faae53c4dbd1fbe4a2eb4aab6565030f10da5c6,0x21b3e37d1a3b2c0,0x1f9ab90b912e89644587aadd2e3f33357416354eac5dee9b51d73a07a96c4409,11,97786829,0.15178342190833324,1748269491726468,Balanced Dollar,0.2499497,bnUSD,0,2,2025-05-26
cx65c9e3d4fea842e00add0d32a5b4c5e4e04c7a6b,cxa0af3165c08318e988cb30993b3048335b94af6c,cx21e94c08c03daee80c25d8ee3ea22a20786ec231,0x21c7403b,0x1f9ab90b912e89644587aadd2e3f33357416354eac5dee9b51d73a07a96c4409,10,97786829,0.566706235,1748269491726468,Solana,0.2499497,SOL,0,2,2025-05-26
cx88fd7df7ddff82f7cc735c871dc519838cb235bb,cx21e94c08c03daee80c25d8ee3ea22a20786ec231,cxa0af3165c08318e988cb30993b3048335b94af6c,0x57c475c0744f6d50e,0x1f9ab90b912e89644587aadd2e3f33357416354eac5dee9b51d73a07a96c4409,9,97786829,101.18894793888883,1748269491726468,Balanced Dollar,0.2499497,bnUSD,0,2,2025-05-26
cx88fd7df7ddff82f7cc735c871dc519838cb235bb,cxa0af3165c08318e988cb30993b3048335b94af6c,cx5faae53c4dbd1fbe4a2eb4aab6565030f10da5c6,0x21cce46de9add85,0x1f9ab90b912e89644587aadd2e3f33357416354eac5dee9b51d73a07a96c4409,7,97786829,0.152223291201478,1748269491726468,Balanced Dollar,0.2499497,bnUSD,0,2,2025-05-26
cx88fd7df7ddff82f7cc735c871dc519838cb235bb,cxa0af3165c08318e988cb30993b3048335b94af6c,cx21e94c08c03daee80c25d8ee3ea22a20786ec231,0x57c475c0744f6d50e,0x1f9ab90b912e89644587aadd2e3f33357416354eac5dee9b51d73a07a96c4409,6,97786829,101.18894793888883,1748269491726468,Balanced Dollar,0.2499497,bnUSD,0,2,2025-05-26
cx2609b924e33ef00b648a409245c7ea394c467824,cx21e94c08c03daee80c25d8ee3ea22a20786ec231,cxa0af3165c08318e988cb30993b3048335b94af6c,0x23eb6f4109de6b556e,0x1f9ab90b912e89644587aadd2e3f33357416354eac5dee9b51d73a07a96c4409,5,97786829,662.6008924118044,1748269491726468,Staked ICX,0.2499497,sICX,0,2,2025-05-26
cx2609b924e33ef00b648a409245c7ea394c467824,hx0000000000000000000000000000000000000000,cx21e94c08c03daee80c25d8ee3ea22a20786ec231,0x23eb6f4109de6b556e,0x1f9ab90b912e89644587aadd2e3f33357416354eac5dee9b51d73a07a96c4409,3,97786829,662.6008924118044,1748269491726468,Staked ICX,0.2499497,sICX,0,2,2025-05-26
cx88fd7df7ddff82f7cc735c871dc519838cb235bb,cx21e94c08c03daee80c25d8ee3ea22a20786ec231,hx4dc7903504bb800a462378348a42f53742759e0b,0x57c96e6a49f2d0c25,0x9b254f9f8a78d774ff6eee90077bca8a0fdb2bd5098f6272c68f5c36e2acd2f1,14,97786829,101.21133687047697,1748269491726468,Balanced Dollar,0.2447416,bnUSD,0,1,2025-05-26
cx88fd7df7ddff82f7cc735c871dc519838cb235bb,cx203d9cd2a669be67177e997b8948ce2c35caffae,cx835b300dcfe01f0bdb794e134a0c5628384f4367,0x2ed3444448bbd1ad,0x9b254f9f8a78d774ff6eee90077bca8a0fdb2bd5098f6272c68f5c36e2acd2f1,11,97786829,3.374115605899367,1748269491726468,Balanced Dollar,0.2447416,bnUSD,0,1,2025-05-26
cx88fd7df7ddff82f7cc735c871dc519838cb235bb,cx5faae53c4dbd1fbe4a2eb4aab6565030f10da5c6,cx203d9cd2a669be67177e997b8948ce2c35caffae,0x42e4aaaab10c501d,0x9b254f9f8a78d774ff6eee90077bca8a0fdb2bd5098f6272c68f5c36e2acd2f1,9,97786829,4.82016515128481,1748269491726468,Balanced Dollar,0.2447416,bnUSD,0,1,2025-05-26
cx88fd7df7ddff82f7cc735c871dc519838cb235bb,cx5faae53c4dbd1fbe4a2eb4aab6565030f10da5c6,cxdc30a0d3a1f131565c071272a20bc0b06fd4c17b,0x42e4aaaab10c501c,0x9b254f9f8a78d774ff6eee90077bca8a0fdb2bd5098f6272c68f5c36e2acd2f1,8,97786829,4.82016515128481,1748269491726468,Balanced Dollar,0.2447416,bnUSD,0,1,2025-05-26
cx88fd7df7ddff82f7cc735c871dc519838cb235bb,cxa0af3165c08318e988cb30993b3048335b94af6c,cx5faae53c4dbd1fbe4a2eb4aab6565030f10da5c6,0x21cece856e12676,0x9b254f9f8a78d774ff6eee90077bca8a0fdb2bd5098f6272c68f5c36e2acd2f1,7,97786829,0.15225697005791808,1748269491726468,Balanced Dollar,0.2447416,bnUSD,0,1,2025-05-26
cx88fd7df7ddff82f7cc735c871dc519838cb235bb,cxa0af3165c08318e988cb30993b3048335b94af6c,cx21e94c08c03daee80c25d8ee3ea22a20786ec231,0x57c96e6a49f2d0c25,0x9b254f9f8a78d774ff6eee90077bca8a0fdb2bd5098f6272c68f5c36e2acd2f1,6,97786829,101.21133687047697,1748269491726468,Balanced Dollar,0.2447416,bnUSD,0,1,2025-05-26
cx2609b924e33ef00b648a409245c7ea394c467824,cx21e94c08c03daee80c25d8ee3ea22a20786ec231,cxa0af3165c08318e988cb30993b3048335b94af6c,0x23eb6f4109de6b556e,0x9b254f9f8a78d774ff6eee90077bca8a0fdb2bd5098f6272c68f5c36e2acd2f1,5,97786829,662.6008924118044,1748269491726468,Staked ICX,0.2447416,sICX,0,1,2025-05-26
cx2609b924e33ef00b648a409245c7ea394c467824,hx0000000000000000000000000000000000000000,cx21e94c08c03daee80c25d8ee3ea22a20786ec231,0x23eb6f4109de6b556e,0x9b254f9f8a78d774ff6eee90077bca8a0fdb2bd5098f6272c68f5c36e2acd2f1,3,97786829,662.6008924118044,1748269491726468,Staked ICX,0.2447416,sICX,0,1,2025-05-26
cx88fd7df7ddff82f7cc735c871dc519838cb235bb,cxa0af3165c08318e988cb30993b3048335b94af6c,hx4dc7903504bb800a462378348a42f53742759e0b,0x356676428172b67,0x172a3e5261068b3bcd89b124a162159ecae450b301922c13c2e6d1369b8b87ca,3,97786826,0.24049330997789783,1748269485683581,Balanced Dollar,0.034759025,bnUSD,0,3,2025-05-26
cx288d13e1b63563459a2ac6179f237711f6851cb5,hx4dc7903504bb800a462378348a42f53742759e0b,cxa0af3165c08318e988cb30993b3048335b94af6c,0x6d73153f94f0c8,0x2797b74c35e7653a7cdeb6b6291f01ee8be463a9bad1d4a1cd48bdb91a6f5c04,0,97786826,0.030807307559694536,1748269485683581,Ethereum,0.0216338875,ETH,0,2,2025-05-26
cx88fd7df7ddff82f7cc735c871dc519838cb235bb,hx4dc7903504bb800a462378348a42f53742759e0b,cxa0af3165c08318e988cb30993b3048335b94af6c,0x44cd424a346c94000,0x76199bed1a1ec3860ea956d7f68de6eeb782c1d2309cd0ede8faa74574b3db7f,0,97786826,79.32306642046925,1748269485683581,Balanced Dollar,0.02221895,bnUSD,0,1,2025-05-26
cx288d13e1b63563459a2ac6179f237711f6851cb5,cx21e94c08c03daee80c25d8ee3ea22a20786ec231,hx4dc7903504bb800a462378348a42f53742759e0b,0x6d81179df06a44,0x04b796925129610a1414277fa4c062a7520c42eff31d8f75848032a4af6e505c,13,97786824,0.030822710895471173,1748269481665410,Ethereum,0.26030825,ETH,0,2,2025-05-26
cx88fd7df7ddff82f7cc735c871dc519838cb235bb,cxa0af3165c08318e988cb30993b3048335b94af6c,cx5faae53c4dbd1fbe4a2eb4aab6565030f10da5c6,0x1a6db3877a7ac19,0x04b796925129610a1414277fa4c062a7520c42eff31d8f75848032a4af6e505c,11,97786824,0.11902347574402562,1748269481665410,Balanced Dollar,0.26030825,bnUSD,0,2,2025-05-26
cx288d13e1b63563459a2ac6179f237711f6851cb5,cxa0af3165c08318e988cb30993b3048335b94af6c,cx21e94c08c03daee80c25d8ee3ea22a20786ec231,0x6d81179df06a44,0x04b796925129610a1414277fa4c062a7520c42eff31d8f75848032a4af6e505c,10,97786824,0.030822710895471173,1748269481665410,Ethereum,0.26030825,ETH,0,2,2025-05-26
cx88fd7df7ddff82f7cc735c871dc519838cb235bb,cx21e94c08c03daee80c25d8ee3ea22a20786ec231,cxa0af3165c08318e988cb30993b3048335b94af6c,0x44d30386244a5827d,0x04b796925129610a1414277fa4c062a7520c42eff31d8f75848032a4af6e505c,9,97786824,79.34898382935042,1748269481665410,Balanced Dollar,0.26030825,bnUSD,0,2,2025-05-26
cx88fd7df7ddff82f7cc735c871dc519838cb235bb,cxa0af3165c08318e988cb30993b3048335b94af6c,cx5faae53c4dbd1fbe4a2eb4aab6565030f10da5c6,0x1a817877050f8ab,0x04b796925129610a1414277fa4c062a7520c42eff31d8f75848032a4af6e505c,7,97786824,0.11937126059769668,1748269481665410,Balanced Dollar,0.26030825,bnUSD,0,2,2025-05-26
cx88fd7df7ddff82f7cc735c871dc519838cb235bb,cxa0af3165c08318e988cb30993b3048335b94af6c,cx21e94c08c03daee80c25d8ee3ea22a20786ec231,0x44d30386244a5827d,0x04b796925129610a1414277fa4c062a7520c42eff31d8f75848032a4af6e505c,6,97786824,79.34898382935042,1748269481665410,Balanced Dollar,0.26030825,bnUSD,0,2,2025-05-26
cx2609b924e33ef00b648a409245c7ea394c467824,cx21e94c08c03daee80c25d8ee3ea22a20786ec231,cxa0af3165c08318e988cb30993b3048335b94af6c,0x1c27bc0dbe4c1400c4,0x04b796925129610a1414277fa4c062a7520c42eff31d8f75848032a4af6e505c,5,97786824,519.3720126379395,1748269481665410,Staked ICX,0.26030825,sICX,0,2,2025-05-26
cx2609b924e33ef00b648a409245c7ea394c467824,hx0000000000000000000000000000000000000000,cx21e94c08c03daee80c25d8ee3ea22a20786ec231,0x1c27bc0dbe4c1400c4,0x04b796925129610a1414277fa4c062a7520c42eff31d8f75848032a4af6e505c,3,97786824,519.3720126379395,1748269481665410,Staked ICX,0.26030825,sICX,0,2,2025-05-26
cx88fd7df7ddff82f7cc735c871dc519838cb235bb,cx21e94c08c03daee80c25d8ee3ea22a20786ec231,hx4dc7903504bb800a462378348a42f53742759e0b,0x44d611ea31a5ad82d,0x1dfe325c513ad57925c405c5637198b38e941800fa50bc1765483db7d4330b32,9,97786824,79.36274779437025,1748269481665410,Balanced Dollar,0.2026192,bnUSD,0,1,2025-05-26
cx88fd7df7ddff82f7cc735c871dc519838cb235bb,cxa0af3165c08318e988cb30993b3048335b94af6c,cx5faae53c4dbd1fbe4a2eb4aab6565030f10da5c6,0x1a82a5c48dcba96,0x1dfe325c513ad57925c405c5637198b38e941800fa50bc1765483db7d4330b32,7,97786824,0.1193919659731012,1748269481665410,Balanced Dollar,0.2026192,bnUSD,0,1,2025-05-26
cx88fd7df7ddff82f7cc735c871dc519838cb235bb,cxa0af3165c08318e988cb30993b3048335b94af6c,cx21e94c08c03daee80c25d8ee3ea22a20786ec231,0x44d611ea31a5ad82d,0x1dfe325c513ad57925c405c5637198b38e941800fa50bc1765483db7d4330b32,6,97786824,79.36274779437025,1748269481665410,Balanced Dollar,0.2026192,bnUSD,0,1,2025-05-26
cx2609b924e33ef00b648a409245c7ea394c467824,cx21e94c08c03daee80c25d8ee3ea22a20786ec231,cxa0af3165c08318e988cb30993b3048335b94af6c,0x1c27bc0dbe4c1400c4,0x1dfe325c513ad57925c405c5637198b38e941800fa50bc1765483db7d4330b32,5,97786824,519.3720126379395,1748269481665410,Staked ICX,0.2026192,sICX,0,1,2025-05-26
cx2609b924e33ef00b648a409245c7ea394c467824,hx0000000000000000000000000000000000000000,cx21e94c08c03daee80c25d8ee3ea22a20786ec231,0x1c27bc0dbe4c1400c4,0x1dfe325c513ad57925c405c5637198b38e941800fa50bc1765483db7d4330b32,3,97786824,519.3720126379395,1748269481665410,Staked ICX,0.2026192,sICX,0,1,2025-05-26
cx88fd7df7ddff82f7cc735c871dc519838cb235bb,cxa0af3165c08318e988cb30993b3048335b94af6c,hx4dc7903504bb800a462378348a42f53742759e0b,0x3ef72a5410d9584,0x15ef0b4dfeb84a84a9293a90c2cc84839c3eeb3f0b1b97924525c570aea2a5c7,3,97786821,0.28357135563421015,1748269475756804,Balanced Dollar,0.0347379625,bnUSD,0,4,2025-05-26
cx65c9e3d4fea842e00add0d32a5b4c5e4e04c7a6b,hx4dc7903504bb800a462378348a42f53742759e0b,cxa0af3165c08318e988cb30993b3048335b94af6c,0x21c78e7e,0x0c50197b53ecdca0a851ed6aaa6759f1764747eb5cde7f3ce916ed262bbeede0,0,97786821,0.56672627,1748269475756804,Solana,0.0215575125,SOL,0,3,2025-05-26
cx3975b43d260fb8ec802cef6e60c2f4d07486f11d,hx29574b3742d35c7e0c4508ba51d5f6a39d43e354,hx0000000000000000000000000000000000000000,0xebad92ba3c52f28495,0x1e1255b1db2775d04cf47d458970d34cd322794318f0b1459790916c262e057c,10,97786821,4347.492121205159,1748269475756804,Wrapped ICX,0.1555710125,wICX,0,2,2025-05-26
cx3975b43d260fb8ec802cef6e60c2f4d07486f11d,cx21e94c08c03daee80c25d8ee3ea22a20786ec231,hx29574b3742d35c7e0c4508ba51d5f6a39d43e354,0xebad92ba3c52f28495,0x1e1255b1db2775d04cf47d458970d34cd322794318f0b1459790916c262e057c,9,97786821,4347.492121205159,1748269475756804,Wrapped ICX,0.1555710125,wICX,0,2,2025-05-26
cx2609b924e33ef00b648a409245c7ea394c467824,cxa0af3165c08318e988cb30993b3048335b94af6c,cx5faae53c4dbd1fbe4a2eb4aab6565030f10da5c6,0x43be1b27d964ecc5,0x1e1255b1db2775d04cf47d458970d34cd322794318f0b1459790916c262e057c,7,97786821,4.881368904081141,1748269475756804,Staked ICX,0.1555710125,sICX,0,2,2025-05-26
cx3975b43d260fb8ec802cef6e60c2f4d07486f11d,cxa0af3165c08318e988cb30993b3048335b94af6c,cx21e94c08c03daee80c25d8ee3ea22a20786ec231,0xebad92ba3c52f28495,0x1e1255b1db2775d04cf47d458970d34cd322794318f0b1459790916c262e057c,6,97786821,4347.492121205159,1748269475756804,Wrapped ICX,0.1555710125,wICX,0,2,2025-05-26
cx2609b924e33ef00b648a409245c7ea394c467824,cx21e94c08c03daee80c25d8ee3ea22a20786ec231,cxa0af3165c08318e988cb30993b3048335b94af6c,0xb069bc0d1b76d342dc,0x1e1255b1db2775d04cf47d458970d34cd322794318f0b1459790916c262e057c,5,97786821,3254.245936054094,1748269475756804,Staked ICX,0.1555710125,sICX,0,2,2025-05-26
cx88fd7df7ddff82f7cc735c871dc519838cb235bb,cxa0af3165c08318e988cb30993b3048335b94af6c,cx5faae53c4dbd1fbe4a2eb4aab6565030f10da5c6,0xa68b70ec59ad9c9,0x1e1255b1db2775d04cf47d458970d34cd322794318f0b1459790916c262e057c,3,97786821,0.7500506120298726,1748269475756804,Balanced Dollar,0.1555710125,bnUSD,0,2,2025-05-26
cx2609b924e33ef00b648a409245c7ea394c467824,cxa0af3165c08318e988cb30993b3048335b94af6c,cx21e94c08c03daee80c25d8ee3ea22a20786ec231,0xb069bc0d1b76d342dc,0x1e1255b1db2775d04cf47d458970d34cd322794318f0b1459790916c262e057c,2,97786821,3254.245936054094,1748269475756804,Staked ICX,0.1555710125,sICX,0,2,2025-05-26
cx88fd7df7ddff82f7cc735c871dc519838cb235bb,cx21e94c08c03daee80c25d8ee3ea22a20786ec231,cxa0af3165c08318e988cb30993b3048335b94af6c,0x1b1b5cb677edec7c46,0x1e1255b1db2775d04cf47d458970d34cd322794318f0b1459790916c262e057c,1,97786821,500.0337413532484,1748269475756804,Balanced Dollar,0.1555710125,bnUSD,0,2,2025-05-26
cx88fd7df7ddff82f7cc735c871dc519838cb235bb,hx29574b3742d35c7e0c4508ba51d5f6a39d43e354,cx21e94c08c03daee80c25d8ee3ea22a20786ec231,0x1b1b5cb677edec7c46,0x1e1255b1db2775d04cf47d458970d34cd322794318f0b1459790916c262e057c,0,97786821,500.0337413532484,1748269475756804,Balanced Dollar,0.1555710125,bnUSD,0,2,2025-05-26
cx88fd7df7ddff82f7cc735c871dc519838cb235bb,hx4dc7903504bb800a462378348a42f53742759e0b,cxa0af3165c08318e988cb30993b3048335b94af6c,0x57b77b5f434da8000,0x63077ad118e3da9bdedb13098f110d343f34b1db74efe3812052ef3fab727e55,0,97786821,101.13050001790485,1748269475756804,Balanced Dollar,0.02221895,bnUSD,0,1,2025-05-26
cx65c9e3d4fea842e00add0d32a5b4c5e4e04c7a6b,cx21e94c08c03daee80c25d8ee3ea22a20786ec231,hx4dc7903504bb800a462378348a42f53742759e0b,0x21cbe134,0x75af9df7f46a3e1c4ee9dbb2816e4a4d2ef213bcdc31a736282f9e095808b56c,13,97786819,0.567009588,1748269472210714,Solana,0.249929575,SOL,0,2,2025-05-26
cx88fd7df7ddff82f7cc735c871dc519838cb235bb,cxa0af3165c08318e988cb30993b3048335b94af6c,cx5faae53c4dbd1fbe4a2eb4aab6565030f10da5c6,0x21b14f7ead02c27,0x75af9df7f46a3e1c4ee9dbb2816e4a4d2ef213bcdc31a736282f9e095808b56c,11,97786819,0.15173806747603255,1748269472210714,Balanced Dollar,0.249929575,bnUSD,0,2,2025-05-26
cx65c9e3d4fea842e00add0d32a5b4c5e4e04c7a6b,cxa0af3165c08318e988cb30993b3048335b94af6c,cx21e94c08c03daee80c25d8ee3ea22a20786ec231,0x21cbe134,0x75af9df7f46a3e1c4ee9dbb2816e4a4d2ef213bcdc31a736282f9e095808b56c,10,97786819,0.567009588,1748269472210714,Solana,0.249929575,SOL,0,2,2025-05-26
cx88fd7df7ddff82f7cc735c871dc519838cb235bb,cx21e94c08c03daee80c25d8ee3ea22a20786ec231,cxa0af3165c08318e988cb30993b3048335b94af6c,0x57bdbf048d372fca9,0x75af9df7f46a3e1c4ee9dbb2816e4a4d2ef213bcdc31a736282f9e095808b56c,9,97786819,101.15871165068837,1748269472210714,Balanced Dollar,0.249929575,bnUSD,0,2,2025-05-26
cx88fd7df7ddff82f7cc735c871dc519838cb235bb,cxa0af3165c08318e988cb30993b3048335b94af6c,cx5faae53c4dbd1fbe4a2eb4aab6565030f10da5c6,0x21ca4e8f2cfabc9,0x75af9df7f46a3e1c4ee9dbb2816e4a4d2ef213bcdc31a736282f9e095808b56c,7,97786819,0.1521778078368184,1748269472210714,Balanced Dollar,0.249929575,bnUSD,0,2,2025-05-26
cx88fd7df7ddff82f7cc735c871dc519838cb235bb,cxa0af3165c08318e988cb30993b3048335b94af6c,cx21e94c08c03daee80c25d8ee3ea22a20786ec231,0x57bdbf048d372fca9,0x75af9df7f46a3e1c4ee9dbb2816e4a4d2ef213bcdc31a736282f9e095808b56c,6,97786819,101.15871165068837,1748269472210714,Balanced Dollar,0.249929575,bnUSD,0,2,2025-05-26
cx2609b924e33ef00b648a409245c7ea394c467824,cx21e94c08c03daee80c25d8ee3ea22a20786ec231,cxa0af3165c08318e988cb30993b3048335b94af6c,0x23eb6f4109de6b556e,0x75af9df7f46a3e1c4ee9dbb2816e4a4d2ef213bcdc31a736282f9e095808b56c,5,97786819,662.6008924118044,1748269472210714,Staked ICX,0.249929575,sICX,0,2,2025-05-26
cx2609b924e33ef00b648a409245c7ea394c467824,hx0000000000000000000000000000000000000000,cx21e94c08c03daee80c25d8ee3ea22a20786ec231,0x23eb6f4109de6b556e,0x75af9df7f46a3e1c4ee9dbb2816e4a4d2ef213bcdc31a736282f9e095808b56c,3,97786819,662.6008924118044,1748269472210714,Staked ICX,0.249929575,sICX,0,2,2025-05-26
cx88fd7df7ddff82f7cc735c871dc519838cb235bb,cx21e94c08c03daee80c25d8ee3ea22a20786ec231,hx4dc7903504bb800a462378348a42f53742759e0b,0x57c2b71c96dac4417,0x363ae939745978cedabfaf66d5b0c780e0b4025546aeadefdb995835195e9ade,9,97786819,101.18109056319174,1748269472210714,Balanced Dollar,0.2056288375,bnUSD,0,1,2025-05-26
cx88fd7df7ddff82f7cc735c871dc519838cb235bb,cxa0af3165c08318e988cb30993b3048335b94af6c,cx5faae53c4dbd1fbe4a2eb4aab6565030f10da5c6,0x21cc386e8d02aa8,0x363ae939745978cedabfaf66d5b0c780e0b4025546aeadefdb995835195e9ade,7,97786819,0.15221147162274473,1748269472210714,Balanced Dollar,0.2056288375,bnUSD,0,1,2025-05-26
cx88fd7df7ddff82f7cc735c871dc519838cb235bb,cxa0af3165c08318e988cb30993b3048335b94af6c,cx21e94c08c03daee80c25d8ee3ea22a20786ec231,0x57c2b71c96dac4417,0x363ae939745978cedabfaf66d5b0c780e0b4025546aeadefdb995835195e9ade,6,97786819,101.18109056319174,1748269472210714,Balanced Dollar,0.2056288375,bnUSD,0,1,2025-05-26
cx2609b924e33ef00b648a409245c7ea394c467824,cx21e94c08c03daee80c25d8ee3ea22a20786ec231,cxa0af3165c08318e988cb30993b3048335b94af6c,0x23eb6f4109de6b556e,0x363ae939745978cedabfaf66d5b0c780e0b4025546aeadefdb995835195e9ade,5,97786819,662.6008924118044,1748269472210714,Staked ICX,0.2056288375,sICX,0,1,2025-05-26
cx2609b924e33ef00b648a409245c7ea394c467824,hx0000000000000000000000000000000000000000,cx21e94c08c03daee80c25d8ee3ea22a20786ec231,0x23eb6f4109de6b556e,0x363ae939745978cedabfaf66d5b0c780e0b4025546aeadefdb995835195e9ade,3,97786819,662.6008924118044,1748269472210714,Staked ICX,0.2056288375,sICX,0,1,2025-05-26
cx88fd7df7ddff82f7cc735c871dc519838cb235bb,cxa0af3165c08318e988cb30993b3048335b94af6c,hx4dc7903504bb800a462378348a42f53742759e0b,0x134cf93cfec586c,0xf54d5100f20d08b1bb937a4ad7f2e276913e25f05a09bb9877e7558dc68530dd,3,97786816,0.08692252658239703,1748269465906359,Balanced Dollar,0.0347527125,bnUSD,0,3,2025-05-26
cx07b184a37f03c6ab681fcbd0b45aec6dc3eafbeb,hx4dc7903504bb800a462378348a42f53742759e0b,cxa0af3165c08318e988cb30993b3048335b94af6c,0xed7ca1b21804,0xe836d9c42523b76ca4fe1252bccc96bdbc39523fe971adc3a281923993182751,0,97786816,0.000261119544530948,1748269465906359,Bitcoin,0.0215937625,BTC,0,2,2025-05-26
cx88fd7df7ddff82f7cc735c871dc519838cb235bb,hx4dc7903504bb800a462378348a42f53742759e0b,cxa0af3165c08318e988cb30993b3048335b94af6c,0x18edd6b8027d4f000,0x5cdb8f0c2211e11bfd7a28c89cb00d7be0b9cef467baa8e9461791f91efab019,0,97786816,28.741246595116625,1748269465906359,Balanced Dollar,0.02221895,bnUSD,0,1,2025-05-26
cx07b184a37f03c6ab681fcbd0b45aec6dc3eafbeb,cx21e94c08c03daee80c25d8ee3ea22a20786ec231,hx4dc7903504bb800a462378348a42f53742759e0b,0xed9b0a169157,0x16dc6a94506273458f941e31789eacc5aa848f785f8c4c0ce9eb81c59f3e7eaa,13,97786814,0.000261250144964951,1748269461714026,Bitcoin,0.2611022625,BTC,0,2,2025-05-26
cx88fd7df7ddff82f7cc735c871dc519838cb235bb,cxa0af3165c08318e988cb30993b3048335b94af6c,cx5faae53c4dbd1fbe4a2eb4aab6565030f10da5c6,0x993b2a8691973b,0x16dc6a94506273458f941e31789eacc5aa848f785f8c4c0ce9eb81c59f3e7eaa,11,97786814,0.043130725269083965,1748269461714026,Balanced Dollar,0.2611022625,bnUSD,0,2,2025-05-26
cx07b184a37f03c6ab681fcbd0b45aec6dc3eafbeb,cxa0af3165c08318e988cb30993b3048335b94af6c,cx21e94c08c03daee80c25d8ee3ea22a20786ec231,0xed9b0a169157,0x16dc6a94506273458f941e31789eacc5aa848f785f8c4c0ce9eb81c59f3e7eaa,10,97786814,0.000261250144964951,1748269461714026,Bitcoin,0.2611022625,BTC,0,2,2025-05-26
cx88fd7df7ddff82f7cc735c871dc519838cb235bb,cx21e94c08c03daee80c25d8ee3ea22a20786ec231,cxa0af3165c08318e988cb30993b3048335b94af6c,0x18f0a1413c5cf2a51,0x16dc6a94506273458f941e31789eacc5aa848f785f8c4c0ce9eb81c59f3e7eaa,9,97786814,28.753816846055976,1748269461714026,Balanced Dollar,0.2611022625,bnUSD,0,2,2025-05-26
cx88fd7df7ddff82f7cc735c871dc519838cb235bb,cxa0af3165c08318e988cb30993b3048335b94af6c,cx5faae53c4dbd1fbe4a2eb4aab6565030f10da5c6,0x99aff6d4d5a334,0x16dc6a94506273458f941e31789eacc5aa848f785f8c4c0ce9eb81c59f3e7eaa,7,97786814,0.04325914610431673,1748269461714026,Balanced Dollar,0.2611022625,bnUSD,0,2,2025-05-26
cx88fd7df7ddff82f7cc735c871dc519838cb235bb,cxa0af3165c08318e988cb30993b3048335b94af6c,cx21e94c08c03daee80c25d8ee3ea22a20786ec231,0x18f0a1413c5cf2a51,0x16dc6a94506273458f941e31789eacc5aa848f785f8c4c0ce9eb81c59f3e7eaa,6,97786814,28.753816846055976,1748269461714026,Balanced Dollar,0.2611022625,bnUSD,0,2,2025-05-26
cx2609b924e33ef00b648a409245c7ea394c467824,cx21e94c08c03daee80c25d8ee3ea22a20786ec231,cxa0af3165c08318e988cb30993b3048335b94af6c,0xa34cdc4fb61fa737a,0x16dc6a94506273458f941e31789eacc5aa848f785f8c4c0ce9eb81c59f3e7eaa,5,97786814,188.2723545812531,1748269461714026,Staked ICX,0.2611022625,sICX,0,2,2025-05-26
cx2609b924e33ef00b648a409245c7ea394c467824,hx0000000000000000000000000000000000000000,cx21e94c08c03daee80c25d8ee3ea22a20786ec231,0xa34cdc4fb61fa737a,0x16dc6a94506273458f941e31789eacc5aa848f785f8c4c0ce9eb81c59f3e7eaa,3,97786814,188.2723545812531,1748269461714026,Staked ICX,0.2611022625,sICX,0,2,2025-05-26
cx88fd7df7ddff82f7cc735c871dc519838cb235bb,cx21e94c08c03daee80c25d8ee3ea22a20786ec231,hx4dc7903504bb800a462378348a42f53742759e0b,0x18f10800b6c42753b,0x0a5f309d4ca3ef83d25c7fc9723d273d06ed2b2dff2508a50307eaa2f7dd4f12,9,97786814,28.755624407309906,1748269461714026,Balanced Dollar,0.2035665625,bnUSD,0,1,2025-05-26
cx88fd7df7ddff82f7cc735c871dc519838cb235bb,cxa0af3165c08318e988cb30993b3048335b94af6c,cx5faae53c4dbd1fbe4a2eb4aab6565030f10da5c6,0x99b26ffc0a053d,0x0a5f309d4ca3ef83d25c7fc9723d273d06ed2b2dff2508a50307eaa2f7dd4f12,7,97786814,0.04326186547635948,1748269461714026,Balanced Dollar,0.2035665625,bnUSD,0,1,2025-05-26
cx88fd7df7ddff82f7cc735c871dc519838cb235bb,cxa0af3165c08318e988cb30993b3048335b94af6c,cx21e94c08c03daee80c25d8ee3ea22a20786ec231,0x18f10800b6c42753b,0x0a5f309d4ca3ef83d25c7fc9723d273d06ed2b2dff2508a50307eaa2f7dd4f12,6,97786814,28.755624407309906,1748269461714026,Balanced Dollar,0.2035665625,bnUSD,0,1,2025-05-26
cx2609b924e33ef00b648a409245c7ea394c467824,cx21e94c08c03daee80c25d8ee3ea22a20786ec231,cxa0af3165c08318e988cb30993b3048335b94af6c,0xa34cdc4fb61fa737a,0x0a5f309d4ca3ef83d25c7fc9723d273d06ed2b2dff2508a50307eaa2f7dd4f12,5,97786814,188.2723545812531,1748269461714026,Staked ICX,0.2035665625,sICX,0,1,2025-05-26
cx2609b924e33ef00b648a409245c7ea394c467824,hx0000000000000000000000000000000000000000,cx21e94c08c03daee80c25d8ee3ea22a20786ec231,0xa34cdc4fb61fa737a,0x0a5f309d4ca3ef83d25c7fc9723d273d06ed2b2dff2508a50307eaa2f7dd4f12,3,97786814,188.2723545812531,1748269461714026,Staked ICX,0.2035665625,sICX,0,1,2025-05-26
cx88fd7df7ddff82f7cc735c871dc519838cb235bb,cxa0af3165c08318e988cb30993b3048335b94af6c,cx5faae53c4dbd1fbe4a2eb4aab6565030f10da5c6,0x2d8d194b0db9e23,0x62c5e361a66cf6e1be946df6cf1806745f92318f029546ca3cfe287352f8ac1a,2,97786744,0.20514421959790544,1748269320925417,Balanced Dollar,0.0569578875,bnUSD,0,1,2025-05-26
cx88fd7df7ddff82f7cc735c871dc519838cb235bb,cxa0af3165c08318e988cb30993b3048335b94af6c,hxd75467e3e4ce64e3424c747dfb71503017440433,0x765797e8e2075d966,0x62c5e361a66cf6e1be946df6cf1806745f92318f029546ca3cfe287352f8ac1a,1,97786744,136.43922313487462,1748269320925417,Balanced Dollar,0.0569578875,bnUSD,0,1,2025-05-26
cx4297f4b63262507623b6ad575d0d8dd2db980e4e,hxd75467e3e4ce64e3424c747dfb71503017440433,cxa0af3165c08318e988cb30993b3048335b94af6c,0x8ac7230489e80000,0x62c5e361a66cf6e1be946df6cf1806745f92318f029546ca3cfe287352f8ac1a,0,97786744,10.0,1748269320925417,Injective,0.0569578875,INJ,0,1,2025-05-26
cx88fd7df7ddff82f7cc735c871dc519838cb235bb,cxa0af3165c08318e988cb30993b3048335b94af6c,cx5faae53c4dbd1fbe4a2eb4aab6565030f10da5c6,0x2ed26e3e26d30c1,0xe8609d4b9b71b7d5c171bcc48e78e1cceeab1185831b6afb27cee5a35a30cfa1,2,97786738,0.21086751775451976,1748269308413759,Balanced Dollar,0.056922325,bnUSD,0,1,2025-05-26
cx88fd7df7ddff82f7cc735c871dc519838cb235bb,cxa0af3165c08318e988cb30993b3048335b94af6c,hxd75467e3e4ce64e3424c747dfb71503017440433,0x79a0f8b4e907d0d4e,0xe8609d4b9b71b7d5c171bcc48e78e1cceeab1185831b6afb27cee5a35a30cfa1,1,97786738,140.22845329200624,1748269308413759,Balanced Dollar,0.056922325,bnUSD,0,1,2025-05-26
cx66a031cc3bd305c76371fb586e93801b948254f0,hxd75467e3e4ce64e3424c747dfb71503017440433,cxa0af3165c08318e988cb30993b3048335b94af6c,0x53444835ec580000,0xe8609d4b9b71b7d5c171bcc48e78e1cceeab1185831b6afb27cee5a35a30cfa1,0,97786738,6.0,1748269308413759,Avalanche,0.056922325,AVAX,0,1,2025-05-26
cx88fd7df7ddff82f7cc735c871dc519838cb235bb,cxa0af3165c08318e988cb30993b3048335b94af6c,cx5faae53c4dbd1fbe4a2eb4aab6565030f10da5c6,0x2d9bebee0515971,0xc5974b6198263eff8d89588aac17dfec6979a00aea77da2aa752caaf5c0cd298,2,97786732,0.2054049850385596,1748269296391944,Balanced Dollar,0.0569578875,bnUSD,0,1,2025-05-26
cx88fd7df7ddff82f7cc735c871dc519838cb235bb,cxa0af3165c08318e988cb30993b3048335b94af6c,hxd75467e3e4ce64e3424c747dfb71503017440433,0x767e1d88c22607144,0xc5974b6198263eff8d89588aac17dfec6979a00aea77da2aa752caaf5c0cd298,1,97786732,136.61271066801712,1748269296391944,Balanced Dollar,0.0569578875,bnUSD,0,1,2025-05-26
cx4297f4b63262507623b6ad575d0d8dd2db980e4e,hxd75467e3e4ce64e3424c747dfb71503017440433,cxa0af3165c08318e988cb30993b3048335b94af6c,0x8ac7230489e80000,0xc5974b6198263eff8d89588aac17dfec6979a00aea77da2aa752caaf5c0cd298,0,97786732,10.0,1748269296391944,Injective,0.0569578875,INJ,0,1,2025-05-26
cx88fd7df7ddff82f7cc735c871dc519838cb235bb,cxa09dbb60dcb62fffbd232b6eae132d730a2aafa6,cx21e94c08c03daee80c25d8ee3ea22a20786ec231,0x16345785d8a0000,0xe77adbf50db7ffb1a6571191438cfbb9bc5b5795924d88f18d766ec789a13ace,5,97786690,0.1,1748269212364787,Balanced Dollar,0.0948600125,bnUSD,0,1,2025-05-26
cx88fd7df7ddff82f7cc735c871dc519838cb235bb,hx0000000000000000000000000000000000000000,cxa09dbb60dcb62fffbd232b6eae132d730a2aafa6,0x16345785d8a0000,0xe77adbf50db7ffb1a6571191438cfbb9bc5b5795924d88f18d766ec789a13ace,4,97786690,0.1,1748269212364787,Balanced Dollar,0.0948600125,bnUSD,0,1,2025-05-26
cx22319ac7f412f53eabe3c9827acf5e27e9c6a95f,cx21e94c08c03daee80c25d8ee3ea22a20786ec231,cxa09dbb60dcb62fffbd232b6eae132d730a2aafa6,0x186a0,0xe77adbf50db7ffb1a6571191438cfbb9bc5b5795924d88f18d766ec789a13ace,3,97786690,0.1,1748269212364787,USDC,0.0948600125,USDC,0,1,2025-05-26
cx22319ac7f412f53eabe3c9827acf5e27e9c6a95f,hx0000000000000000000000000000000000000000,cx21e94c08c03daee80c25d8ee3ea22a20786ec231,0x186a0,0xe77adbf50db7ffb1a6571191438cfbb9bc5b5795924d88f18d766ec789a13ace,1,97786690,0.1,1748269212364787,USDC,0.0948600125,USDC,0,1,2025-05-26
cx288d13e1b63563459a2ac6179f237711f6851cb5,cx21e94c08c03daee80c25d8ee3ea22a20786ec231,hx0000000000000000000000000000000000000000,0xc8abea465137,0xa98eccaaf0f8c915c1c5b66d0fa132b924dcee84adfa596beae73208bb8aae7c,15,97786650,0.000220640695439671,1748269132561099,Ethereum,0.289471725,ETH,0,1,2025-05-26
cx88fd7df7ddff82f7cc735c871dc519838cb235bb,cxa0af3165c08318e988cb30993b3048335b94af6c,cx5faae53c4dbd1fbe4a2eb4aab6565030f10da5c6,0x306cb1954f15a,0xa98eccaaf0f8c915c1c5b66d0fa132b924dcee84adfa596beae73208bb8aae7c,11,97786650,0.000851894303256922,1748269132561099,Balanced Dollar,0.289471725,bnUSD,0,1,2025-05-26
cx288d13e1b63563459a2ac6179f237711f6851cb5,cxa0af3165c08318e988cb30993b3048335b94af6c,cx21e94c08c03daee80c25d8ee3ea22a20786ec231,0xc8abea465137,0xa98eccaaf0f8c915c1c5b66d0fa132b924dcee84adfa596beae73208bb8aae7c,10,97786650,0.000220640695439671,1748269132561099,Ethereum,0.289471725,ETH,0,1,2025-05-26
cx88fd7df7ddff82f7cc735c871dc519838cb235bb,cx21e94c08c03daee80c25d8ee3ea22a20786ec231,cxa0af3165c08318e988cb30993b3048335b94af6c,0x7e1b0e74d3486ee,0xa98eccaaf0f8c915c1c5b66d0fa132b924dcee84adfa596beae73208bb8aae7c,9,97786650,0.5679295355046151,1748269132561099,Balanced Dollar,0.289471725,bnUSD,0,1,2025-05-26
cx88fd7df7ddff82f7cc735c871dc519838cb235bb,cxa0af3165c08318e988cb30993b3048335b94af6c,cx5faae53c4dbd1fbe4a2eb4aab6565030f10da5c6,0x3091fcea1b672,0xa98eccaaf0f8c915c1c5b66d0fa132b924dcee84adfa596beae73208bb8aae7c,7,97786650,0.000854457145472626,1748269132561099,Balanced Dollar,0.289471725,bnUSD,0,1,2025-05-26
cx88fd7df7ddff82f7cc735c871dc519838cb235bb,cxa0af3165c08318e988cb30993b3048335b94af6c,cx21e94c08c03daee80c25d8ee3ea22a20786ec231,0x7e1b0e74d3486ee,0xa98eccaaf0f8c915c1c5b66d0fa132b924dcee84adfa596beae73208bb8aae7c,6,97786650,0.5679295355046151,1748269132561099,Balanced Dollar,0.289471725,bnUSD,0,1,2025-05-26
cx2609b924e33ef00b648a409245c7ea394c467824,cx21e94c08c03daee80c25d8ee3ea22a20786ec231,cxa0af3165c08318e988cb30993b3048335b94af6c,0x339a0d4b55251776,0xa98eccaaf0f8c915c1c5b66d0fa132b924dcee84adfa596beae73208bb8aae7c,5,97786650,3.718299059549968,1748269132561099,Staked ICX,0.289471725,sICX,0,1,2025-05-26
cx2609b924e33ef00b648a409245c7ea394c467824,hx0000000000000000000000000000000000000000,cx21e94c08c03daee80c25d8ee3ea22a20786ec231,0x339a0d4b55251776,0xa98eccaaf0f8c915c1c5b66d0fa132b924dcee84adfa596beae73208bb8aae7c,3,97786650,3.718299059549968,1748269132561099,Staked ICX,0.289471725,sICX,0,1,2025-05-26
cxf61cd5a45dc9f91c15aa65831a30a90d59a09619,cx9345f80d6c98357ccbb70392b14162199c2c5f66,cxd82fb5d3effecd8c9071a4bba3856ad7222c4b91,0xb1291db783307fe,0xa896891b7456b8684e2af04e89aeb475d92f0fdd3b7900afefb371d47afba40a,4,97786618,0.7978604557984748,1748269068315941,Balance Token,0.1381685125,BALN,0,1,2025-05-26
cx2609b924e33ef00b648a409245c7ea394c467824,cx9345f80d6c98357ccbb70392b14162199c2c5f66,cxd82fb5d3effecd8c9071a4bba3856ad7222c4b91,0xba1179076756d331,0xa896891b7456b8684e2af04e89aeb475d92f0fdd3b7900afefb371d47afba40a,3,97786618,13.407630638364152,1748269068315941,Staked ICX,0.1381685125,sICX,0,1,2025-05-26
cx88fd7df7ddff82f7cc735c871dc519838cb235bb,hx0000000000000000000000000000000000000000,cx5faae53c4dbd1fbe4a2eb4aab6565030f10da5c6,0x0,0xa896891b7456b8684e2af04e89aeb475d92f0fdd3b7900afefb371d47afba40a,2,97786618,0.0,1748269068315941,Balanced Dollar,0.1381685125,bnUSD,0,1,2025-05-26
cx88fd7df7ddff82f7cc735c871dc519838cb235bb,hx0000000000000000000000000000000000000000,cxd82fb5d3effecd8c9071a4bba3856ad7222c4b91,0x11e186748e456417,0xa896891b7456b8684e2af04e89aeb475d92f0fdd3b7900afefb371d47afba40a,1,97786618,1.288458803565913,1748269068315941,Balanced Dollar,0.1381685125,bnUSD,0,1,2025-05-26
cx88fd7df7ddff82f7cc735c871dc519838cb235bb,cxa0af3165c08318e988cb30993b3048335b94af6c,hx4dc7903504bb800a462378348a42f53742759e0b,0x3efd5906af6da3a,0x03cf4c382bf22a58dcef903c4c460f25638346787673d73b0fcf1fc06ae59d6d,3,97786557,0.2836801177942001,1748268946249264,Balanced Dollar,0.0347379625,bnUSD,0,3,2025-05-26
cx65c9e3d4fea842e00add0d32a5b4c5e4e04c7a6b,hx4dc7903504bb800a462378348a42f53742759e0b,cxa0af3165c08318e988cb30993b3048335b94af6c,0x21d3b548,0xe4652acafca9e65750f069ec2d39dbd9ff8e31ac7063f81a5504c9087a5390a7,0,97786557,0.567522632,1748268946249264,Solana,0.0215575125,SOL,0,2,2025-05-26
cx88fd7df7ddff82f7cc735c871dc519838cb235bb,hx4dc7903504bb800a462378348a42f53742759e0b,cxa0af3165c08318e988cb30993b3048335b94af6c,0x57c445e9864c0c000,0x4e3366721824ffec2e921d45c1dbc07aa3fec417a88f4115143db208ab067e75,0,97786557,101.18810633628554,1748268946249264,Balanced Dollar,0.02221895,bnUSD,0,1,2025-05-26
cx65c9e3d4fea842e00add0d32a5b4c5e4e04c7a6b,cx21e94c08c03daee80c25d8ee3ea22a20786ec231,hx4dc7903504bb800a462378348a42f53742759e0b,0x21d8098c,0x953e280d5bbfbac38eeb70a6b9ff8527b398044ae30811488a5b1661e83bb35c,13,97786555,0.567806348,1748268942284310,Solana,0.2508784875,SOL,0,2,2025-05-26
cx88fd7df7ddff82f7cc735c871dc519838cb235bb,cxa0af3165c08318e988cb30993b3048335b94af6c,cx5faae53c4dbd1fbe4a2eb4aab6565030f10da5c6,0x21b63921359dce3,0x953e280d5bbfbac38eeb70a6b9ff8527b398044ae30811488a5b1661e83bb35c,11,97786555,0.15182449148807498,1748268942284310,Balanced Dollar,0.2508784875,bnUSD,0,2,2025-05-26
cx65c9e3d4fea842e00add0d32a5b4c5e4e04c7a6b,cxa0af3165c08318e988cb30993b3048335b94af6c,cx21e94c08c03daee80c25d8ee3ea22a20786ec231,0x21d8098c,0x953e280d5bbfbac38eeb70a6b9ff8527b398044ae30811488a5b1661e83bb35c,10,97786555,0.567806348,1748268942284310,Solana,0.2508784875,SOL,0,2,2025-05-26
cx88fd7df7ddff82f7cc735c871dc519838cb235bb,cx21e94c08c03daee80c25d8ee3ea22a20786ec231,cxa0af3165c08318e988cb30993b3048335b94af6c,0x57ca8a1bd0f59e612,0x953e280d5bbfbac38eeb70a6b9ff8527b398044ae30811488a5b1661e83bb35c,9,97786555,101.21632765871665,1748268942284310,Balanced Dollar,0.2508784875,bnUSD,0,2,2025-05-26
cx88fd7df7ddff82f7cc735c871dc519838cb235bb,cxa0af3165c08318e988cb30993b3048335b94af6c,cx5faae53c4dbd1fbe4a2eb4aab6565030f10da5c6,0x21cf3bc4da03472,0x953e280d5bbfbac38eeb70a6b9ff8527b398044ae30811488a5b1661e83bb35c,7,97786555,0.15226447750550026,1748268942284310,Balanced Dollar,0.2508784875,bnUSD,0,2,2025-05-26
cx88fd7df7ddff82f7cc735c871dc519838cb235bb,cxa0af3165c08318e988cb30993b3048335b94af6c,cx21e94c08c03daee80c25d8ee3ea22a20786ec231,0x57ca8a1bd0f59e612,0x953e280d5bbfbac38eeb70a6b9ff8527b398044ae30811488a5b1661e83bb35c,6,97786555,101.21632765871665,1748268942284310,Balanced Dollar,0.2508784875,bnUSD,0,2,2025-05-26
cx2609b924e33ef00b648a409245c7ea394c467824,cx21e94c08c03daee80c25d8ee3ea22a20786ec231,cxa0af3165c08318e988cb30993b3048335b94af6c,0x23eb6f4109de6b556e,0x953e280d5bbfbac38eeb70a6b9ff8527b398044ae30811488a5b1661e83bb35c,5,97786555,662.6008924118044,1748268942284310,Staked ICX,0.2508784875,sICX,0,2,2025-05-26
cx2609b924e33ef00b648a409245c7ea394c467824,hx0000000000000000000000000000000000000000,cx21e94c08c03daee80c25d8ee3ea22a20786ec231,0x23eb6f4109de6b556e,0x953e280d5bbfbac38eeb70a6b9ff8527b398044ae30811488a5b1661e83bb35c,3,97786555,662.6008924118044,1748268942284310,Staked ICX,0.2508784875,sICX,0,2,2025-05-26
cx88fd7df7ddff82f7cc735c871dc519838cb235bb,cx21e94c08c03daee80c25d8ee3ea22a20786ec231,hx4dc7903504bb800a462378348a42f53742759e0b,0x57cf834a33266b888,0x785863ccdfdae15d548ec60bab01ef3a85b8d797f1cd895f79e655612de40b63,9,97786555,101.23872569900497,1748268942284310,Balanced Dollar,0.2035686375,bnUSD,0,1,2025-05-26
cx88fd7df7ddff82f7cc735c871dc519838cb235bb,cxa0af3165c08318e988cb30993b3048335b94af6c,cx5faae53c4dbd1fbe4a2eb4aab6565030f10da5c6,0x21d1260f68d0f19,0x785863ccdfdae15d548ec60bab01ef3a85b8d797f1cd895f79e655612de40b63,7,97786555,0.15229817006306487,1748268942284310,Balanced Dollar,0.2035686375,bnUSD,0,1,2025-05-26
cx88fd7df7ddff82f7cc735c871dc519838cb235bb,cxa0af3165c08318e988cb30993b3048335b94af6c,cx21e94c08c03daee80c25d8ee3ea22a20786ec231,0x57cf834a33266b888,0x785863ccdfdae15d548ec60bab01ef3a85b8d797f1cd895f79e655612de40b63,6,97786555,101.23872569900497,1748268942284310,Balanced Dollar,0.2035686375,bnUSD,0,1,2025-05-26
cx2609b924e33ef00b648a409245c7ea394c467824,cx21e94c08c03daee80c25d8ee3ea22a20786ec231,cxa0af3165c08318e988cb30993b3048335b94af6c,0x23eb6f4109de6b556e,0x785863ccdfdae15d548ec60bab01ef3a85b8d797f1cd895f79e655612de40b63,5,97786555,662.6008924118044,1748268942284310,Staked ICX,0.2035686375,sICX,0,1,2025-05-26
cx2609b924e33ef00b648a409245c7ea394c467824,hx0000000000000000000000000000000000000000,cx21e94c08c03daee80c25d8ee3ea22a20786ec231,0x23eb6f4109de6b556e,0x785863ccdfdae15d548ec60bab01ef3a85b8d797f1cd895f79e655612de40b63,3,97786555,662.6008924118044,1748268942284310,Staked ICX,0.2035686375,sICX,0,1,2025-05-26
cxf14dea1cff7ceb29a46e6d04533a08f84441e41d,hxec052dfc0db0ae26086ca78e36a054a8424d3707,hxe98c476836d78ff406b38c3a253718b277db1951,0x294bbcceb48a,0x973ea345920e9889e82f999fb290e8f58293abe897d9f0f98744dfef31ffaeaa,0,97786532,4.5405266949258e-05,1748268894950791,Blobble Stake Token,0.004011225,BST,0,1,2025-05-26
cxf14dea1cff7ceb29a46e6d04533a08f84441e41d,hxec052dfc0db0ae26086ca78e36a054a8424d3707,hx458238e8a7a7a86adf44e3ebc6354506c99596d3,0x32696219a034567,0xa2e3daa913db6ca31c7358872017e5cc2b7ff4f74d203053cc2f437a244ece97,0,97786530,0.22703390229078155,1748268890975464,Blobble Stake Token,0.00402385,BST,0,1,2025-05-26
cxf14dea1cff7ceb29a46e6d04533a08f84441e41d,hxec052dfc0db0ae26086ca78e36a054a8424d3707,hx4b3aec7d9d401557939d392e03721025eee2a6a7,0x3fc076c4f0f68ac,0x7345f4cb850131853055938fc5c4973957f44dd285e37510a9aba440d996ff59,0,97786528,0.28711263800914144,1748268886922876,Blobble Stake Token,0.00402385,BST,0,1,2025-05-26
cxf14dea1cff7ceb29a46e6d04533a08f84441e41d,hxec052dfc0db0ae26086ca78e36a054a8424d3707,hx0cd95c8fc1c69bd4764d945b0af706f9e75af7dd,0xdfaf940a51eb8,0x13d606002b3ed66cd6df6a9b0b3d2e28144276ffb48962169f3f7c8dc091d64c,0,97786526,0.00393512313560236,1748268882923405,Blobble Stake Token,0.0040162875,BST,0,1,2025-05-26
cxf14dea1cff7ceb29a46e6d04533a08f84441e41d,hxec052dfc0db0ae26086ca78e36a054a8424d3707,hxb946c680221e6ff41de8a2b62fd810315ce65fb9,0x49a9553908390a0,0xefbd695416d13ce2cf789c790c494c06ac4c0ce186cebe923e7dbaac49599f36,0,97786524,0.3317417087045183,1748268878941733,Blobble Stake Token,0.004025225,BST,0,1,2025-05-26
cxf14dea1cff7ceb29a46e6d04533a08f84441e41d,hxec052dfc0db0ae26086ca78e36a054a8424d3707,hxbc21e83b4d932f3e322d452e1466548f0a84d96d,0x1ae2a4413d89d8,0x1a248584878f8aa7a959bd758fe1188e7935373a8a0aac7d545cc0b5f2b474e1,0,97786522,0.007567544491543,1748268875055113,Blobble Stake Token,0.0040187875,BST,0,1,2025-05-26
cxf14dea1cff7ceb29a46e6d04533a08f84441e41d,hxec052dfc0db0ae26086ca78e36a054a8424d3707,hx49a18c5221c71118c468dca9d99ce56f5d9f7806,0x4fb7084bad8063,0x1a1712c17e34e366cf3f231889080d7b4045180f980f851658e85ebea2a3c01b,0,97786520,0.022437769417424994,1748268870978937,Blobble Stake Token,0.0040187875,BST,0,1,2025-05-26
cxf14dea1cff7ceb29a46e6d04533a08f84441e41d,hxec052dfc0db0ae26086ca78e36a054a8424d3707,hx1e589619133899c55fe96dbf0d9cd4ae8ea6ef67,0x12035eb0d4c032,0xc56501734eb2acd4e70bbedeb46a42957ec784d9517ac194309cb2696e670bf1,0,97786518,0.00507025480933381,1748268867022873,Blobble Stake Token,0.0040187875,BST,0,1,2025-05-26
cxf14dea1cff7ceb29a46e6d04533a08f84441e41d,hxec052dfc0db0ae26086ca78e36a054a8424d3707,hx7412a1c4656e59a044d3d250b779a4012004dd69,0x8c205400109c44,0x7d26f7f865a1983a1860a48f95421babb3a0a7405026e5c6d14bb9bdcf82bd6e,0,97786516,0.03944204188992212,1748268863150431,Blobble Stake Token,0.0040200375,BST,0,2,2025-05-26
cxf14dea1cff7ceb29a46e6d04533a08f84441e41d,hxec052dfc0db0ae26086ca78e36a054a8424d3707,hx421f624fd856517b4478b169c8849d087110ce93,0x280dd873f2ac39b,0x79028f4ed5971739ff7e0caaf5f66852aef73bda8ca2c015dda15a408fc1df2e,0,97786514,0.1803875580449105,1748268858949153,Blobble Stake Token,0.00402385,BST,0,1,2025-05-26
cxf14dea1cff7ceb29a46e6d04533a08f84441e41d,hxec052dfc0db0ae26086ca78e36a054a8424d3707,hx3bac22e9a6699457f922e1a8f4a5d290a6f9032f,0x26f49594fcacc,0xaf07487cf83a4bf4151866a74de9d175184d9d7ed0d442038905ea6f310f5bbe,0,97786512,0.00068531077511854,1748268854918419,Blobble Stake Token,0.0040162875,BST,0,1,2025-05-26
cxf14dea1cff7ceb29a46e6d04533a08f84441e41d,hxec052dfc0db0ae26086ca78e36a054a8424d3707,hx8890741527f29a2171f75ea74be350358c9b2779,0x98b567870b9e5,0x69f231e367b1082fea8577f96d74d72658bb2b3467b8825a1f4909df86572fa7,0,97786508,0.002686478294497765,1748268847249370,Blobble Stake Token,0.0040162875,BST,0,1,2025-05-26
cxf14dea1cff7ceb29a46e6d04533a08f84441e41d,hxec052dfc0db0ae26086ca78e36a054a8424d3707,hx20eed39b3680962908a2589449563a64c99af87c,0x28e207a048865b,0x0fd6dbc79dd8f55c6901c09fe9465d4fd94b2efd3486a115e9f8cd3c397de132,0,97786506,0.011507521450182235,1748268842995414,Blobble Stake Token,0.0040187875,BST,0,1,2025-05-26
cxf14dea1cff7ceb29a46e6d04533a08f84441e41d,hxec052dfc0db0ae26086ca78e36a054a8424d3707,hx79914fc559f281ce03c28212c1464c79bd9279d9,0x46b558f343204a,0x2da4fadb4de6c2274d9f55575ca245a2a547ea9c0adaa9f92f8fdbaaf878c993,0,97786504,0.01990264201275809,1748268838998908,Blobble Stake Token,0.0040187875,BST,0,1,2025-05-26
cxf14dea1cff7ceb29a46e6d04533a08f84441e41d,hxec052dfc0db0ae26086ca78e36a054a8424d3707,hx35bef857f447768e009875dff1a8d386a488df9d,0x51e486c09405aa,0x82584f9804f8b9b94ed81633b960065d6b6e880c00373dc4f71d07763d1c7cfb,0,97786502,0.02305074052123998,1748268834929806,Blobble Stake Token,0.0040187875,BST,0,1,2025-05-26
cxf14dea1cff7ceb29a46e6d04533a08f84441e41d,hxec052dfc0db0ae26086ca78e36a054a8424d3707,hx93fc022d3c65d2e9cfa09678035385fa6514c813,0x19e55c43c1368,0xf0bda63595a1dc2c2fc49cc0e9c0e8043e15acc2960a6ab90b9be530548b6ce4,0,97786500,0.000455566178390888,1748268831158525,Blobble Stake Token,0.0040162875,BST,0,1,2025-05-26
cxf14dea1cff7ceb29a46e6d04533a08f84441e41d,hxec052dfc0db0ae26086ca78e36a054a8424d3707,hx52fa607939414dfca3803bd6966f8c60cffd0adf,0xd33608568b61d,0xf474e4ee036367f201b7d66f9e3b4e1e65ccd0e1fb9c633effed951a41546204,0,97786498,0.003715664345347613,1748268827006948,Blobble Stake Token,0.0040162875,BST,0,1,2025-05-26
cxf14dea1cff7ceb29a46e6d04533a08f84441e41d,hxec052dfc0db0ae26086ca78e36a054a8424d3707,hx5c206b2590f3fda29bf559dd094920cb2ba1d51a,0xe76dc77113c56,0xbb829fa3d27ffb79701925238a27cbd3a55de539847dc3b5b75f28c1dc58844c,0,97786496,0.004071338936450134,1748268822943552,Blobble Stake Token,0.0040162875,BST,0,1,2025-05-26
cxf14dea1cff7ceb29a46e6d04533a08f84441e41d,hxec052dfc0db0ae26086ca78e36a054a8424d3707,hxf7e93bd18a01f3df252ac8528b701fa5e4cbe96f,0x618d2c6aac0b05,0x51b7fa5906589cbe9a2005adf6fde8589ce83d8a8d5182b89cc3277cead4eb77,0,97786494,0.027458294648670983,1748268819332116,Blobble Stake Token,0.0040187875,BST,0,1,2025-05-26
cxf14dea1cff7ceb29a46e6d04533a08f84441e41d,hxec052dfc0db0ae26086ca78e36a054a8424d3707,hx820cfe6ddda9c899cda37d90ff6d54721de23e53,0xce7ab00986b2,0x1d2f0b17567571ca8f835faef02fab4c0a7416fa37bea992f665cdd7242383be,0,97786492,0.00022702633474629,1748268814986819,Blobble Stake Token,0.0040137875,BST,0,1,2025-05-26
cxf14dea1cff7ceb29a46e6d04533a08f84441e41d,hxec052dfc0db0ae26086ca78e36a054a8424d3707,hx9092a3fc19763f078f069b5406c4433f37b7ea56,0x6e1f4cd1e17,0x576796e97db3f71cd12020241b17520cedd5b850616b587f0557cf7796f823f4,0,97786490,7.567544491543e-06,1748268810956449,Blobble Stake Token,0.004008725,BST,0,1,2025-05-26
cxf14dea1cff7ceb29a46e6d04533a08f84441e41d,hxec052dfc0db0ae26086ca78e36a054a8424d3707,hxa54ac069fe52551b4b7e25cc9a446c16d1ee1147,0x19cf560130d64,0xdabb40e4c39296fe77910f5b8356b6dd0bb251418d901dfff363f087cf72c609,0,97786488,0.00045405266949258,1748268806950222,Blobble Stake Token,0.0040162875,BST,0,1,2025-05-26
cxf14dea1cff7ceb29a46e6d04533a08f84441e41d,hxec052dfc0db0ae26086ca78e36a054a8424d3707,hx9a3d83567b208cbcacb208894139fbf78a91761b,0x231ad165bab72f,0x17eadce45a27c4f9784a78ce0a9ac5d16380458ada435ee5ad73a6ebd326892e,0,97786484,0.009881110842095408,1748268798924647,Blobble Stake Token,0.0040187875,BST,0,1,2025-05-26
cxf14dea1cff7ceb29a46e6d04533a08f84441e41d,hxec052dfc0db0ae26086ca78e36a054a8424d3707,hx949db682e9c7de988781800d20cd232d7f1a5178,0xcd0c0f9f728b74,0xc93d6392375e4e414384e7b253128e4df9ff6853072973478b048e915e327a3e,0,97786482,0.05771563146481138,1748268794919535,Blobble Stake Token,0.00402135,BST,0,1,2025-05-26
cxf14dea1cff7ceb29a46e6d04533a08f84441e41d,hxec052dfc0db0ae26086ca78e36a054a8424d3707,hx80ece7f7ec5193bb14f0c4bb592b8cd4761bb617,0x1241504c0acf01,0x6a29f4cf26ede53d55f5b057ed6e65252212c0b1caa3cba174c3a29d6409ccb9,0,97786480,0.005138362709757697,1748268790937066,Blobble Stake Token,0.0040187875,BST,0,1,2025-05-26
cxf14dea1cff7ceb29a46e6d04533a08f84441e41d,hxec052dfc0db0ae26086ca78e36a054a8424d3707,hxe04ad791700ffcb51229fa1cd94d9977f0b90d68,0x89a7200659cc,0x60670ab0fc113a7499a8415cc644d2739a527f416db28414db00756044fc0bc5,0,97786478,0.00015135088983086,1748268786887937,Blobble Stake Token,0.0040137875,BST,0,1,2025-05-26
cxf14dea1cff7ceb29a46e6d04533a08f84441e41d,hxec052dfc0db0ae26086ca78e36a054a8424d3707,hx8dee629230b63e003d476345f88eafcc49d81926,0x7b6e352a7e9e79,0x777cd10f9b672150c0ebf07dc1e8f838bbc8ea73d1e7f243c7a5db71deb7c853,0,97786476,0.03474259676067391,1748268782889043,Blobble Stake Token,0.0040187875,BST,0,1,2025-05-26
cxf14dea1cff7ceb29a46e6d04533a08f84441e41d,hxec052dfc0db0ae26086ca78e36a054a8424d3707,hx5510b4a79239e02fdbf51dfb370381bda18c0492,0xc956466abd8cd,0xfd3603e88feff78907eedbf600bbaeec4e5395055b943087356e6befd5f1e25c,0,97786474,0.003541958172334285,1748268778904907,Blobble Stake Token,0.0040162875,BST,0,1,2025-05-26
cxf14dea1cff7ceb29a46e6d04533a08f84441e41d,hxec052dfc0db0ae26086ca78e36a054a8424d3707,hx3920b00eba8d9a5c0d24966d87107cd818cfdc5a,0xe84a060ab7884,0x60ceb86a984a764407d7fb3cbae2234e4650f8448c9be595e6ae1cb0ab7f0736,0,97786472,0.00408647402543322,1748268774981760,Blobble Stake Token,0.0040162875,BST,0,1,2025-05-26
cxf14dea1cff7ceb29a46e6d04533a08f84441e41d,hxec052dfc0db0ae26086ca78e36a054a8424d3707,hxa750e0b32977e43345d792ad014fff1044a09d6b,0x6535b45244f937,0xd335be7f81629004def66e7cddc4469c4787a3fae2827138eea232efb38cb809,0,97786468,0.028488021238413624,1748268766983446,Blobble Stake Token,0.0040187875,BST,0,1,2025-05-26
cxf14dea1cff7ceb29a46e6d04533a08f84441e41d,hxec052dfc0db0ae26086ca78e36a054a8424d3707,hxa08bf132c1ff806f839aacacbb42b7e2d7069f17,0x241c3f7eaa7e6be,0x13e044c35cb34d531fd50a68b5cd0fd5d38313928fbdb99009b2f390c2461586,0,97786466,0.16262653112325906,1748268763108327,Blobble Stake Token,0.0040225375,BST,0,1,2025-05-26
cxf14dea1cff7ceb29a46e6d04533a08f84441e41d,hxec052dfc0db0ae26086ca78e36a054a8424d3707,hx74284db23f402ec7397034d52e6c9543d0779048,0x2ace2221fff7433c,0x77b69be38b93dfe1ad49c4b23ef9d21c7b76007e43b2ce0dc4e18a445068bf54,0,97786464,3.0844403242190284,1748268758909683,Blobble Stake Token,0.00402635,BST,0,1,2025-05-26
cxf14dea1cff7ceb29a46e6d04533a08f84441e41d,hxec052dfc0db0ae26086ca78e36a054a8424d3707,hx9b33d79611c9ddd2d8c0365f78da318308a8ca82,0xb9d4d1a22c6d,0x822114796745d7661bce70df66c3a08432560f25d917643d05cc9a3956521959,0,97786462,0.000204323701271661,1748268754890770,Blobble Stake Token,0.004012475,BST,0,1,2025-05-26
cxf14dea1cff7ceb29a46e6d04533a08f84441e41d,hxec052dfc0db0ae26086ca78e36a054a8424d3707,hx4a60d0c0d45ce6c916532c867a4621c066f8b4ac,0x1d9e9f6f45bf96,0x42538c1a805066beef70a55a7977c3e1221ae5bb0205748a7abe89a3c6fdb790,0,97786460,0.008337181928439703,1748268751090518,Blobble Stake Token,0.0040187875,BST,0,1,2025-05-26
cxf14dea1cff7ceb29a46e6d04533a08f84441e41d,hxec052dfc0db0ae26086ca78e36a054a8424d3707,hx68151644cf9a6173a17afed35cd1ec2bd6b1c652,0x973adbeefa275f0,0x5538e0c0eb3189b97c4026d58fbcd0d35e9c06b9f9218d992c5707ad3f9823a5,0,97786458,0.68107900423887,1748268747136190,Blobble Stake Token,0.00402385,BST,0,1,2025-05-26
cxf14dea1cff7ceb29a46e6d04533a08f84441e41d,hxec052dfc0db0ae26086ca78e36a054a8424d3707,hx61261409316b3bca03b829b6dcda45167d312f5e,0xa7115fad59a0,0x33ceba460dc803731c9a5bc39b25935e4c3698314ebd88dcd0305b8ad1b6ae2b,0,97786456,0.000183693061478816,1748268742948730,Blobble Stake Token,0.004012475,BST,0,1,2025-05-26
cxf14dea1cff7ceb29a46e6d04533a08f84441e41d,hxec052dfc0db0ae26086ca78e36a054a8424d3707,hxf59d7f397fe565afe4d2f5ca9870b7d56f9adffd,0x1370265f4bfaf5,0x54dbf05fde120892ac461debed4e552dbc8a5a2ff266d2c14c018012ed0e80cc,0,97786454,0.005471334667385589,1748268738977860,Blobble Stake Token,0.0040187875,BST,0,1,2025-05-26
cxf14dea1cff7ceb29a46e6d04533a08f84441e41d,hxec052dfc0db0ae26086ca78e36a054a8424d3707,hxda93f26fb12647deec2bf4dcb5bd23e0abec3e87,0x4dabf39ec8918f,0xc3fa57a1efc67e1ad01d3201ecfebc007b898813d03c08f642c12d3b1e3084e8,0,97786452,0.021862636036067726,1748268734905839,Blobble Stake Token,0.0040187875,BST,0,1,2025-05-26
cxf14dea1cff7ceb29a46e6d04533a08f84441e41d,hxec052dfc0db0ae26086ca78e36a054a8424d3707,hx5bf56ede697560a6ec0b068a73ea29f24f247ab1,0x20281daf6cc35a4,0x64370b8118c6195a68db3775b4547ec0b13db1bf3cc84dca379225c68276f85b,0,97786450,0.14482091547270903,1748268731150818,Blobble Stake Token,0.00402385,BST,0,1,2025-05-26
cxf14dea1cff7ceb29a46e6d04533a08f84441e41d,hxec052dfc0db0ae26086ca78e36a054a8424d3707,hxccb3e773ba10ceec05ec340924c7db321ec8592d,0x55b4240d276ee64,0x378d09aba02b43e3ceb862e3f270c8ba613ce4e1a5a25e3d117a27538deee38f,0,97786448,0.38597503924665916,1748268726960514,Blobble Stake Token,0.0040225375,BST,0,1,2025-05-26
cxf14dea1cff7ceb29a46e6d04533a08f84441e41d,hxec052dfc0db0ae26086ca78e36a054a8424d3707,hx31be4d39fbaee72ad3e523005a798c172507db46,0x6bed6987c3be,0x1f5afe623d4e335e38d4d421ca21a34feda4d820d49607573c5a0abab5da063b,0,97786446,0.000118667421926334,1748268722894703,Blobble Stake Token,0.004011225,BST,0,1,2025-05-26
cxf14dea1cff7ceb29a46e6d04533a08f84441e41d,hxec052dfc0db0ae26086ca78e36a054a8424d3707,hxef66882b9d32cd7c4704f84e92efd7723e8f565d,0x345c0179ad81ba,0xeca12a1e42be0f01342b2b76b2a1efe583ee2b77bd968fb281c69cc36045666c,0,97786444,0.014737860195090874,1748268718884101,Blobble Stake Token,0.0040187875,BST,0,1,2025-05-26
cxf14dea1cff7ceb29a46e6d04533a08f84441e41d,hxec052dfc0db0ae26086ca78e36a054a8424d3707,hx860e6a4569e9c631420e800a7cb75f2381528e85,0x14a5de675a45,0xe526997e9e4ca99a6b2c2a5d2617e903b2307560bf8b1cc311dfbc7bbb1843fb,0,97786442,2.2702633474629e-05,1748268714938148,Blobble Stake Token,0.004011225,BST,0,1,2025-05-26
cxf14dea1cff7ceb29a46e6d04533a08f84441e41d,hxec052dfc0db0ae26086ca78e36a054a8424d3707,hx691d9ca4e15022f8f629d5c2166a84c494b2decb,0x10fdd45a6248c,0xc4b6bb8294f796a68575bfada38d71532efeea3655eb425f2babe053c533a1d0,0,97786440,0.000298918007415948,1748268710918213,Blobble Stake Token,0.0040176,BST,0,1,2025-05-26
cxf14dea1cff7ceb29a46e6d04533a08f84441e41d,hxec052dfc0db0ae26086ca78e36a054a8424d3707,hxcef130683e9fc7672989c3852005d571d7107d6e,0x24906481afda3,0x2d7809329a1b480bc231ae613181c776bb5f2c8e27729d52d13c6007957999b5,0,97786438,0.000643241281781155,1748268706892537,Blobble Stake Token,0.0040162875,BST,0,1,2025-05-26
cx28b2ec885b50c8a93da752f2d0467a67127a70e8,cx7127ae2887ef7676bf8014e995bd2ed4fd71f05b,cx5a0af85407c69945eb318d4ac18e9e842184163c,0x6d499ec6c6337b333,0x1cc4b5d27d9df5b90370e27186fe4bb682577652662fcd4e16f5da25c6517125,7,97786437,125.99999999999999,1748268704874666,CROWN,0.0415532625,CROWN,0,1,2025-05-26
cx28b2ec885b50c8a93da752f2d0467a67127a70e8,cx7127ae2887ef7676bf8014e995bd2ed4fd71f05b,hx0000000000000000000000000000000000000000,0x1236efcbcbb33f333,0x1cc4b5d27d9df5b90370e27186fe4bb682577652662fcd4e16f5da25c6517125,5,97786437,20.999999999999996,1748268704874666,CROWN,0.0415532625,CROWN,0,1,2025-05-26
cx28b2ec885b50c8a93da752f2d0467a67127a70e8,cx7127ae2887ef7676bf8014e995bd2ed4fd71f05b,cxd77007090899311f1afbcae86b49cfe817fc6810,0x246ddf9797667e666,0x1cc4b5d27d9df5b90370e27186fe4bb682577652662fcd4e16f5da25c6517125,4,97786437,41.99999999999999,1748268704874666,CROWN,0.0415532625,CROWN,0,1,2025-05-26
cx28b2ec885b50c8a93da752f2d0467a67127a70e8,cx7127ae2887ef7676bf8014e995bd2ed4fd71f05b,hx84f2cd8dd94ed2da42f6a1b959b0baaecf6651c1,0x1236efcbcbb33f333,0x1cc4b5d27d9df5b90370e27186fe4bb682577652662fcd4e16f5da25c6517125,2,97786437,20.999999999999996,1748268704874666,CROWN,0.0415532625,CROWN,0,1,2025-05-26
cx28b2ec885b50c8a93da752f2d0467a67127a70e8,hx9645117f1b0c7181a126c7f4f222caefc6ee7a61,cx7127ae2887ef7676bf8014e995bd2ed4fd71f05b,0xb6255df5f50078000,0x1cc4b5d27d9df5b90370e27186fe4bb682577652662fcd4e16f5da25c6517125,0,97786437,209.99999999999997,1748268704874666,CROWN,0.0415532625,CROWN,0,1,2025-05-26
cxf14dea1cff7ceb29a46e6d04533a08f84441e41d,hxec052dfc0db0ae26086ca78e36a054a8424d3707,hxe6fa846815d85922a679b033226e4afefd178cb2,0xfaedfd0b93a17,0x963929964799f91e98b0c15d41b86fab42fa797ba8b16a2df8aa4fa73e7afe3b,0,97786436,0.004414400953399831,1748268702883859,Blobble Stake Token,0.0040162875,BST,0,1,2025-05-26
cxf14dea1cff7ceb29a46e6d04533a08f84441e41d,hxec052dfc0db0ae26086ca78e36a054a8424d3707,hx7ba9bcbb6cf895dd7b325693718229afa9eec57b,0x48478f35006766,0x194f2ca04a1fd71ee14e53fc28cd96fb787d6f948a454ce4da754732037acb16,0,97786434,0.020344878718281573,1748268698881464,Blobble Stake Token,0.0040187875,BST,0,2,2025-05-26
cx88fd7df7ddff82f7cc735c871dc519838cb235bb,hx0000000000000000000000000000000000000000,cx5faae53c4dbd1fbe4a2eb4aab6565030f10da5c6,0xbaf19c7814c000,0x78aeaaa93bef423672aedea1bbd971dd3a1295a186dee2a8fab8e35e53cf08cd,9,97786432,0.05262,1748268694883560,Balanced Dollar,0.120548075,bnUSD,0,2,2025-05-26
cx88fd7df7ddff82f7cc735c871dc519838cb235bb,hx0000000000000000000000000000000000000000,cx66d4d90f5f113eba575bf793570135f9b10cece1,0x16d1fe59a88870000,0x78aeaaa93bef423672aedea1bbd971dd3a1295a186dee2a8fab8e35e53cf08cd,0,97786432,26.31,1748268694883560,Balanced Dollar,0.120548075,bnUSD,0,2,2025-05-26
cxf14dea1cff7ceb29a46e6d04533a08f84441e41d,hxec052dfc0db0ae26086ca78e36a054a8424d3707,hxb89d884d3c4aba55d8bc7b67745a5b00a5bcdf5b,0x239defb8a124c,0x1681d33f81edbbbbbed1bcbf7c1133675a37be7434cc35d31c17e469e5f14929,0,97786432,0.000626579819074124,1748268694883560,Blobble Stake Token,0.0040162875,BST,0,1,2025-05-26
cxf14dea1cff7ceb29a46e6d04533a08f84441e41d,hxec052dfc0db0ae26086ca78e36a054a8424d3707,hx8c5cc6b806aa640f38561d101caec8bc83f84ddf,0xa99591e249e3,0x00140b3b08c4ee1ee74d479ca8b9dbee8ad27b38f006014a7b422e0a9bc5a57b,0,97786430,0.000186459862747619,1748268690893601,Blobble Stake Token,0.0040137875,BST,0,2,2025-05-26
cxf14dea1cff7ceb29a46e6d04533a08f84441e41d,hxec052dfc0db0ae26086ca78e36a054a8424d3707,hxb549ef43b71d075c1083452392fbf295f90ab774,0x464823a35117d,0x4d112df6e0fb7e6f14874ab2878dbc9b6cb79954129b80c962ea622de027ab4a,0,97786428,0.001236410391925117,1748268686854395,Blobble Stake Token,0.0040162875,BST,0,1,2025-05-26
cxf14dea1cff7ceb29a46e6d04533a08f84441e41d,hxec052dfc0db0ae26086ca78e36a054a8424d3707,hxf396372682ad1fe3c1cb3290f7cac62fb1591a03,0x7fc2501f7e8af,0xe778f8c1852b163c780130d39a0213fe3f19eb6be9869a47bb6ac9361755e14e,0,97786426,0.002247560713988271,1748268682850854,Blobble Stake Token,0.0040162875,BST,0,1,2025-05-26
cxf14dea1cff7ceb29a46e6d04533a08f84441e41d,hxec052dfc0db0ae26086ca78e36a054a8424d3707,hxbf57ab05040d065f69cc9ebcac9e93795a88fbc7,0x8b4996f710f17,0xbcbbedcf8e8089d54d3ad144f00603aa30886010fef01479030e0569ef0679aa,0,97786424,0.002450370906361623,1748268678867430,Blobble Stake Token,0.0040162875,BST,0,1,2025-05-26
cxf14dea1cff7ceb29a46e6d04533a08f84441e41d,hxec052dfc0db0ae26086ca78e36a054a8424d3707,hx45615994119a110588ecc4ea08f5ee3c9da6affa,0x141304125ad37e,0x4de8ccf1d8fd9c08d7c08d5c3cac0ba2b1cbd3218f8011b200c18de462925a03,0,97786420,0.005650407742952318,1748268670887189,Blobble Stake Token,0.0040187875,BST,0,1,2025-05-26
cxf14dea1cff7ceb29a46e6d04533a08f84441e41d,hxec052dfc0db0ae26086ca78e36a054a8424d3707,hxdd399c9ec1eb4e49e76d9c985990b3a159bcfd82,0x1642d3c76d5264,0xa76ff544be06a4896e9fe03f2f9370d9e351b93d4f66085322beee9f659d4d83,0,97786418,0.006265926838997604,1748268666947042,Blobble Stake Token,0.0040187875,BST,0,1,2025-05-26
cxf14dea1cff7ceb29a46e6d04533a08f84441e41d,hxec052dfc0db0ae26086ca78e36a054a8424d3707,hxccfef470fefd49d9a548a2517e11ce5547094881,0x5404414be04ec104,0x9a937b992c46bc423595b410075e158e2ee680dd599a80a72faa7b143e76454d,0,97786416,6.054035593234399,1748268663102018,Blobble Stake Token,0.004023975,BST,0,1,2025-05-26
cxf14dea1cff7ceb29a46e6d04533a08f84441e41d,hxec052dfc0db0ae26086ca78e36a054a8424d3707,hx402c021c67b145f891199fdadb7a28eff0805600,0xa14fd987713b1,0xab393c3898f02c88efe68681d9201ee753fa71b50966bc44d18854a44aa78009,0,97786414,0.002837829184328625,1748268658884495,Blobble Stake Token,0.0040179125,BST,0,1,2025-05-26
cxf14dea1cff7ceb29a46e6d04533a08f84441e41d,hxec052dfc0db0ae26086ca78e36a054a8424d3707,hx52f56c3478fd29bf8d3d156b2da26f027d9940e2,0x10c87d312c9f95c,0x53544cc35b94e077407e65dd678ca3854bbb1be6bb5ed000c7cf84e57bec7947,0,97786412,0.07558463438153148,1748268654844719,Blobble Stake Token,0.004025475,BST,0,1,2025-05-26
cxf14dea1cff7ceb29a46e6d04533a08f84441e41d,hxec052dfc0db0ae26086ca78e36a054a8424d3707,hxff3c6660d8e4b633dca02fbfd18941e3addccf5e,0x2017b9282e3dded,0x4c53eeb31dedbe33d0d7ccd236a95fe0f750578786589e2ca892bc91e4d9974f,0,97786410,0.14453253224397974,1748268651039472,Blobble Stake Token,0.004025475,BST,0,1,2025-05-26
cxf14dea1cff7ceb29a46e6d04533a08f84441e41d,hxec052dfc0db0ae26086ca78e36a054a8424d3707,hxbba86ef72cb7dccec4b39b520d42c241ed890c22,0x11a3034d9d1af,0xdfbf18e6902c75b3a0baa7b06011236f8f651e5200379686e295747406f86290,0,97786408,0.000310269324153263,1748268647231494,Blobble Stake Token,0.0040179125,BST,0,5,2025-05-26
cx88fd7df7ddff82f7cc735c871dc519838cb235bb,cxa0af3165c08318e988cb30993b3048335b94af6c,hx4dc7903504bb800a462378348a42f53742759e0b,0x3f01b2ee1df03b7,0x8ca2a77d9ac03164c58e55daa330f4f1bc38e2adba306b086b0b29cafd826142,3,97786408,0.2837566646962759,1748268647231494,Balanced Dollar,0.0347379625,bnUSD,0,3,2025-05-26
cx65c9e3d4fea842e00add0d32a5b4c5e4e04c7a6b,hx4dc7903504bb800a462378348a42f53742759e0b,cxa0af3165c08318e988cb30993b3048335b94af6c,0x21dec95a,0xba89eb15470b210a28b26be5bbc4aaf97eaa5b63344452909ec823ef41761486,0,97786408,0.568248666,1748268647231494,Solana,0.0215575125,SOL,0,2,2025-05-26
cx88fd7df7ddff82f7cc735c871dc519838cb235bb,hx4dc7903504bb800a462378348a42f53742759e0b,cxa0af3165c08318e988cb30993b3048335b94af6c,0x57ce3844ec67ac000,0x16887e089baa56a3c2bcd980698082d80f7b174a0fcf610667b356b12c6c3497,0,97786408,101.2329023228364,1748268647231494,Balanced Dollar,0.02221895,bnUSD,0,1,2025-05-26
cxf14dea1cff7ceb29a46e6d04533a08f84441e41d,hxec052dfc0db0ae26086ca78e36a054a8424d3707,hx3a629bd25427f6c6b5f23199c4bc88990c25d163,0x7a2ab938d6184,0x0f62b4bb9e773bb5f7d33a6878f1c5f698c4a4825b344480a604f587f01f1112,0,97786406,0.002149182635598212,1748268642906156,Blobble Stake Token,0.0040179125,BST,0,3,2025-05-26
cx65c9e3d4fea842e00add0d32a5b4c5e4e04c7a6b,cx21e94c08c03daee80c25d8ee3ea22a20786ec231,hx4dc7903504bb800a462378348a42f53742759e0b,0x21e31f09,0x196b3506a0b952dc643af9906102e9d102fa60e1082a1f76902fa56261cab1d7,13,97786406,0.568532745,1748268642906156,Solana,0.25088105,SOL,0,2,2025-05-26
cx88fd7df7ddff82f7cc735c871dc519838cb235bb,cxa0af3165c08318e988cb30993b3048335b94af6c,cx5faae53c4dbd1fbe4a2eb4aab6565030f10da5c6,0x21ba0b1860183e0,0x196b3506a0b952dc643af9906102e9d102fa60e1082a1f76902fa56261cab1d7,11,97786406,0.15189169676494538,1748268642906156,Balanced Dollar,0.25088105,bnUSD,0,2,2025-05-26
cx65c9e3d4fea842e00add0d32a5b4c5e4e04c7a6b,cxa0af3165c08318e988cb30993b3048335b94af6c,cx21e94c08c03daee80c25d8ee3ea22a20786ec231,0x21e31f09,0x196b3506a0b952dc643af9906102e9d102fa60e1082a1f76902fa56261cab1d7,10,97786406,0.568532745,1748268642906156,Solana,0.25088105,SOL,0,2,2025-05-26
cx88fd7df7ddff82f7cc735c871dc519838cb235bb,cx21e94c08c03daee80c25d8ee3ea22a20786ec231,cxa0af3165c08318e988cb30993b3048335b94af6c,0x57d47ce4cf9476d46,0x196b3506a0b952dc643af9906102e9d102fa60e1082a1f76902fa56261cab1d7,9,97786406,101.26113117663026,1748268642906156,Balanced Dollar,0.25088105,bnUSD,0,2,2025-05-26
cx88fd7df7ddff82f7cc735c871dc519838cb235bb,cxa0af3165c08318e988cb30993b3048335b94af6c,cx5faae53c4dbd1fbe4a2eb4aab6565030f10da5c6,0x21d31083a4771ff,0x196b3506a0b952dc643af9906102e9d102fa60e1082a1f76902fa56261cab1d7,7,97786406,0.15233187380772506,1748268642906156,Balanced Dollar,0.25088105,bnUSD,0,2,2025-05-26
cx88fd7df7ddff82f7cc735c871dc519838cb235bb,cxa0af3165c08318e988cb30993b3048335b94af6c,cx21e94c08c03daee80c25d8ee3ea22a20786ec231,0x57d47ce4cf9476d46,0x196b3506a0b952dc643af9906102e9d102fa60e1082a1f76902fa56261cab1d7,6,97786406,101.26113117663026,1748268642906156,Balanced Dollar,0.25088105,bnUSD,0,2,2025-05-26
cx2609b924e33ef00b648a409245c7ea394c467824,cx21e94c08c03daee80c25d8ee3ea22a20786ec231,cxa0af3165c08318e988cb30993b3048335b94af6c,0x23eb6f4109de6b556e,0x196b3506a0b952dc643af9906102e9d102fa60e1082a1f76902fa56261cab1d7,5,97786406,662.6008924118044,1748268642906156,Staked ICX,0.25088105,sICX,0,2,2025-05-26
cx2609b924e33ef00b648a409245c7ea394c467824,hx0000000000000000000000000000000000000000,cx21e94c08c03daee80c25d8ee3ea22a20786ec231,0x23eb6f4109de6b556e,0x196b3506a0b952dc643af9906102e9d102fa60e1082a1f76902fa56261cab1d7,3,97786406,662.6008924118044,1748268642906156,Staked ICX,0.25088105,sICX,0,2,2025-05-26
cx88fd7df7ddff82f7cc735c871dc519838cb235bb,cx21e94c08c03daee80c25d8ee3ea22a20786ec231,hx4dc7903504bb800a462378348a42f53742759e0b,0x57d976ebb284bcea6,0xc1ac22bc09f0cfe45ac40a36a68793f93e95c231010f34013d1a5ceaef585226,9,97786406,101.28354409488605,1748268642906156,Balanced Dollar,0.2035732625,bnUSD,0,1,2025-05-26
cx88fd7df7ddff82f7cc735c871dc519838cb235bb,cxa0af3165c08318e988cb30993b3048335b94af6c,cx5faae53c4dbd1fbe4a2eb4aab6565030f10da5c6,0x21d4fb2191af413,0xc1ac22bc09f0cfe45ac40a36a68793f93e95c231010f34013d1a5ceaef585226,7,97786406,0.1523655887444347,1748268642906156,Balanced Dollar,0.2035732625,bnUSD,0,1,2025-05-26
cx88fd7df7ddff82f7cc735c871dc519838cb235bb,cxa0af3165c08318e988cb30993b3048335b94af6c,cx21e94c08c03daee80c25d8ee3ea22a20786ec231,0x57d976ebb284bcea6,0xc1ac22bc09f0cfe45ac40a36a68793f93e95c231010f34013d1a5ceaef585226,6,97786406,101.28354409488605,1748268642906156,Balanced Dollar,0.2035732625,bnUSD,0,1,2025-05-26
cx2609b924e33ef00b648a409245c7ea394c467824,cx21e94c08c03daee80c25d8ee3ea22a20786ec231,cxa0af3165c08318e988cb30993b3048335b94af6c,0x23eb6f4109de6b556e,0xc1ac22bc09f0cfe45ac40a36a68793f93e95c231010f34013d1a5ceaef585226,5,97786406,662.6008924118044,1748268642906156,Staked ICX,0.2035732625,sICX,0,1,2025-05-26
cx2609b924e33ef00b648a409245c7ea394c467824,hx0000000000000000000000000000000000000000,cx21e94c08c03daee80c25d8ee3ea22a20786ec231,0x23eb6f4109de6b556e,0xc1ac22bc09f0cfe45ac40a36a68793f93e95c231010f34013d1a5ceaef585226,3,97786406,662.6008924118044,1748268642906156,Staked ICX,0.2035732625,sICX,0,1,2025-05-26
cxf14dea1cff7ceb29a46e6d04533a08f84441e41d,hxec052dfc0db0ae26086ca78e36a054a8424d3707,hx3d07ebfd1b905aef34a2d35bbee620307daca347,0x810cae05f42f4,0xa5c08c3caffa087ffe8367e751b0b7d460b514ad990ef93c48186a547c111145,0,97786404,0.0022702633474629,1748268638925084,Blobble Stake Token,0.0040179125,BST,0,1,2025-05-26
cxf14dea1cff7ceb29a46e6d04533a08f84441e41d,hxec052dfc0db0ae26086ca78e36a054a8424d3707,hxcc416cd1e9e94aa5a8bf301769d29616a1ba5b11,0x1b80f13fab3de9,0xb9d5c6dffd2d3c4a0e8a9ad1766e83980ee2b918f6c6e28ecf9302a3ba1789c8,0,97786402,0.007741598014848489,1748268634865049,Blobble Stake Token,0.0040204125,BST,0,1,2025-05-26
cxf14dea1cff7ceb29a46e6d04533a08f84441e41d,hxec052dfc0db0ae26086ca78e36a054a8424d3707,hx5c08bd14fd1f136b5c0e67eda0084c0160515021,0xa58c90a76a424,0xdf851e13ccdac74cc4bbb21c5273c7ab7371b82614915e597f51f0d183eee661,0,97786400,0.002912370254324772,1748268631052210,Blobble Stake Token,0.0040179125,BST,0,1,2025-05-26
cxf14dea1cff7ceb29a46e6d04533a08f84441e41d,hxec052dfc0db0ae26086ca78e36a054a8424d3707,hx4f45fd324c0cb69ede9437dbcc1ad846fd53ead2,0xd37328ccd6a914,0x31c81c4d8cc4717dc80a17583b9d32e0581ac9b010fc9d6f52b4743609271c2b,0,97786398,0.05951783915845455,1748268626906979,Blobble Stake Token,0.004022975,BST,0,1,2025-05-26
cxf14dea1cff7ceb29a46e6d04533a08f84441e41d,hxec052dfc0db0ae26086ca78e36a054a8424d3707,hxfe6f0f76997bfc0850ecd3b62610fc2b74e936f9,0xc919c077c00f89,0xb8eaa28b499fd3685151d6a16f9411e1e4b7c479f9d6630815f80418e54fcc76,0,97786396,0.05660478475233268,1748268622860729,Blobble Stake Token,0.0040216625,BST,0,1,2025-05-26
cxf14dea1cff7ceb29a46e6d04533a08f84441e41d,hxec052dfc0db0ae26086ca78e36a054a8424d3707,hx29ab3a24faa2ecc1d7bfa0cde849076ae5521c47,0x810cae05f42f4,0x17e7db9647d239b8261639d4a0097750d67faee870a26fda6cd8bbfee61a9dfe,0,97786394,0.0022702633474629,1748268619694149,Blobble Stake Token,0.0040179125,BST,0,1,2025-05-26
cxf14dea1cff7ceb29a46e6d04533a08f84441e41d,hxec052dfc0db0ae26086ca78e36a054a8424d3707,hxc6b7736cb8a3c53d1bd208715f69406ec38b1af4,0x64d1e7f4a6c4ea0,0x1e0796d9180a696b12c36bf01117b2ab489bb81ccf52200ca333aba40340c1cb,0,97786392,0.45405266949258,1748268614861288,Blobble Stake Token,0.004025475,BST,0,1,2025-05-26
cxf14dea1cff7ceb29a46e6d04533a08f84441e41d,hxec052dfc0db0ae26086ca78e36a054a8424d3707,hx350a16e62932b16e55db1a67e0562e56723ab76f,0x17fb50fab4d824,0x18b113e50cf1f11274a3db571b33f21f28b58b2a1f92d03fbe0f992d84bd8906,0,97786390,0.006750249686456356,1748268610883944,Blobble Stake Token,0.0040204125,BST,0,1,2025-05-26
cxf14dea1cff7ceb29a46e6d04533a08f84441e41d,hxec052dfc0db0ae26086ca78e36a054a8424d3707,hx692f8635ab4ca2c624eea17a253a38c99f4471b8,0x59b07e10f01bb8,0xd998aef8547530c5af53b70db5e8716879c266674f33b673e80d9269ec5f6237,0,97786388,0.025245328423787447,1748268606837576,Blobble Stake Token,0.0040204125,BST,0,1,2025-05-26
cxf14dea1cff7ceb29a46e6d04533a08f84441e41d,hxec052dfc0db0ae26086ca78e36a054a8424d3707,hx7b854ed4eb8a34fbd1ff3c916e9fa34847988253,0xd55ca4d6a4c9,0xe9ce19a570d59ed814f2e417760f84675ec2aa69e23dcb32db7d24694f2a2fbe,0,97786386,0.000234593879237833,1748268602853779,Blobble Stake Token,0.0040141,BST,0,1,2025-05-26
cxf14dea1cff7ceb29a46e6d04533a08f84441e41d,hxec052dfc0db0ae26086ca78e36a054a8424d3707,hx53c3f6669c6de42e6fc531f5b8d5676230eea222,0xd4ee8589d2e79,0x451d8b90f699a80998b093f8e7ce49c3cdb8c68ee43b543689543b3c9bec9a73,0,97786384,0.003745934523313785,1748268598845046,Blobble Stake Token,0.0040179125,BST,0,1,2025-05-26
cxf14dea1cff7ceb29a46e6d04533a08f84441e41d,hxec052dfc0db0ae26086ca78e36a054a8424d3707,hx5ccf4ac9380fa981ade32b94455f5aa5cfea8d2e,0x207569c9566777,0xa9187d92ddd7301f1020d2fd215309427a4724169599270f7d763b53dbe86a0f,0,97786382,0.009136296464639863,1748268594847829,Blobble Stake Token,0.0040204125,BST,0,1,2025-05-26
cxf14dea1cff7ceb29a46e6d04533a08f84441e41d,hxec052dfc0db0ae26086ca78e36a054a8424d3707,hxdd705bf58bd2e7a6ce920c0c498f39391df2df6f,0x356c4df0713cc,0xf7c78139ca240f5e2143ef3199b69414aba44ea790c535627f37115f6918fa4b,0,97786380,0.000939828485493708,1748268590865710,Blobble Stake Token,0.0040179125,BST,0,1,2025-05-26
cxf14dea1cff7ceb29a46e6d04533a08f84441e41d,hxec052dfc0db0ae26086ca78e36a054a8424d3707,hx0aaac6d38e629a0fce7e5b6951e0ec0881355301,0x10fe6a038f73a2,0x7b09537fb17e0e13be0af13272312bf670276747a77d8e2305c0f3ac5d02bc22,0,97786376,0.004783330907091874,1748268582820256,Blobble Stake Token,0.0040204125,BST,0,1,2025-05-26
cxf14dea1cff7ceb29a46e6d04533a08f84441e41d,hxec052dfc0db0ae26086ca78e36a054a8424d3707,hx9149c2de46219ca2ed05cfdca5eff35fb9725319,0x2853f661dc4ec4,0xd9eb053dc5c58572a2b5b092bed03e46ab063aff0cb6cd73e2056854dc120359,0,97786374,0.0113513167373145,1748268578827937,Blobble Stake Token,0.0040204125,BST,0,1,2025-05-26
cxf14dea1cff7ceb29a46e6d04533a08f84441e41d,hxec052dfc0db0ae26086ca78e36a054a8424d3707,hx148782df8c375cc2f647308cf319705736e4b9e7,0x5ebab5b34dac28,0x961e6e1fb0cfa9bcc7a6fab6abb7dafcdceb5edec5fdbad2bd3390a7405165c1,0,97786372,0.026663937370860584,1748268574874320,Blobble Stake Token,0.0040204125,BST,0,1,2025-05-26
cxf14dea1cff7ceb29a46e6d04533a08f84441e41d,hxec052dfc0db0ae26086ca78e36a054a8424d3707,hx5f8058e926685989563ee273d8bf6cee2f487b24,0x1561fac852cf5,0xc523814292fc71a9aab6e0d666a154a083766f9d364bc86be6a2b0a82bd15c32,0,97786370,0.000376169015094517,1748268570828554,Blobble Stake Token,0.0040179125,BST,0,1,2025-05-26
cxf14dea1cff7ceb29a46e6d04533a08f84441e41d,hxec052dfc0db0ae26086ca78e36a054a8424d3707,hxc7cfd0098174ac322f1f4f622440b4b83e9750cd,0xad0f74389c8d9,0xc7e721f0ecf93d412b26e75ceaef0f27417034ef4f32052aed34a87ae3f42bc9,0,97786368,0.003044510175709401,1748268566881288,Blobble Stake Token,0.0040179125,BST,0,1,2025-05-26
cxf14dea1cff7ceb29a46e6d04533a08f84441e41d,hxec052dfc0db0ae26086ca78e36a054a8424d3707,hx304793fef6c301c7b01c4d6918b60aaae6c3ee19,0x1b7d55a198cea6,0x417bc11d5fc307eb19bb0c99dff4e7885097148eb51fb04475be201d1fc68af5,0,97786366,0.007737631108026022,1748268562958133,Blobble Stake Token,0.0040204125,BST,0,1,2025-05-26
cxf14dea1cff7ceb29a46e6d04533a08f84441e41d,hxec052dfc0db0ae26086ca78e36a054a8424d3707,hx62207d1640bf8e1fefe9bcfe64366cbbd7ce3330,0x14ab2e51f5faee,0x343a9f414b6e498c54b0072e0abdaf3f973f161daaf494dfde02fce378114ffc,0,97786364,0.005817714966133486,1748268558838738,Blobble Stake Token,0.0040204125,BST,0,2,2025-05-26
cxf14dea1cff7ceb29a46e6d04533a08f84441e41d,hxec052dfc0db0ae26086ca78e36a054a8424d3707,hxc601f66d92e9db31b3f3226770fb774c4e1ffda1,0x7b06f7d279db20,0xeb689771830a4241e8373dfc865412534d7f31d06d6964ee81b11c1f93f5c806,0,97786360,0.03462908359330077,1748268550968023,Blobble Stake Token,0.0040204125,BST,0,1,2025-05-26
cxf14dea1cff7ceb29a46e6d04533a08f84441e41d,hxec052dfc0db0ae26086ca78e36a054a8424d3707,hx3f4ea8c02cbaf4e7a65ae08328b2752feb475ae7,0x177a444caee3f4c,0x467d83256d8029ad60a0a3a5a9f3fd48e96024c9aae65d1b8b7709e3236ee8d7,0,97786358,0.1057337316358388,1748268546738978,Blobble Stake Token,0.004025475,BST,0,1,2025-05-26
cxf14dea1cff7ceb29a46e6d04533a08f84441e41d,hxec052dfc0db0ae26086ca78e36a054a8424d3707,hx2c96e0722370a92aab4d38aa847123c75276cdfd,0x18cb1608a4d47a5,0x261191874aadcaf34e6b84e864eea0a6078dc6d0cf9cd60433b060d99737ceee,0,97786356,0.11165911897271696,1748268542848034,Blobble Stake Token,0.004025475,BST,0,1,2025-05-26
cxf14dea1cff7ceb29a46e6d04533a08f84441e41d,hxec052dfc0db0ae26086ca78e36a054a8424d3707,hx6c4a87522ee3ffb354b0519691c46be02d47ffef,0x1ae2a4413d89d8,0xfa4b5f7ae58eebc89a79c2f923e2bb850c5c0d4aa8e326a195aa5c67a694387b,0,97786354,0.007567544491543,1748268538893088,Blobble Stake Token,0.0040204125,BST,0,1,2025-05-26
cxf14dea1cff7ceb29a46e6d04533a08f84441e41d,hxec052dfc0db0ae26086ca78e36a054a8424d3707,hx222e768cd4d1f6fce98d490e7818ae9fca55302e,0x83f60f4180cb61,0x0c0340260f30bbf7b7b62dca2f95176fc000974721c5586c07d9c5b81dee6677,0,97786352,0.037143767332997984,1748268534829519,Blobble Stake Token,0.0040216625,BST,0,1,2025-05-26
cxf14dea1cff7ceb29a46e6d04533a08f84441e41d,hxec052dfc0db0ae26086ca78e36a054a8424d3707,hx9896ba2aac0a4cb8790bcff4cd14ae0340c1d34c,0x10f01070c80c9a,0x6ef078384561770840ee35b2e5c847c132ab5bb331abe2b78a75101dc66d3cb7,0,97786350,0.00476755302967209,1748268530990048,Blobble Stake Token,0.0040204125,BST,0,1,2025-05-26
cxf14dea1cff7ceb29a46e6d04533a08f84441e41d,hxec052dfc0db0ae26086ca78e36a054a8424d3707,hxa3ee95be81b537ec50a5a34fa331d17449856595,0x8003348d2718d0,0xec0aeb204ed5c38fd6af967325dede524120a73d146c46f9e309c147280e4429,0,97786348,0.0360323212602964,1748268526861373,Blobble Stake Token,0.0040216625,BST,0,1,2025-05-26
cxf14dea1cff7ceb29a46e6d04533a08f84441e41d,hxec052dfc0db0ae26086ca78e36a054a8424d3707,hx1a732da164c5a5405710f317281c25d899c9fb4b,0x825dda0dbbf15c,0xf5248136c36fe6bc4c867852df1ae0661dddc52925be46d32cbbc2bda830bb8f,0,97786346,0.03669493808705981,1748268522824167,Blobble Stake Token,0.0040216625,BST,0,1,2025-05-26
cxf14dea1cff7ceb29a46e6d04533a08f84441e41d,hxec052dfc0db0ae26086ca78e36a054a8424d3707,hxc34cfcc1fa2a557d0343891aec016a0040b1ba6d,0x1ae2a4413d89d8,0xd86592774d5cf98966aa53065f1f44d19b1ddd94096bbcde606baefe61c55262,0,97786344,0.007567544491543,1748268519220254,Blobble Stake Token,0.0040204125,BST,0,1,2025-05-26
cxf14dea1cff7ceb29a46e6d04533a08f84441e41d,hxec052dfc0db0ae26086ca78e36a054a8424d3707,hx6c74698f84a873ef28c96d7b2dc5631dab4df1ba,0x3440d81a82c17df,0x757469acc782ac160586868ba67f5e425a61b586710f8540090d977c08d30825,0,97786342,0.23532793105351268,1748268514813915,Blobble Stake Token,0.004025475,BST,0,1,2025-05-26
cxf14dea1cff7ceb29a46e6d04533a08f84441e41d,hxec052dfc0db0ae26086ca78e36a054a8424d3707,hx5dd87b022cc8c4dbda973cca67e798059bef95c9,0xf6ea2e3e97792,0x2b3733e88dac25b81da65a4695d455f8b611fa6c0c9453be2673895049d0db09,0,97786340,0.004343770538145682,1748268510838623,Blobble Stake Token,0.0040179125,BST,0,1,2025-05-26
cxf14dea1cff7ceb29a46e6d04533a08f84441e41d,hxec052dfc0db0ae26086ca78e36a054a8424d3707,hxca23c0ecd11d348c2b93f2566c8e942eaede896b,0x2af5506f94f83c,0x0449492d19cd59e60b44f8b515cd7ed7e52104bd56fe253ff906907736a1f344,0,97786338,0.012091674840070205,1748268506797329,Blobble Stake Token,0.0040204125,BST,0,1,2025-05-26
cxf14dea1cff7ceb29a46e6d04533a08f84441e41d,hxec052dfc0db0ae26086ca78e36a054a8424d3707,hx5769de2ad3afea0cec4cf721019f35e75f43296d,0x908232deaac4e9,0x167fd8813dd1be19ab71b8975fbd99f5691899c335f28c36882e34b746fdab31,0,97786336,0.040675551642043624,1748268502824434,Blobble Stake Token,0.0040216625,BST,0,1,2025-05-26
cxf14dea1cff7ceb29a46e6d04533a08f84441e41d,hxec052dfc0db0ae26086ca78e36a054a8424d3707,hx30274236b979602a7f4b7ba8c05ffe02ebc14920,0x9983e237152502,0x13c75dad3cfc80b337d2263358240094ad7aead016a4dbeb1ff9d1199461ad2c,0,97786334,0.04321067904671053,1748268498806615,Blobble Stake Token,0.0040216625,BST,0,1,2025-05-26
cxf14dea1cff7ceb29a46e6d04533a08f84441e41d,hxec052dfc0db0ae26086ca78e36a054a8424d3707,hxc0379b25391e4305066d489b3d0ce0a524368ca8,0x14b47b63a553b,0xbe2a2360207fb0d98f8d2223c2391235b7551551b7482f65568b04e2f7ce7eb3,0,97786332,0.000364246348748091,1748268494808317,Blobble Stake Token,0.0040179125,BST,0,1,2025-05-26
cxf14dea1cff7ceb29a46e6d04533a08f84441e41d,hxec052dfc0db0ae26086ca78e36a054a8424d3707,hxa9fe5afa56c947cb4e313114e87e2072034be7ac,0x29c0b7b881e71d,0x77c62dec74f87d9257a1564975c6fbb35fbdea7df982efd028d099f2ba4a3dac,0,97786330,0.011752369352206108,1748268490835464,Blobble Stake Token,0.0040204125,BST,0,1,2025-05-26
cxf14dea1cff7ceb29a46e6d04533a08f84441e41d,hxec052dfc0db0ae26086ca78e36a054a8424d3707,hx1d4e52da61ae351bb37acf5468f1793e22882ed2,0x15011052f813b0c0,0xb20d9b745dfedc15ed43324181596f97dca1b1871a206af39f4d044de4c2699b,0,97786328,1.5135088983086,1748268486789809,Blobble Stake Token,0.004027975,BST,0,1,2025-05-26
cxf14dea1cff7ceb29a46e6d04533a08f84441e41d,hxec052dfc0db0ae26086ca78e36a054a8424d3707,hx79b41eb51687c7a818b8b530a3f9871f9fa6269a,0x56087403f81f8,0xb6681f3b2c4f4a6da9a27ae3e85b565208695ce9bfa7d3c4e6607cf98497d48e,0,97786324,0.0015135088983086,1748268478783638,Blobble Stake Token,0.0040179125,BST,0,1,2025-05-26
cxf14dea1cff7ceb29a46e6d04533a08f84441e41d,hxec052dfc0db0ae26086ca78e36a054a8424d3707,hx508e5716e25d70a624e7647861e547aa4d33723b,0x7e09024e9db5d,0xa50c0e00ca6fd8656ec5f94ce59dbfca24ca0d3d472591b52d01aeaf5310daa4,0,97786322,0.002217234536192861,1748268474839996,Blobble Stake Token,0.0040179125,BST,0,1,2025-05-26
cxf14dea1cff7ceb29a46e6d04533a08f84441e41d,hxec052dfc0db0ae26086ca78e36a054a8424d3707,hxa8bebce1fe1d24d8539cea6a19f738c2daa691f8,0x374d980426c6cf,0x0279864815a7aa0fb31571239d2a27f3a239bb54065051816abe7019f092522a,0,97786320,0.01556643901910395,1748268470765500,Blobble Stake Token,0.0040204125,BST,0,1,2025-05-26
cxf14dea1cff7ceb29a46e6d04533a08f84441e41d,hxec052dfc0db0ae26086ca78e36a054a8424d3707,hx633c51d76de81dddda5ddeda6bf4f0139dc6d4c0,0x57852149914df7,0x7efad3b1d4d9237c1d0f1ca6576be08ac3293ef118af08719cb12c27d577477e,0,97786318,0.024634700988501495,1748268466833633,Blobble Stake Token,0.0040204125,BST,0,1,2025-05-26
cxf14dea1cff7ceb29a46e6d04533a08f84441e41d,hxec052dfc0db0ae26086ca78e36a054a8424d3707,hx669b587333213b0846c1a4c39ddc6a2a14f354e1,0xc742add96c4100,0x71cc14aa6a5933fe09bb1d7a6ba824b324ab4194817f650817518b0abca1637c,0,97786316,0.05608683480994637,1748268462981229,Blobble Stake Token,0.004022975,BST,0,1,2025-05-26
cxf14dea1cff7ceb29a46e6d04533a08f84441e41d,hxec052dfc0db0ae26086ca78e36a054a8424d3707,hx3fd4b99a6f53c10fe1574483a27bdb9508665b25,0x1b49e199424d31,0xe0f7b2939730da2ae4010faa15bee512b37fd78111a2fe6295bffd5bd10d4edd,0,97786312,0.007681057658916145,1748268454785749,Blobble Stake Token,0.0040204125,BST,0,1,2025-05-26
cxf14dea1cff7ceb29a46e6d04533a08f84441e41d,hxec052dfc0db0ae26086ca78e36a054a8424d3707,hx91a1c2984e6e3287b5811a8017c1835ea3d041e7,0x55e60a3bf6890d,0xaa2e32b52e63b24f7550f8ea3bedab9959dd68cbfa4fb24ce37cbf1d5379c45a,0,97786310,0.024178304650479886,1748268450903388,Blobble Stake Token,0.0040204125,BST,0,1,2025-05-26
cxf14dea1cff7ceb29a46e6d04533a08f84441e41d,hxec052dfc0db0ae26086ca78e36a054a8424d3707,hxa021f04772d11734b856b4ce396a21ce2a326731,0xd95e2852074c63,0x7d104d76f15539490dcf30fbe461cd790203da86bec64d07bd72c5b745eebb63,0,97786308,0.061183597214125154,1748268446701550,Blobble Stake Token,0.0040216625,BST,0,1,2025-05-26
cxf14dea1cff7ceb29a46e6d04533a08f84441e41d,hxec052dfc0db0ae26086ca78e36a054a8424d3707,hx6a49a2f9a029312506ec2eab3fd6eab6d5397eae,0x8d67e27560c,0xc46ba42ce7859ebcfd415975c6dce3bbe5689dfe7bb14d0b5536aa525c7507e6,0,97786303,9.7173325307e-06,1748268436774611,Blobble Stake Token,0.00401035,BST,0,1,2025-05-26
cxf14dea1cff7ceb29a46e6d04533a08f84441e41d,hxec052dfc0db0ae26086ca78e36a054a8424d3707,hx6cb7de3e24299edd2c7c65c40f57a0eb9788edbe,0xc806da893a7c7,0x51320d8abb42b2a058eb0cf6100656c92a7b4309c694643dc86fb14ef53676c9,0,97786301,0.003518908188567495,1748268432778463,Blobble Stake Token,0.0040179125,BST,0,1,2025-05-26
cxf14dea1cff7ceb29a46e6d04533a08f84441e41d,hxec052dfc0db0ae26086ca78e36a054a8424d3707,hx8c475417bf04be8f74f57a5d40e7f2b02b057889,0x349148f7a0112ac,0xccc78533446c1436594af82f84c97f6a22f10c97c2d8d889f3f3d1dcc16da6c2,0,97786297,0.23674306187343122,1748268424793302,Blobble Stake Token,0.004025475,BST,0,1,2025-05-26
cxf14dea1cff7ceb29a46e6d04533a08f84441e41d,hxec052dfc0db0ae26086ca78e36a054a8424d3707,hxfbf235f190745379a198eb188c836cc91c9d41cb,0xa30856bab8c0d,0x8829b23648af3614ab8eb18ad3456ec46b1760301bd5c236119a8b8d8515db81,0,97786295,0.002868099362294797,1748268420736968,Blobble Stake Token,0.0040179125,BST,0,1,2025-05-26
cxf14dea1cff7ceb29a46e6d04533a08f84441e41d,hxec052dfc0db0ae26086ca78e36a054a8424d3707,hx56f788fde3f220879c1467ec8b23d7f70e561da2,0x302db19bd2a1,0x479b9d7fa72ef0fd9675e790d03b5a6e25f2f7707963f9953b4146c06be0eec7,0,97786293,5.2972811440801e-05,1748268416810660,Blobble Stake Token,0.00401285,BST,0,1,2025-05-26
cxf14dea1cff7ceb29a46e6d04533a08f84441e41d,hxec052dfc0db0ae26086ca78e36a054a8424d3707,hx1497e91ac3eb534057213b110533e0a0158fa9da,0x3faa18695654c,0xef29c7b22de930ea0e1bfedeca32aa496c11620542f2c9b48000b023b8732055,0,97786291,0.001119996584748364,1748268412932339,Blobble Stake Token,0.0040179125,BST,0,1,2025-05-26
cxf14dea1cff7ceb29a46e6d04533a08f84441e41d,hxec052dfc0db0ae26086ca78e36a054a8424d3707,hx47df1406cd23e7c58ca27097c4cab4f668085fb3,0x562fb365150c9,0x9a3eaf72ae0729931bbfebaa2694e33a89a4f668f9fbb4e63f62521469388da7,0,97786289,0.001516205971165385,1748268408760831,Blobble Stake Token,0.0040179125,BST,0,1,2025-05-26
cxf14dea1cff7ceb29a46e6d04533a08f84441e41d,hxec052dfc0db0ae26086ca78e36a054a8424d3707,hxd4c117d58c7befac27d2b7fc3255b8d1f3ce75df,0xe3208e70e0f7,0x4b31728bb6c76aa591fedfed7ae6f87fe339a912c353787f03b25d3ae94d8b0c,0,97786287,0.000249728968220919,1748268404768780,Blobble Stake Token,0.0040154125,BST,0,1,2025-05-26
cxf14dea1cff7ceb29a46e6d04533a08f84441e41d,hxec052dfc0db0ae26086ca78e36a054a8424d3707,hx29c0a7d2a306ab087031bf03541125975473aad3,0x50defc6a218e4,0x239338e5c20e05dfbf4bc1e4fb2022a6c85b4f39279834184d8daa208ef27210,0,97786285,0.001422698364410084,1748268400843178,Blobble Stake Token,0.0040179125,BST,0,1,2025-05-26
cx88fd7df7ddff82f7cc735c871dc519838cb235bb,cxa0af3165c08318e988cb30993b3048335b94af6c,cx5faae53c4dbd1fbe4a2eb4aab6565030f10da5c6,0x2daac5ced8cb0a7,0x1474d5351e127d52e8b2d6a7e75fc9246424fbab238ef6a69fee059ae9a20ab9,2,97786283,0.20566624812116804,1748268396682308,Balanced Dollar,0.0569578875,bnUSD,0,2,2025-05-26
cx88fd7df7ddff82f7cc735c871dc519838cb235bb,cxa0af3165c08318e988cb30993b3048335b94af6c,hxd75467e3e4ce64e3424c747dfb71503017440433,0x76a4b5fc0aed1e3e4,0x1474d5351e127d52e8b2d6a7e75fc9246424fbab238ef6a69fee059ae9a20ab9,1,97786283,136.78652938841188,1748268396682308,Balanced Dollar,0.0569578875,bnUSD,0,2,2025-05-26
cx4297f4b63262507623b6ad575d0d8dd2db980e4e,hxd75467e3e4ce64e3424c747dfb71503017440433,cxa0af3165c08318e988cb30993b3048335b94af6c,0x8ac7230489e80000,0x1474d5351e127d52e8b2d6a7e75fc9246424fbab238ef6a69fee059ae9a20ab9,0,97786283,10.0,1748268396682308,Injective,0.0569578875,INJ,0,2,2025-05-26
cxf14dea1cff7ceb29a46e6d04533a08f84441e41d,hxec052dfc0db0ae26086ca78e36a054a8424d3707,hxeaf708b437ee8d801e2ccc8310d24e1719f2c81b,0x33113bf960ac49a,0x254e5a5c5ff80ca714eb7601719c4e73f53c3da5138004e308b0b0e1b67ee73c,0,97786283,0.2299867695495753,1748268396682308,Blobble Stake Token,0.0040241625,BST,0,1,2025-05-26
cxf14dea1cff7ceb29a46e6d04533a08f84441e41d,hxec052dfc0db0ae26086ca78e36a054a8424d3707,hx6711a77b081f2f38b181b4f6636a6d7c7c2a6e19,0x605b6337a542,0x09044a8ec0d9e1e636772de14efe485452340cee1b7b0d585c860dd1cf90e468,0,97786281,0.000105945622881602,1748268392770331,Blobble Stake Token,0.00401285,BST,0,1,2025-05-26
cxf14dea1cff7ceb29a46e6d04533a08f84441e41d,hxec052dfc0db0ae26086ca78e36a054a8424d3707,hxd18fb43058394b794602d55a450157329b9f578a,0xd55ca4d6a4c9,0x236debbcc41f503fc7b20f2237421d3c8447bed04ac8fc68e935f56c5e3d23f0,0,97786279,0.000234593879237833,1748268388834432,Blobble Stake Token,0.0040154125,BST,0,1,2025-05-26
cxf14dea1cff7ceb29a46e6d04533a08f84441e41d,hxec052dfc0db0ae26086ca78e36a054a8424d3707,hxa9c2705e8e4c990e958430882cf0eeedcbb9f8c5,0xd6d5d00a8d39e,0x421e61a42ac8f27763ac149fb1ab0d67feeaa9c989f7155bcdb3ca5a3b7cba9e,0,97786277,0.003779420907688862,1748268384749728,Blobble Stake Token,0.0040179125,BST,0,1,2025-05-26
cxf14dea1cff7ceb29a46e6d04533a08f84441e41d,hxec052dfc0db0ae26086ca78e36a054a8424d3707,hx46fca9671f1811c860bb19d895704ce2ef4171e7,0x539d03f3db8b6a,0x18b61809e240930dba925a1ce6e5df650f9ad9dc7fd44ee19f3744fa7fbae0c8,0,97786275,0.02353506336869873,1748268380900575,Blobble Stake Token,0.004021725,BST,0,1,2025-05-26
cxf14dea1cff7ceb29a46e6d04533a08f84441e41d,hxec052dfc0db0ae26086ca78e36a054a8424d3707,hxec408aa402df810bcb80911473e2648035434da1,0x2332ab1ab9513f5,0xd1a1f515efa5859700fedc4a68d632774599b3a560abc9c73f469e8398953d2f,0,97786273,0.15851735446435122,1748268376778197,Blobble Stake Token,0.004025475,BST,0,1,2025-05-26
cxf14dea1cff7ceb29a46e6d04533a08f84441e41d,hxec052dfc0db0ae26086ca78e36a054a8424d3707,hx53bd3ba841728a31952ba8fe36ed060afbd4945d,0x1529089c6bfe33,0x14a2af1da07fe2a8b2234a7f22d38d5359cabfe022e59974bc20d57bb3bde1c3,0,97786271,0.005956091471724083,1748268372749801,Blobble Stake Token,0.0040204125,BST,0,1,2025-05-26
cxf14dea1cff7ceb29a46e6d04533a08f84441e41d,hxec052dfc0db0ae26086ca78e36a054a8424d3707,hx3b83046ba363609868c2276743c73a2d335df422,0xac10e807f03f0,0xd01177c2be3a7d621d1da01d728aef62ae14be90da9b1469f5c83df4a1093a5a,0,97786269,0.0030270177966172,1748268368844883,Blobble Stake Token,0.0040179125,BST,0,1,2025-05-26
cxf14dea1cff7ceb29a46e6d04533a08f84441e41d,hxec052dfc0db0ae26086ca78e36a054a8424d3707,hxccdeb31d6694353e355011f78be5b657a7410db1,0xbe9029ef311cd,0x499e4474977f6f8092e29fac56ce33a92f7ed9f4914f2eaa2e652594607b2683,0,97786267,0.003352422209753549,1748268363504980,Blobble Stake Token,0.0040179125,BST,0,1,2025-05-26
cxf14dea1cff7ceb29a46e6d04533a08f84441e41d,hxec052dfc0db0ae26086ca78e36a054a8424d3707,hx953e92947af3181256fdeaa7b71c1238b8de45e2,0x504db048dfd42f,0x8a25ba47a17c76e6a73c604b449f7ae3531b12df19786f03efe31fe97b4cbef1,0,97786263,0.02260341766906373,1748268355513471,Blobble Stake Token,0.0040204125,BST,0,1,2025-05-26
cxf14dea1cff7ceb29a46e6d04533a08f84441e41d,hxec052dfc0db0ae26086ca78e36a054a8424d3707,hx3628fd4752c327bb740f808d2ecb8c9998353c60,0x908914d377e3,0x0df1df07bf2126b646b678684bc336d0dd4ad308006047b980f0da1c65aa91a8,0,97786261,0.000158918434322403,1748268351530732,Blobble Stake Token,0.0040154125,BST,0,1,2025-05-26
cxf14dea1cff7ceb29a46e6d04533a08f84441e41d,hxec052dfc0db0ae26086ca78e36a054a8424d3707,hxc871c5ab23fbc2334fe03ffc14372b4de579ac79,0x4bd269412056,0xeb7dfd01f59bb1babe3c499ef1189be47a52deddd3c5fa3e9d7f05178dbe2f4c,0,97786259,8.3367081091158e-05,1748268347492986,Blobble Stake Token,0.00401285,BST,0,1,2025-05-26
cxf14dea1cff7ceb29a46e6d04533a08f84441e41d,hxec052dfc0db0ae26086ca78e36a054a8424d3707,hxc7d7ff9bd36da8847cdf8c51c84d2ea8cacfa484,0x40865702fa17a,0xe85ee8f2e5f06c2087cf738dab2ab039df019f5cc8b3b0aefb169e0881174ffe,0,97786257,0.00113513167373145,1748268343527665,Blobble Stake Token,0.0040179125,BST,0,1,2025-05-26
cxf14dea1cff7ceb29a46e6d04533a08f84441e41d,hxec052dfc0db0ae26086ca78e36a054a8424d3707,hx3c94fe7a35dcfb3a30d3f9a9a386ef67a0dbb20a,0x55171924a3d55,0xa478ca8e18113e6ab72baaa67432ee6b2dea3e16ff3f1de55749d23819fee3db,0,97786255,0.001496923111046485,1748268339545620,Blobble Stake Token,0.0040179125,BST,0,2,2025-05-26
cxf14dea1cff7ceb29a46e6d04533a08f84441e41d,hxec052dfc0db0ae26086ca78e36a054a8424d3707,hx4d0b02b4a86ac198bdd52d3ce080bfe2f4d9905d,0x6e8d6c1eb3517,0x3b0ebb622234aa483f0dcc9922539fa06942e6bc7b3f66d53b1b1cdbd75fd958,0,97786253,0.001944858934326551,1748268335505444,Blobble Stake Token,0.0040179125,BST,0,1,2025-05-26
cxf14dea1cff7ceb29a46e6d04533a08f84441e41d,hxec052dfc0db0ae26086ca78e36a054a8424d3707,hx44a83bda8bba29ec9175dd679a2c94ce8a6201e8,0x80306f6c506c6,0x1ca7260fed5549656d79da7cab093e91260eb24b92d4f456ee911ea457b9db99,0,97786251,0.002255128258479814,1748268331510065,Blobble Stake Token,0.0040179125,BST,0,1,2025-05-26
cxf14dea1cff7ceb29a46e6d04533a08f84441e41d,hxec052dfc0db0ae26086ca78e36a054a8424d3707,hxafa9be0285f92ef39dcca208be4191dd821c0563,0x12d1d960de46e4,0xa9bad8dff748c20bd4c64aa5a25872880bda437f8596ff81fd9e508cf00a7dd1,0,97786249,0.0052972811440801,1748268327478970,Blobble Stake Token,0.0040204125,BST,0,1,2025-05-26
cx7baf94bd53b505353285ee4c4c050f9703581703,hx3c72c692480ee86cef5aa9dcf48fdb3d6dd05e14,hx3c72c692480ee86cef5aa9dcf48fdb3d6dd05e14,0x0,0xb04e7252999637ade011a1fcd5cba2bf45f88a68fb6d80bdbdb20a99d61c9310,3,97786248,0.0,1748268325529744,unknown_token,0.0957986125,$unknown,31,1,2025-05-26
cx7baf94bd53b505353285ee4c4c050f9703581703,hx3c72c692480ee86cef5aa9dcf48fdb3d6dd05e14,hx3c72c692480ee86cef5aa9dcf48fdb3d6dd05e14,0x0,0xb04e7252999637ade011a1fcd5cba2bf45f88a68fb6d80bdbdb20a99d61c9310,2,97786248,0.0,1748268325529744,unknown_token,0.0957986125,$unknown,21,1,2025-05-26
cx7baf94bd53b505353285ee4c4c050f9703581703,hx3c72c692480ee86cef5aa9dcf48fdb3d6dd05e14,hx3c72c692480ee86cef5aa9dcf48fdb3d6dd05e14,0x0,0xb04e7252999637ade011a1fcd5cba2bf45f88a68fb6d80bdbdb20a99d61c9310,1,97786248,0.0,1748268325529744,unknown_token,0.0957986125,$unknown,15,1,2025-05-26
cxf14dea1cff7ceb29a46e6d04533a08f84441e41d,hxec052dfc0db0ae26086ca78e36a054a8424d3707,hx73377846e3419511706146b8685860a2f0127607,0x35c548827b13b0,0x462e20047d86866d8f745dfdea975e937b9db4525bc2db215676ceeccdbbd77e,0,97786247,0.015135088983086,1748268323521502,Blobble Stake Token,0.0040204125,BST,0,1,2025-05-26
cxf14dea1cff7ceb29a46e6d04533a08f84441e41d,hxec052dfc0db0ae26086ca78e36a054a8424d3707,hx4986dd1ff7b04774075f51cbec7e3716c6dcf7f8,0x3d8a5dde0a0ba7,0x42f783b5f1a7ccc8ea548034a5a2d2621fef1f72a79236c9d4653bbd77caa1fd,0,97786245,0.017322109341141926,1748268319473427,Blobble Stake Token,0.0040204125,BST,0,1,2025-05-26
cxf61cd5a45dc9f91c15aa65831a30a90d59a09619,cx9345f80d6c98357ccbb70392b14162199c2c5f66,cxd82fb5d3effecd8c9071a4bba3856ad7222c4b91,0x429cc58aa1f79ca,0xb752ef4ca36d7c944202705fc8c87920cc20a30851f68fbad068d9242bdc769d,4,97786243,0.2999955313802265,1748268314310685,Balance Token,0.1306366125,BALN,0,2,2025-05-26
cx2609b924e33ef00b648a409245c7ea394c467824,cx9345f80d6c98357ccbb70392b14162199c2c5f66,cxd82fb5d3effecd8c9071a4bba3856ad7222c4b91,0x45f62f8e0c3b452b,0xb752ef4ca36d7c944202705fc8c87920cc20a30851f68fbad068d9242bdc769d,3,97786243,5.041269120024921,1748268314310685,Staked ICX,0.1306366125,sICX,0,2,2025-05-26
cx88fd7df7ddff82f7cc735c871dc519838cb235bb,hx0000000000000000000000000000000000000000,cx5faae53c4dbd1fbe4a2eb4aab6565030f10da5c6,0x0,0xb752ef4ca36d7c944202705fc8c87920cc20a30851f68fbad068d9242bdc769d,2,97786243,0.0,1748268314310685,Balanced Dollar,0.1306366125,bnUSD,0,2,2025-05-26
cx88fd7df7ddff82f7cc735c871dc519838cb235bb,hx0000000000000000000000000000000000000000,cxd82fb5d3effecd8c9071a4bba3856ad7222c4b91,0x6c7560bb7f6a9d2,0xb752ef4ca36d7c944202705fc8c87920cc20a30851f68fbad068d9242bdc769d,1,97786243,0.488453692924013,1748268314310685,Balanced Dollar,0.1306366125,bnUSD,0,2,2025-05-26
cx88fd7df7ddff82f7cc735c871dc519838cb235bb,hxd75467e3e4ce64e3424c747dfb71503017440433,cxd82fb5d3effecd8c9071a4bba3856ad7222c4b91,0x52b37b5cbfb4580000,0xb752ef4ca36d7c944202705fc8c87920cc20a30851f68fbad068d9242bdc769d,0,97786243,1525.566046777542,1748268314310685,Balanced Dollar,0.1306366125,bnUSD,0,2,2025-05-26
cxf14dea1cff7ceb29a46e6d04533a08f84441e41d,hxec052dfc0db0ae26086ca78e36a054a8424d3707,hx8245c5f474a1cdeb342c70b4997ee91ce30d0dd4,0x87a9cf430f195a,0x2606883558665e26130ccff3bc208b5fc8f11ffa2d1bf10edb08ebc8043b9c19,0,97786243,0.03818582950432598,1748268314310685,Blobble Stake Token,0.0040216625,BST,0,1,2025-05-26
cxf14dea1cff7ceb29a46e6d04533a08f84441e41d,hxec052dfc0db0ae26086ca78e36a054a8424d3707,hx2e85b5e2e5b98f4b8e2bd71483da37b0f750a116,0x20d5a6e2540eca,0x18e10250b76cbf52a5759b6ea8c4741190949a8194fe81e7d15496c68966e6e1,0,97786241,0.009242111993188041,1748268310463633,Blobble Stake Token,0.0040204125,BST,0,1,2025-05-26
cxf14dea1cff7ceb29a46e6d04533a08f84441e41d,hxec052dfc0db0ae26086ca78e36a054a8424d3707,hx2081139531ceb3c49cf589cd26a54c2546090384,0x14a5de675a45,0xeae7e90ed8c8d84a031ab5520901f158ea909b6a234e376371048b8a1e6dc809,0,97786239,2.2702633474629e-05,1748268306292532,Blobble Stake Token,0.00401285,BST,0,1,2025-05-26
cxf14dea1cff7ceb29a46e6d04533a08f84441e41d,hxec052dfc0db0ae26086ca78e36a054a8424d3707,hx4882748a9be7ace56dda36b330aa67764e1aa0ce,0xa22c182114fdf,0x08cdbda9f4f71725508d71a1fb66ae84de6ad6cd27f83306ae872bddb686636b,0,97786237,0.002852964273311711,1748268302259365,Blobble Stake Token,0.0040179125,BST,0,1,2025-05-26
cxf14dea1cff7ceb29a46e6d04533a08f84441e41d,hxec052dfc0db0ae26086ca78e36a054a8424d3707,hx3706e47d60987209402617e01049cc45ba2d94ec,0x14a5de675a45,0x362ab546d6da6e18948b7bf64ef2b447443efab45e726acb436b0592811cd55c,0,97786233,2.2702633474629e-05,1748268294510307,Blobble Stake Token,0.00401285,BST,0,1,2025-05-26
cxf14dea1cff7ceb29a46e6d04533a08f84441e41d,hxec052dfc0db0ae26086ca78e36a054a8424d3707,hxaf658ceff1c15568fb149ed31720c50784bfa215,0x44ce521b44e7a,0x5e92a26d564ed95bd27ba116f9f64c60e037e11a1fc9955ecf6433815125c21a,0,97786231,0.001210446903529082,1748268290281536,Blobble Stake Token,0.0040179125,BST,0,1,2025-05-26
cxf14dea1cff7ceb29a46e6d04533a08f84441e41d,hxec052dfc0db0ae26086ca78e36a054a8424d3707,hx2e1751e1c6d10d65ec451857392b06bf46a4bfce,0x15d221aef93e68,0x3a9040e97d7588d441cfd3e673ded2c87cbfee13b7ffbd952ae3457d2f6d5720,0,97786229,0.006142016622247528,1748268286284453,Blobble Stake Token,0.0040204125,BST,0,1,2025-05-26
cxf14dea1cff7ceb29a46e6d04533a08f84441e41d,hxec052dfc0db0ae26086ca78e36a054a8424d3707,hxf80c637ed6569eada1a621cbed01ed5bc2873c1a,0x4950f6b4fb8701,0xb183ebf28ab4cffadfabc97f564478b56a5e255a27f1009ed9e1271795483596,0,97786227,0.02063669382843776,1748268282256319,Blobble Stake Token,0.0040204125,BST,0,2,2025-05-26
cxf14dea1cff7ceb29a46e6d04533a08f84441e41d,hxec052dfc0db0ae26086ca78e36a054a8424d3707,hxa40b98c85bf5fc4b09c8e22324622b9b114e571c,0xd7152209ec4ec,0x218b452edb8d55913419d136ef6ee6523a4e1e993b0d71530327282ce75da8ae,0,97786225,0.0037837722457715,1748268278417941,Blobble Stake Token,0.0040179125,BST,0,1,2025-05-26
cx518f64edcd35db9044a2de63fdc10abfd5f7d611,hx0000000000000000000000000000000000000000,cx66d4d90f5f113eba575bf793570135f9b10cece1,0x8989a7e0,0x2396e12195209760204cefe9796fcee98f862c8b3299f9c39407dab1ea8c138e,1,97786224,230.75,1748268276224871,Stellar,0.0371736875,XLM,0,1,2025-05-26
cxf14dea1cff7ceb29a46e6d04533a08f84441e41d,hxec052dfc0db0ae26086ca78e36a054a8424d3707,hx9624f97052215bc50da22b8b0c3d68ddf9acfe34,0x8ae59e5fd27457,0x8ab09b2393be73a3e8c8a6a1128852799d0ee7f40c4a2229b72428fadc78a63c,0,97786223,0.03909601516129186,1748268274281019,Blobble Stake Token,0.004022975,BST,0,1,2025-05-26
cxf14dea1cff7ceb29a46e6d04533a08f84441e41d,hxec052dfc0db0ae26086ca78e36a054a8424d3707,hxdc8c68c62b0af5cbd78e2e718d09d1d804e22cb6,0x1eb299a6db3495,0xc6b425f6823e4bd52c938fddfebf2a0661b67c488f82d55b82e9d2f6e6910199,0,97786221,0.008640622300443797,1748268270311447,Blobble Stake Token,0.0040204125,BST,0,1,2025-05-26
cxf14dea1cff7ceb29a46e6d04533a08f84441e41d,hxec052dfc0db0ae26086ca78e36a054a8424d3707,hx033ca2ca62e48015d11f0132ad073519b12387af,0xbc2b9bd3e1a6d1,0xec4277aebf0869634e3f0f3b76286c5333692806ea1c9a65df7bdae11d18a52a,0,97786219,0.05296524389630946,1748268266335388,Blobble Stake Token,0.0040216625,BST,0,1,2025-05-26
cxf14dea1cff7ceb29a46e6d04533a08f84441e41d,hxec052dfc0db0ae26086ca78e36a054a8424d3707,hx171d08d1081c49e284a719ff2de6f4570a0ab75b,0x13838be2a53e8,0x0e889c07d9423d228ec34cee991747a500779009941cb17d27d2b3523487ed40,0,97786217,0.00034329133647972,1748268261012880,Blobble Stake Token,0.0040179125,BST,0,2,2025-05-26
cxf14dea1cff7ceb29a46e6d04533a08f84441e41d,hxec052dfc0db0ae26086ca78e36a054a8424d3707,hx236f36ceba4ca9f5aa71e8481351021316ff63e6,0x7bb3d0e30397,0x69db3b4ec20855c8a148427547d64d904ac9c3fa7104277c41f29324afb2c0f3,0,97786213,0.000136012233900951,1748268252981533,Blobble Stake Token,0.0040141625,BST,0,1,2025-05-26
cxf14dea1cff7ceb29a46e6d04533a08f84441e41d,hxec052dfc0db0ae26086ca78e36a054a8424d3707,hx4cd49cc57d0441fe2ef0fbc5e0ac4d501b249d95,0x173a9a34458da,0x6d580f314db6d46b571e3b3eaf4900d0baaab3175bc730586effbfcea6bb2428,0,97786211,0.000408647402543322,1748268249007956,Blobble Stake Token,0.0040179125,BST,0,1,2025-05-26
cxf14dea1cff7ceb29a46e6d04533a08f84441e41d,hxec052dfc0db0ae26086ca78e36a054a8424d3707,hxcc0de0c2b1b14a11e4156e7c42ea6e56e9b33a6a,0x196d1e2f21fbc,0x94df22e413a9bdd57d2f10e266862eab9036a8c4e53bfc99575ecff76d82de03,0,97786209,0.000447303176560572,1748268244972692,Blobble Stake Token,0.0040179125,BST,0,1,2025-05-26
cxf14dea1cff7ceb29a46e6d04533a08f84441e41d,hxec052dfc0db0ae26086ca78e36a054a8424d3707,hxfb185f9bd35ce14b17ba914e4c65ebc4db9baf2d,0x3268f3fa5362750,0x9cd293243ade6acb8129040ceab178b07e833f3f2d6d4791276014661c61d647,0,97786207,0.22702633474629,1748268240978386,Blobble Stake Token,0.004025475,BST,0,1,2025-05-26
cxf14dea1cff7ceb29a46e6d04533a08f84441e41d,hxec052dfc0db0ae26086ca78e36a054a8424d3707,hx746fcfc42a4b713776ff7bf77b95b228f61a63aa,0x89d06bc328808a,0x43200b15914d3941a81a727984f26c00b0eafa8b9da2d3be3ded1fa51c622ca2,0,97786205,0.03879123306364942,1748268237019999,Blobble Stake Token,0.0040216625,BST,0,1,2025-05-26
cxf14dea1cff7ceb29a46e6d04533a08f84441e41d,hxec052dfc0db0ae26086ca78e36a054a8424d3707,hx09452c4c19270d957ffa753489d01c71cc27a308,0x44d390032ce6,0x64f12a0aa89b9e6f62742fbb8f16e2d76faba1eb2c874b25059aed1dd57352af,0,97786203,7.567544491543e-05,1748268232976769,Blobble Stake Token,0.00401285,BST,0,1,2025-05-26
cxf14dea1cff7ceb29a46e6d04533a08f84441e41d,hxec052dfc0db0ae26086ca78e36a054a8424d3707,hx5e8b8800fd138ade91e6bbcee3f1f460f8890ccc,0xec973f0aea56a,0x66d9033d87e18249b5bce1effce1d139ca5704c457320ed7710352ae399d0ea3,0,97786201,0.00416214947034865,1748268228971845,Blobble Stake Token,0.0040166,BST,0,1,2025-05-26
cxf14dea1cff7ceb29a46e6d04533a08f84441e41d,hxec052dfc0db0ae26086ca78e36a054a8424d3707,hx7d4fa656ddc528fd1a9c494c0cda8fa7730ca8a1,0x6e1f4cd1e17,0x5906a997016915b9f1fa00d31b15200590dbdd4766b6093b70dceb94f4d1aca6,0,97786199,7.567544491543e-06,1748268225088038,Blobble Stake Token,0.0040116625,BST,0,1,2025-05-26
cxf14dea1cff7ceb29a46e6d04533a08f84441e41d,hxec052dfc0db0ae26086ca78e36a054a8424d3707,hx9e284f28db3406691ed4019899c7e5422e5a2038,0x6e1f4cd1e17,0x25760ba7773091274505e82785e6e6152342d5e3c1ef48b9bebd5834a8eb696b,0,97786197,7.567544491543e-06,1748268221036093,Blobble Stake Token,0.00401035,BST,0,1,2025-05-26
cxf14dea1cff7ceb29a46e6d04533a08f84441e41d,hxec052dfc0db0ae26086ca78e36a054a8424d3707,hx3547884cc5401581af2edc79ba927a43d0c8f366,0x19471abcf4c472,0x54180f17aa80af47a5d5dbe95175d59e41059fedf9f077a491b05c22a47d77ff,0,97786195,0.007115054582645874,1748268216977449,Blobble Stake Token,0.0040204125,BST,0,1,2025-05-26
cxf14dea1cff7ceb29a46e6d04533a08f84441e41d,hxec052dfc0db0ae26086ca78e36a054a8424d3707,hxf78c8903b8158920f478f49f615962ab0cb39d2f,0x1ccb16c42eccc,0x5800e821ea370f166b6ad1b35a34da06fd81bba0a54bec6047d4c615d38c90b3,0,97786193,0.000506537374313676,1748268213083172,Blobble Stake Token,0.0040179125,BST,0,1,2025-05-26
cxf14dea1cff7ceb29a46e6d04533a08f84441e41d,hxec052dfc0db0ae26086ca78e36a054a8424d3707,hx2b0ec4687b157c40ce81c922e40e4abd619c7d39,0x12d1d960de46e4,0x6e2b0c563950790bfcb76d36119329d52cbda22dc28732ac5ab893b9feac758f,0,97786189,0.0052972811440801,1748268204990036,Blobble Stake Token,0.0040204125,BST,0,1,2025-05-26
cxf14dea1cff7ceb29a46e6d04533a08f84441e41d,hxec052dfc0db0ae26086ca78e36a054a8424d3707,hxc4017a4206d87b195d036cb9a1690b782309db4d,0x5764e30d0832cc,0xbf140b57fdaa0e4d37ba6b73bb308b5bf89c808ed9b57d257694bad7dd41dc44,0,97786187,0.024599249312821963,1748268200970576,Blobble Stake Token,0.0040204125,BST,0,1,2025-05-26
cxf14dea1cff7ceb29a46e6d04533a08f84441e41d,hxec052dfc0db0ae26086ca78e36a054a8424d3707,hxe87d4d515005ae5f174b7074052df37868665009,0x6442166953555f3,0xa8f229f0d630296a1e82452613f3610d174aef49cd303feecc0452f54a6b58e0,0,97786185,0.4515225871175736,1748268197109956,Blobble Stake Token,0.004025475,BST,0,1,2025-05-26
cxf14dea1cff7ceb29a46e6d04533a08f84441e41d,hxec052dfc0db0ae26086ca78e36a054a8424d3707,hx3af0db6f7d9cc49555040a6e40584d829910c9d9,0x6e1f4cd1e17,0x25b6792156155f54a454f0a0418fdba74d65595a7ff320743b27edc8d174bc4b,0,97786183,7.567544491543e-06,1748268193197380,Blobble Stake Token,0.00401035,BST,0,1,2025-05-26
cxf14dea1cff7ceb29a46e6d04533a08f84441e41d,hxec052dfc0db0ae26086ca78e36a054a8424d3707,hx8b9b8a7c096371cd12d939f7c8e23a4c7c60a0fc,0x2269c8019673,0x336ecabe83f1ba2616a0561b0e7e60ef62a85d6c5f9669b2ee5a38917777959f,0,97786181,3.7837722457715e-05,1748268188991207,Blobble Stake Token,0.00401285,BST,0,1,2025-05-26
cxf14dea1cff7ceb29a46e6d04533a08f84441e41d,hxec052dfc0db0ae26086ca78e36a054a8424d3707,hxdf5db771749e2bb8b6f3d36f014205ee0d62f7f6,0x116b2907362d28,0x4a93f0d16622a83eb07d2e59ab46c72af5e43a85ed6bb676c7d1d3a302fe4f86,0,97786175,0.004902898562903336,1748268177035120,Blobble Stake Token,0.0040204125,BST,0,1,2025-05-26
cxf14dea1cff7ceb29a46e6d04533a08f84441e41d,hxec052dfc0db0ae26086ca78e36a054a8424d3707,hx97ee97799d7fd20b2c8542b2c76734306c2ce95b,0x73b6e3b889e2b,0x649d25b87b34108f5d525f3c26c4e05a899cc9ab9cbb7c81199ab2cce107dbb2,0,97786173,0.002035669468225067,1748268172970266,Blobble Stake Token,0.0040179125,BST,0,1,2025-05-26
cxf14dea1cff7ceb29a46e6d04533a08f84441e41d,hxec052dfc0db0ae26086ca78e36a054a8424d3707,hxb5b025cf9179a283f7df76a9c22d0a0a19130a16,0xacb021d4f04d2,0x5090a86173c2eb16503003f20f587bdd6f19014ea02f2fdf4ab2fd59b3e93ad5,0,97786171,0.003037959709197522,1748268169008566,Blobble Stake Token,0.0040179125,BST,0,1,2025-05-26
cxf14dea1cff7ceb29a46e6d04533a08f84441e41d,hxec052dfc0db0ae26086ca78e36a054a8424d3707,hxbda9ea6ce93b75cc2f3234fe2d3c84fa8083a420,0x5353e32ad82bb5a,0x590e2015074e5aaf44b5d448b6b09f15a11b54de4a29abd99100ca95b0ae6487,0,97786167,0.3752745313356174,1748268160979918,Blobble Stake Token,0.004025475,BST,0,1,2025-05-26
cxf14dea1cff7ceb29a46e6d04533a08f84441e41d,hxec052dfc0db0ae26086ca78e36a054a8424d3707,hx290df0ec1393a609f0fc80022dddb8c68081b1c7,0x1b87d334785c,0x900d93679c96ecca78cddef5a3e8b6c3daaa909bd032fb97292f73d24abf9316,0,97786165,3.0270177966172e-05,1748268156976865,Blobble Stake Token,0.00401285,BST,0,1,2025-05-26
cxf14dea1cff7ceb29a46e6d04533a08f84441e41d,hxec052dfc0db0ae26086ca78e36a054a8424d3707,hx0832e640dd6bac15199f7736354f6b445391ae4e,0x9142e9a51a0f6d,0xc07c2498edf691c9bbc776cf601cacc628c71ef86ea5fc5ac14d8eb9eb54c353,0,97786163,0.04088744288780683,1748268152927506,Blobble Stake Token,0.0040216625,BST,0,1,2025-05-26
cxf14dea1cff7ceb29a46e6d04533a08f84441e41d,hxec052dfc0db0ae26086ca78e36a054a8424d3707,hxb987f286550b65035bc45fb7a6232f230b4d3a82,0x5416809845bf4,0x11d806689f6b52cffde51f86959012e9c2599ef229d3e936ba01524dddc60b53,0,97786161,0.00147928997562674,1748268148966468,Blobble Stake Token,0.0040179125,BST,0,1,2025-05-26
cxf14dea1cff7ceb29a46e6d04533a08f84441e41d,hxec052dfc0db0ae26086ca78e36a054a8424d3707,hx4dc51adffebf560a6e16bdd215ba095491ffeb8d,0x1ae2a4413d89d8,0x7b58815c8fcc7ef74f1bda4b3b3b497170b19263d68fa08576c407a4f770d7af,0,97786157,0.007567544491543,1748268140939518,Blobble Stake Token,0.0040204125,BST,0,1,2025-05-26
cxf14dea1cff7ceb29a46e6d04533a08f84441e41d,hxec052dfc0db0ae26086ca78e36a054a8424d3707,hxd8d136bfeba56af565f0c60ad71f02d4e2666a0c,0x2058a828342fc41,0xd4e1fd0b2770f827afad2e23cb54d4083bc2b194c69a36a585c97876967a2c9a,0,97786155,0.14567485611199596,1748268136975490,Blobble Stake Token,0.004025475,BST,0,1,2025-05-26
cxf14dea1cff7ceb29a46e6d04533a08f84441e41d,hxec052dfc0db0ae26086ca78e36a054a8424d3707,hx14784b6c3e9ef959a113fab2c18d752ab609539a,0x6e1f4cd1e17,0x1dcead7d640cd6cd0361181dd1186b49667a4bbd15041ade6cbb259b2e255bc2,0,97786153,7.567544491543e-06,1748268132931423,Blobble Stake Token,0.0040116625,BST,0,1,2025-05-26
cxf14dea1cff7ceb29a46e6d04533a08f84441e41d,hxec052dfc0db0ae26086ca78e36a054a8424d3707,hxf277418952673e86896d06fc69e83730daeb620f,0xea02833dff0e,0xa9e58af7d3b7df1ddd71b056b6b9d49cf05790f2f51d17baf18f810a2268a310,0,97786151,0.000257296512712462,1748268128932384,Blobble Stake Token,0.0040141,BST,0,1,2025-05-26
cxf14dea1cff7ceb29a46e6d04533a08f84441e41d,hxec052dfc0db0ae26086ca78e36a054a8424d3707,hxe57b098dedf592dd023674cfd3ce9029b80ec3db,0xe3fccd0a84b9e,0xf753eceb3b9cd5d468b9f3cafef7fbe83fa551dc4aa70fad572948e90d304f00,0,97786149,0.00401079858051779,1748268124943395,Blobble Stake Token,0.0040179125,BST,0,1,2025-05-26
cxf14dea1cff7ceb29a46e6d04533a08f84441e41d,hxec052dfc0db0ae26086ca78e36a054a8424d3707,hx4d92d1ce7dbacec5d134b10b7361d42e5e31a82d,0x1ae2a4413d89d8,0xda60f316e8c51d816fb57f462b910a94bf0535e7e760545f141067556aa5ac69,0,97786145,0.007567544491543,1748268116889154,Blobble Stake Token,0.0040204125,BST,0,1,2025-05-26
cxf14dea1cff7ceb29a46e6d04533a08f84441e41d,hxec052dfc0db0ae26086ca78e36a054a8424d3707,hx38981577136d211535f1a9873b53592b260fd382,0x206d7e0731fdca9,0xb2ee10640a99a29fdc03eef2c6e9d0094d287080ed73d960b3716ee89eb65126,0,97786143,0.1460413969402339,1748268111726183,Blobble Stake Token,0.004025475,BST,0,1,2025-05-26
cxf14dea1cff7ceb29a46e6d04533a08f84441e41d,hxec052dfc0db0ae26086ca78e36a054a8424d3707,hx16b4a498792123decc0cd8169af1471589c64447,0x23bf1e0632ff44a,0x7d4fe61d4772904d2c1eabc386ead287c770562e7e14c9d2553fb55a47c7c7f8,0,97786141,0.16098815774084002,1748268107887532,Blobble Stake Token,0.004025475,BST,0,1,2025-05-26
cxf14dea1cff7ceb29a46e6d04533a08f84441e41d,hxec052dfc0db0ae26086ca78e36a054a8424d3707,hx8e1621603179a032ac53680c6930832bc09191b2,0x2bb68630770eb2,0xb7b343277dddde2ca764025c718a25c74424904bf0d313bce6ef8479c36b4f0e,0,97786139,0.012304111453540018,1748268103729993,Blobble Stake Token,0.0040204125,BST,0,3,2025-05-26
cxf14dea1cff7ceb29a46e6d04533a08f84441e41d,hxec052dfc0db0ae26086ca78e36a054a8424d3707,hx5dd0ed6937d6f58b942a8d836fe2b4cad1e34768,0xb2c6201dd9126a,0x020d0424c1bb5241787692533b06c86d52fa6a0cd7c5d33cc1ab3bda7dc74466,0,97786137,0.05032038709651518,1748268099689026,Blobble Stake Token,0.0040216625,BST,0,1,2025-05-26
cx518f64edcd35db9044a2de63fdc10abfd5f7d611,cx21e94c08c03daee80c25d8ee3ea22a20786ec231,hx0000000000000000000000000000000000000000,0x8d1d70aa,0x1c1e70fdad687997dbc5f0bf8802785e58341b3d6b1aaf62c1b48cd8bcbba55a,18,97786136,236.7516842,1748268097727691,Stellar,0.4224499125,XLM,0,1,2025-05-26
cx2609b924e33ef00b648a409245c7ea394c467824,cx203d9cd2a669be67177e997b8948ce2c35caffae,cx835b300dcfe01f0bdb794e134a0c5628384f4367,0x4ca5c8770bae007,0x1c1e70fdad687997dbc5f0bf8802785e58341b3d6b1aaf62c1b48cd8bcbba55a,13,97786136,0.34519005822889987,1748268097727691,Staked ICX,0.4224499125,sICX,0,1,2025-05-26
cx2609b924e33ef00b648a409245c7ea394c467824,cx5faae53c4dbd1fbe4a2eb4aab6565030f10da5c6,cx203d9cd2a669be67177e997b8948ce2c35caffae,0x6d7f1e60ec1d254,0x1c1e70fdad687997dbc5f0bf8802785e58341b3d6b1aaf62c1b48cd8bcbba55a,10,97786136,0.49312865461271405,1748268097727691,Staked ICX,0.4224499125,sICX,0,1,2025-05-26
cx2609b924e33ef00b648a409245c7ea394c467824,cx5faae53c4dbd1fbe4a2eb4aab6565030f10da5c6,cxdc30a0d3a1f131565c071272a20bc0b06fd4c17b,0x6d7f1e60ec1d254,0x1c1e70fdad687997dbc5f0bf8802785e58341b3d6b1aaf62c1b48cd8bcbba55a,8,97786136,0.49312865461271405,1748268097727691,Staked ICX,0.4224499125,sICX,0,1,2025-05-26
cx2609b924e33ef00b648a409245c7ea394c467824,cxa0af3165c08318e988cb30993b3048335b94af6c,cx5faae53c4dbd1fbe4a2eb4aab6565030f10da5c6,0x949cf31665db76c,0x1c1e70fdad687997dbc5f0bf8802785e58341b3d6b1aaf62c1b48cd8bcbba55a,7,97786136,0.6692938307189943,1748268097727691,Staked ICX,0.4224499125,sICX,0,1,2025-05-26
cx518f64edcd35db9044a2de63fdc10abfd5f7d611,cxa0af3165c08318e988cb30993b3048335b94af6c,cx21e94c08c03daee80c25d8ee3ea22a20786ec231,0x8d1d70aa,0x1c1e70fdad687997dbc5f0bf8802785e58341b3d6b1aaf62c1b48cd8bcbba55a,6,97786136,236.7516842,1748268097727691,Stellar,0.4224499125,XLM,0,1,2025-05-26
cx2609b924e33ef00b648a409245c7ea394c467824,cx21e94c08c03daee80c25d8ee3ea22a20786ec231,cxa0af3165c08318e988cb30993b3048335b94af6c,0x1830363b4fe962ffc7,0x1c1e70fdad687997dbc5f0bf8802785e58341b3d6b1aaf62c1b48cd8bcbba55a,5,97786136,446.1958871459962,1748268097727691,Staked ICX,0.4224499125,sICX,0,1,2025-05-26
cx2609b924e33ef00b648a409245c7ea394c467824,hx0000000000000000000000000000000000000000,cx21e94c08c03daee80c25d8ee3ea22a20786ec231,0x1830363b4fe962ffc7,0x1c1e70fdad687997dbc5f0bf8802785e58341b3d6b1aaf62c1b48cd8bcbba55a,3,97786136,446.1958871459962,1748268097727691,Staked ICX,0.4224499125,sICX,0,1,2025-05-26
cxf14dea1cff7ceb29a46e6d04533a08f84441e41d,hxec052dfc0db0ae26086ca78e36a054a8424d3707,hxc584f5372414407c0e8cfa6535a407219efe0c51,0x2a839b7342ed723,0x59a71b3b5230f7170530d234a372851ec14a05b30db53b5d268487ecc133bdec,0,97786135,0.19146644318052944,1748268095741851,Blobble Stake Token,0.0040241625,BST,0,1,2025-05-26
cxf14dea1cff7ceb29a46e6d04533a08f84441e41d,hxec052dfc0db0ae26086ca78e36a054a8424d3707,hx10a2b10011565c4722bfb1a0cc29c0cb3cc57972,0x26949739c7aaed,0x77c154c099b3e85595a5aa8bc5437574ba415915408c57a11c337b93f509d69a,0,97786133,0.010859426345364204,1748268091613601,Blobble Stake Token,0.0040204125,BST,0,1,2025-05-26
cxf14dea1cff7ceb29a46e6d04533a08f84441e41d,hxec052dfc0db0ae26086ca78e36a054a8424d3707,hxed7fb6d875d15d3cf4fc9e5006a4b6aa0f45111e,0x36bf195ada5d9a,0x17d3043bbea01868b997f6905c8e1515a3f36c0efd7772221952be9e5c2510a1,0,97786131,0.01540976436172329,1748268087723090,Blobble Stake Token,0.0040204125,BST,0,1,2025-05-26
cxf14dea1cff7ceb29a46e6d04533a08f84441e41d,hxec052dfc0db0ae26086ca78e36a054a8424d3707,hx417e426ac184ea5904c6a8cfd553b5fe5cfff08d,0x5297799d6914,0x1c08f7f4fa23fd8af8613b224e274a2cc4d573be0286c9272ff454eafd88d9b3,0,97786129,9.0810533898516e-05,1748268083735635,Blobble Stake Token,0.00401285,BST,0,1,2025-05-26
cxf14dea1cff7ceb29a46e6d04533a08f84441e41d,hxec052dfc0db0ae26086ca78e36a054a8424d3707,hx6674fff76931b6d540c70c51a190c26229433a97,0x32e7228259250,0xe08a21e074e726f717682bdbe02b37e420fe13a74cc684e41d1e5bce134b48c3,0,97786127,0.000895492764832336,1748268079704976,Blobble Stake Token,0.0040179125,BST,0,1,2025-05-26
cxf14dea1cff7ceb29a46e6d04533a08f84441e41d,hxec052dfc0db0ae26086ca78e36a054a8424d3707,hxc7f20d3502fbff89ed46f58f947cc9adf07414dd,0x54c201b9bdf8d,0xa12ff1d09bc78e09e91f03e8504c854ee421d98cbcc273695dedd89e0fb38af8,0,97786125,0.001491075669417869,1748268075758486,Blobble Stake Token,0.0040179125,BST,0,1,2025-05-26
cxf14dea1cff7ceb29a46e6d04533a08f84441e41d,hxec052dfc0db0ae26086ca78e36a054a8424d3707,hxbd63e48f314ab8437612b3abf0f982161ecf4c8e,0x4ef1a363e5ee,0x951f34eafdcaa469694553797115f2a6bf2da40b00ee29c2b06ba9203e8aeab0,0,97786123,8.6799735317998e-05,1748268071716776,Blobble Stake Token,0.00401285,BST,0,1,2025-05-26
cxf14dea1cff7ceb29a46e6d04533a08f84441e41d,hxec052dfc0db0ae26086ca78e36a054a8424d3707,hxaa99a64327937ce857ab147ce433e2d570714697,0x56769350ca00f,0x1f8b3e1776a467a9c793d35e83a547fbffcab3b742819a094e6b0ca21c1db5ff,0,97786121,0.001521076442800143,1748268067755389,Blobble Stake Token,0.0040179125,BST,0,1,2025-05-26
cxf14dea1cff7ceb29a46e6d04533a08f84441e41d,hxec052dfc0db0ae26086ca78e36a054a8424d3707,hxa0e3d689c7d5943f1401db84f6ed2c4165336593,0x85c80652f8df1,0xe8118715aba21a37fab4ee902b137871df71811872b3c090824514f3b6068d20,0,97786119,0.002353506336869873,1748268063802041,Blobble Stake Token,0.0040179125,BST,0,1,2025-05-26
cxf14dea1cff7ceb29a46e6d04533a08f84441e41d,hxec052dfc0db0ae26086ca78e36a054a8424d3707,hx5ba7261f42747945929e14ee93122642970a350a,0x48ec04ae90775e,0x2d5394e100d311b798f58bfee57d0596ec1de67d7f269c7ed20ff893bb37253d,0,97786117,0.020525703175894878,1748268058488994,Blobble Stake Token,0.0040204125,BST,0,1,2025-05-26
cxf14dea1cff7ceb29a46e6d04533a08f84441e41d,hxec052dfc0db0ae26086ca78e36a054a8424d3707,hxc373dce33849e84e984e12853e841a7229d4d914,0xe491dcc8ed6,0xa89056c57a1a357af976e16b5db0deff6bbfd7f14749412462914809dc9caf3b,0,97786115,1.5707195346646e-05,1748268054504056,Blobble Stake Token,0.004012975,BST,0,1,2025-05-26
cxf14dea1cff7ceb29a46e6d04533a08f84441e41d,hxec052dfc0db0ae26086ca78e36a054a8424d3707,hx8d2157ea7d5594fa32d9b3c0bbb75425e5053b38,0xc1417f03f3c5c,0x422808bf8fe77c0a069183c4f8b438c1018fbde57ba739da5841d5fb06dc3d21,0,97786113,0.00339979276800726,1748268050472648,Blobble Stake Token,0.0040179125,BST,0,1,2025-05-26
cx88fd7df7ddff82f7cc735c871dc519838cb235bb,cxa0af3165c08318e988cb30993b3048335b94af6c,cx5faae53c4dbd1fbe4a2eb4aab6565030f10da5c6,0x3b13a675213e3be,0x49cd6a38709a80584d3f06d07610e29d6e75fc3b4628c4993fffd57290074f2c,2,97786112,0.26605806842464763,1748268048475191,Balanced Dollar,0.04738525,bnUSD,0,5,2025-05-26
cx88fd7df7ddff82f7cc735c871dc519838cb235bb,cxa0af3165c08318e988cb30993b3048335b94af6c,hxd75467e3e4ce64e3424c747dfb71503017440433,0x99798b814ea9fabe6,0x49cd6a38709a80584d3f06d07610e29d6e75fc3b4628c4993fffd57290074f2c,1,97786112,176.9443799595483,1748268048475191,Balanced Dollar,0.04738525,bnUSD,0,5,2025-05-26
cx508002ec116fbf3ab406329c0df28e70d7e75fb3,hxd75467e3e4ce64e3424c747dfb71503017440433,cxa0af3165c08318e988cb30993b3048335b94af6c,0xba43b7400,0x49cd6a38709a80584d3f06d07610e29d6e75fc3b4628c4993fffd57290074f2c,0,97786112,50.0,1748268048475191,Sui,0.04738525,SUI,0,5,2025-05-26
cx88fd7df7ddff82f7cc735c871dc519838cb235bb,cxa0af3165c08318e988cb30993b3048335b94af6c,hx4dc7903504bb800a462378348a42f53742759e0b,0x3f060a17026c0a2,0x692a49f20ba7c297b62968b478ca13af976e1234bd73e7003b0f260a6bc3a4e9,3,97786112,0.28383302301193025,1748268048475191,Balanced Dollar,0.0347379625,bnUSD,0,3,2025-05-26
cx65c9e3d4fea842e00add0d32a5b4c5e4e04c7a6b,hx4dc7903504bb800a462378348a42f53742759e0b,cxa0af3165c08318e988cb30993b3048335b94af6c,0x21e9e3a6,0x2d35c76d6d5aaec659514975adfcb321162271c7b6f0dd96878860575a7f3c39,0,97786112,0.568976294,1748268048475191,Solana,0.0215575125,SOL,0,2,2025-05-26
cx88fd7df7ddff82f7cc735c871dc519838cb235bb,hx4dc7903504bb800a462378348a42f53742759e0b,cxa0af3165c08318e988cb30993b3048335b94af6c,0x57d82c5166e870000,0xf6ddd24e3aca0eeea2516ec738633a4f4a7427468d6529f781bb25225639b937,0,97786112,101.27772807039543,1748268048475191,Balanced Dollar,0.02221895,bnUSD,0,1,2025-05-26
cxf14dea1cff7ceb29a46e6d04533a08f84441e41d,hxec052dfc0db0ae26086ca78e36a054a8424d3707,hxf8649ec58e187485eaf19c7289f6276d67821aa0,0xc9a3cfe94d89d4,0x5680217b88e896c66f3d3714d9e0cf50c81e941e6dd444dc9ab1f01cb98ddce7,0,97786111,0.0567565836865725,1748268046470330,Blobble Stake Token,0.0040216625,BST,0,1,2025-05-26
cx65c9e3d4fea842e00add0d32a5b4c5e4e04c7a6b,cx21e94c08c03daee80c25d8ee3ea22a20786ec231,hx4dc7903504bb800a462378348a42f53742759e0b,0x21ee3ac0,0xd54c883e7241f509abd9adc204098ee9624bb69f12a4bd97ee9aacfd6bcd4ac3,13,97786110,0.569260736,1748268044569593,Solana,0.25088105,SOL,0,2,2025-05-26
cx88fd7df7ddff82f7cc735c871dc519838cb235bb,cxa0af3165c08318e988cb30993b3048335b94af6c,cx5faae53c4dbd1fbe4a2eb4aab6565030f10da5c6,0x21bdddb5da3477a,0xd54c883e7241f509abd9adc204098ee9624bb69f12a4bd97ee9aacfd6bcd4ac3,11,97786110,0.15195894668560167,1748268044569593,Balanced Dollar,0.25088105,bnUSD,0,2,2025-05-26
cx65c9e3d4fea842e00add0d32a5b4c5e4e04c7a6b,cxa0af3165c08318e988cb30993b3048335b94af6c,cx21e94c08c03daee80c25d8ee3ea22a20786ec231,0x21ee3ac0,0xd54c883e7241f509abd9adc204098ee9624bb69f12a4bd97ee9aacfd6bcd4ac3,10,97786110,0.569260736,1748268044569593,Solana,0.25088105,SOL,0,2,2025-05-26
cx88fd7df7ddff82f7cc735c871dc519838cb235bb,cx21e94c08c03daee80c25d8ee3ea22a20786ec231,cxa0af3165c08318e988cb30993b3048335b94af6c,0x57de715ee83df7a0e,0xd54c883e7241f509abd9adc204098ee9624bb69f12a4bd97ee9aacfd6bcd4ac3,9,97786110,101.30596445706777,1748268044569593,Balanced Dollar,0.25088105,bnUSD,0,2,2025-05-26
cx88fd7df7ddff82f7cc735c871dc519838cb235bb,cxa0af3165c08318e988cb30993b3048335b94af6c,cx5faae53c4dbd1fbe4a2eb4aab6565030f10da5c6,0x21d6e5e935336fa,0xd54c883e7241f509abd9adc204098ee9624bb69f12a4bd97ee9aacfd6bcd4ac3,7,97786110,0.1523993148781504,1748268044569593,Balanced Dollar,0.25088105,bnUSD,0,2,2025-05-26
cx88fd7df7ddff82f7cc735c871dc519838cb235bb,cxa0af3165c08318e988cb30993b3048335b94af6c,cx21e94c08c03daee80c25d8ee3ea22a20786ec231,0x57de715ee83df7a0e,0xd54c883e7241f509abd9adc204098ee9624bb69f12a4bd97ee9aacfd6bcd4ac3,6,97786110,101.30596445706777,1748268044569593,Balanced Dollar,0.25088105,bnUSD,0,2,2025-05-26
cx2609b924e33ef00b648a409245c7ea394c467824,cx21e94c08c03daee80c25d8ee3ea22a20786ec231,cxa0af3165c08318e988cb30993b3048335b94af6c,0x23eb6f4109de6b556e,0xd54c883e7241f509abd9adc204098ee9624bb69f12a4bd97ee9aacfd6bcd4ac3,5,97786110,662.6008924118044,1748268044569593,Staked ICX,0.25088105,sICX,0,2,2025-05-26
cx2609b924e33ef00b648a409245c7ea394c467824,hx0000000000000000000000000000000000000000,cx21e94c08c03daee80c25d8ee3ea22a20786ec231,0x23eb6f4109de6b556e,0xd54c883e7241f509abd9adc204098ee9624bb69f12a4bd97ee9aacfd6bcd4ac3,3,97786110,662.6008924118044,1748268044569593,Staked ICX,0.25088105,sICX,0,2,2025-05-26
cx88fd7df7ddff82f7cc735c871dc519838cb235bb,cx21e94c08c03daee80c25d8ee3ea22a20786ec231,hx4dc7903504bb800a462378348a42f53742759e0b,0x57e36c3e7d089e4a8,0x6c07e30f94ae80ec2bd691f9f1f958950a900f5e8eb5718a0655c01562fc2088,9,97786110,101.32839226647262,1748268044569593,Balanced Dollar,0.2035732625,bnUSD,0,1,2025-05-26
cx88fd7df7ddff82f7cc735c871dc519838cb235bb,cxa0af3165c08318e988cb30993b3048335b94af6c,cx5faae53c4dbd1fbe4a2eb4aab6565030f10da5c6,0x21d8d0da93be713,0x6c07e30f94ae80ec2bd691f9f1f958950a900f5e8eb5718a0655c01562fc2088,7,97786110,0.15243305221383144,1748268044569593,Balanced Dollar,0.2035732625,bnUSD,0,1,2025-05-26
cx88fd7df7ddff82f7cc735c871dc519838cb235bb,cxa0af3165c08318e988cb30993b3048335b94af6c,cx21e94c08c03daee80c25d8ee3ea22a20786ec231,0x57e36c3e7d089e4a8,0x6c07e30f94ae80ec2bd691f9f1f958950a900f5e8eb5718a0655c01562fc2088,6,97786110,101.32839226647262,1748268044569593,Balanced Dollar,0.2035732625,bnUSD,0,1,2025-05-26
cx2609b924e33ef00b648a409245c7ea394c467824,cx21e94c08c03daee80c25d8ee3ea22a20786ec231,cxa0af3165c08318e988cb30993b3048335b94af6c,0x23eb6f4109de6b556e,0x6c07e30f94ae80ec2bd691f9f1f958950a900f5e8eb5718a0655c01562fc2088,5,97786110,662.6008924118044,1748268044569593,Staked ICX,0.2035732625,sICX,0,1,2025-05-26
cx2609b924e33ef00b648a409245c7ea394c467824,hx0000000000000000000000000000000000000000,cx21e94c08c03daee80c25d8ee3ea22a20786ec231,0x23eb6f4109de6b556e,0x6c07e30f94ae80ec2bd691f9f1f958950a900f5e8eb5718a0655c01562fc2088,3,97786110,662.6008924118044,1748268044569593,Staked ICX,0.2035732625,sICX,0,1,2025-05-26
cxf14dea1cff7ceb29a46e6d04533a08f84441e41d,hxec052dfc0db0ae26086ca78e36a054a8424d3707,hx9dc3256fad1eadbb781d217f317485420e4ad015,0x2861ba4b768af20,0x8a99bc5075e03e96181da8584810ef010c564632a11817f17d04e6990f15c264,0,97786109,0.18186322922076137,1748268042527010,Blobble Stake Token,0.004025475,BST,0,1,2025-05-26
cx88fd7df7ddff82f7cc735c871dc519838cb235bb,cxa0af3165c08318e988cb30993b3048335b94af6c,cx5faae53c4dbd1fbe4a2eb4aab6565030f10da5c6,0x3b2581f65edcc70,0x549dc872bbac6729a5099b3877411814fd3528eeee32a6b534a275cce1b1034d,2,97786107,0.2663722198455942,1748268038459655,Balanced Dollar,0.04738525,bnUSD,0,1,2025-05-26
cx88fd7df7ddff82f7cc735c871dc519838cb235bb,cxa0af3165c08318e988cb30993b3048335b94af6c,hxd75467e3e4ce64e3424c747dfb71503017440433,0x99a7f34640becd706,0x549dc872bbac6729a5099b3877411814fd3528eeee32a6b534a275cce1b1034d,1,97786107,177.15337107157058,1748268038459655,Balanced Dollar,0.04738525,bnUSD,0,1,2025-05-26
cx508002ec116fbf3ab406329c0df28e70d7e75fb3,hxd75467e3e4ce64e3424c747dfb71503017440433,cxa0af3165c08318e988cb30993b3048335b94af6c,0xba43b7400,0x549dc872bbac6729a5099b3877411814fd3528eeee32a6b534a275cce1b1034d,0,97786107,50.0,1748268038459655,Sui,0.04738525,SUI,0,1,2025-05-26
cxf14dea1cff7ceb29a46e6d04533a08f84441e41d,hxec052dfc0db0ae26086ca78e36a054a8424d3707,hxbef2c3b9214a7d5d23278931ed6b384ba9dc2477,0x35b78498e0d782,0x564d54c06e0e6764d7d8d777f6909442682f562a911ca5bf381f25ec197a7b95,0,97786105,0.015119953894102913,1748268034500473,Blobble Stake Token,0.0040204125,BST,0,1,2025-05-26
cxf14dea1cff7ceb29a46e6d04533a08f84441e41d,hxec052dfc0db0ae26086ca78e36a054a8424d3707,hx52a5eb36c8dce7684c88566fa77e2501edd75f3b,0x3a1c4e89429c4,0xcf4b70ef2f2bbd774054100f093b9e2a78b6060743540f6a4ea7b44b82008d86,0,97786103,0.001022292017818052,1748268030463640,Blobble Stake Token,0.0040179125,BST,0,1,2025-05-26
cxf61cd5a45dc9f91c15aa65831a30a90d59a09619,cx9345f80d6c98357ccbb70392b14162199c2c5f66,cxd82fb5d3effecd8c9071a4bba3856ad7222c4b91,0x1101e62e4a08c08,0x0273ae32c76060ff060ce356ed5dab3ed0cde88e28b814fcca022e0a64e6819b,4,97786102,0.07659460375665357,1748268028466453,Balance Token,0.130797675,BALN,0,1,2025-05-26
cx2609b924e33ef00b648a409245c7ea394c467824,cx9345f80d6c98357ccbb70392b14162199c2c5f66,cxd82fb5d3effecd8c9071a4bba3856ad7222c4b91,0x11dcd03a0e043d3c,0x0273ae32c76060ff060ce356ed5dab3ed0cde88e28b814fcca022e0a64e6819b,3,97786102,1.2871325412829586,1748268028466453,Staked ICX,0.130797675,sICX,0,1,2025-05-26
cx88fd7df7ddff82f7cc735c871dc519838cb235bb,hx0000000000000000000000000000000000000000,cx5faae53c4dbd1fbe4a2eb4aab6565030f10da5c6,0x0,0x0273ae32c76060ff060ce356ed5dab3ed0cde88e28b814fcca022e0a64e6819b,2,97786102,0.0,1748268028466453,Balanced Dollar,0.130797675,bnUSD,0,1,2025-05-26
cx88fd7df7ddff82f7cc735c871dc519838cb235bb,hx0000000000000000000000000000000000000000,cxd82fb5d3effecd8c9071a4bba3856ad7222c4b91,0x1bb5fbb9257e833,0x0273ae32c76060ff060ce356ed5dab3ed0cde88e28b814fcca022e0a64e6819b,1,97786102,0.1247986739015783,1748268028466453,Balanced Dollar,0.130797675,bnUSD,0,1,2025-05-26
cx88fd7df7ddff82f7cc735c871dc519838cb235bb,hxb946c680221e6ff41de8a2b62fd810315ce65fb9,cxd82fb5d3effecd8c9071a4bba3856ad7222c4b91,0x1d0ae3fbbb523c62,0x0273ae32c76060ff060ce356ed5dab3ed0cde88e28b814fcca022e0a64e6819b,0,97786102,2.092735647186042,1748268028466453,Balanced Dollar,0.130797675,bnUSD,0,1,2025-05-26
cxf14dea1cff7ceb29a46e6d04533a08f84441e41d,hx0000000000000000000000000000000000000000,hx23af9c6fbaa5a5c34eb82b9fd354075232bff850,0x2b312de94da7da6,0x6f20adb1fdac07a65bf66c4f1a8b557fa7e44f8e56bb518bc95d11fcfcaa6665,2,97786094,0.19451995609644995,1748268012573500,Blobble Stake Token,0.0196296125,BST,0,1,2025-05-26
cxf14dea1cff7ceb29a46e6d04533a08f84441e41d,hx0000000000000000000000000000000000000000,hxec052dfc0db0ae26086ca78e36a054a8424d3707,0x1007400993d14a0a6,0x6f20adb1fdac07a65bf66c4f1a8b557fa7e44f8e56bb518bc95d11fcfcaa6665,1,97786094,18.479395829162748,1748268012573500,Blobble Stake Token,0.0196296125,BST,0,1,2025-05-26
cx88fd7df7ddff82f7cc735c871dc519838cb235bb,hxec052dfc0db0ae26086ca78e36a054a8424d3707,cxf14dea1cff7ceb29a46e6d04533a08f84441e41d,0x17c7080708ba76b6f,0x6f20adb1fdac07a65bf66c4f1a8b557fa7e44f8e56bb518bc95d11fcfcaa6665,0,97786094,27.413552152671908,1748268012573500,Balanced Dollar,0.0196296125,bnUSD,0,1,2025-05-26
cx88fd7df7ddff82f7cc735c871dc519838cb235bb,cx21e94c08c03daee80c25d8ee3ea22a20786ec231,hxec052dfc0db0ae26086ca78e36a054a8424d3707,0x17c7080708ba76b6f,0xe70c00925f8062f6d7131142241b511d0e3c1dcaed0ecaef909fbf5f785f3af6,9,97786089,27.413552152671908,1748268001226108,Balanced Dollar,0.203446725,bnUSD,0,1,2025-05-26
cx88fd7df7ddff82f7cc735c871dc519838cb235bb,cxa0af3165c08318e988cb30993b3048335b94af6c,cx5faae53c4dbd1fbe4a2eb4aab6565030f10da5c6,0x92862160a73285,0xe70c00925f8062f6d7131142241b511d0e3c1dcaed0ecaef909fbf5f785f3af6,7,97786089,0.041242824513368706,1748268001226108,Balanced Dollar,0.203446725,bnUSD,0,1,2025-05-26
cx88fd7df7ddff82f7cc735c871dc519838cb235bb,cxa0af3165c08318e988cb30993b3048335b94af6c,cx21e94c08c03daee80c25d8ee3ea22a20786ec231,0x17c7080708ba76b6f,0xe70c00925f8062f6d7131142241b511d0e3c1dcaed0ecaef909fbf5f785f3af6,6,97786089,27.413552152671908,1748268001226108,Balanced Dollar,0.203446725,bnUSD,0,1,2025-05-26
cx2609b924e33ef00b648a409245c7ea394c467824,cx21e94c08c03daee80c25d8ee3ea22a20786ec231,cxa0af3165c08318e988cb30993b3048335b94af6c,0x9b7661957d967acca,0xe70c00925f8062f6d7131142241b511d0e3c1dcaed0ecaef909fbf5f785f3af6,5,97786089,179.23597468505156,1748268001226108,Staked ICX,0.203446725,sICX,0,1,2025-05-26
cx2609b924e33ef00b648a409245c7ea394c467824,hx0000000000000000000000000000000000000000,cx21e94c08c03daee80c25d8ee3ea22a20786ec231,0x9b7661957d967acca,0xe70c00925f8062f6d7131142241b511d0e3c1dcaed0ecaef909fbf5f785f3af6,3,97786089,179.23597468505156,1748268001226108,Staked ICX,0.203446725,sICX,0,1,2025-05-26
cx88fd7df7ddff82f7cc735c871dc519838cb235bb,cx21e94c08c03daee80c25d8ee3ea22a20786ec231,hxb946c680221e6ff41de8a2b62fd810315ce65fb9,0x1b4946c6ebb4ec2a,0x944ab3c9b2dac044c19ba8bfed14be73c02e7128c3a9d43302aeef81931a3f3b,6,97786078,1.9661805324959039,1748267979211560,Balanced Dollar,0.1721169625,bnUSD,0,1,2025-05-26
cx88fd7df7ddff82f7cc735c871dc519838cb235bb,cxa0af3165c08318e988cb30993b3048335b94af6c,cx5faae53c4dbd1fbe4a2eb4aab6565030f10da5c6,0xa826960f26ee1,0x944ab3c9b2dac044c19ba8bfed14be73c02e7128c3a9d43302aeef81931a3f3b,4,97786078,0.002958138876784353,1748267979211560,Balanced Dollar,0.1721169625,bnUSD,0,1,2025-05-26
cx88fd7df7ddff82f7cc735c871dc519838cb235bb,cxa0af3165c08318e988cb30993b3048335b94af6c,cx21e94c08c03daee80c25d8ee3ea22a20786ec231,0x1b4946c6ebb4ec2a,0x944ab3c9b2dac044c19ba8bfed14be73c02e7128c3a9d43302aeef81931a3f3b,3,97786078,1.9661805324959039,1748267979211560,Balanced Dollar,0.1721169625,bnUSD,0,1,2025-05-26
cx2609b924e33ef00b648a409245c7ea394c467824,cx21e94c08c03daee80c25d8ee3ea22a20786ec231,cxa0af3165c08318e988cb30993b3048335b94af6c,0xb265d8e14508a8d5,0x944ab3c9b2dac044c19ba8bfed14be73c02e7128c3a9d43302aeef81931a3f3b,2,97786078,12.854919173436386,1748267979211560,Staked ICX,0.1721169625,sICX,0,1,2025-05-26
cx2609b924e33ef00b648a409245c7ea394c467824,hxb946c680221e6ff41de8a2b62fd810315ce65fb9,cx21e94c08c03daee80c25d8ee3ea22a20786ec231,0xb265d8e14508a8d5,0x944ab3c9b2dac044c19ba8bfed14be73c02e7128c3a9d43302aeef81931a3f3b,1,97786078,12.854919173436386,1748267979211560,Staked ICX,0.1721169625,sICX,0,1,2025-05-26
cx88fd7df7ddff82f7cc735c871dc519838cb235bb,cxa0af3165c08318e988cb30993b3048335b94af6c,hx4dc7903504bb800a462378348a42f53742759e0b,0x1b921eaf6487c62,0xdb3fe46667d716afb9078749357185d7cb465e3409753504502b967c657e0df7,3,97786076,0.12416775776740874,1748267975204182,Balanced Dollar,0.0347552125,bnUSD,0,3,2025-05-26
cx07b184a37f03c6ab681fcbd0b45aec6dc3eafbeb,hx4dc7903504bb800a462378348a42f53742759e0b,cxa0af3165c08318e988cb30993b3048335b94af6c,0x152204f2541ca,0x3b6c363616d27a788c99e18cd078e0ebbc67c53202bcb8e6cf958e027c4e52a4,0,97786076,0.000371773696983498,1748267975204182,Bitcoin,0.0215962625,BTC,0,2,2025-05-26
cx88fd7df7ddff82f7cc735c871dc519838cb235bb,hx4dc7903504bb800a462378348a42f53742759e0b,cxa0af3165c08318e988cb30993b3048335b94af6c,0x237da7b9482bca000,0x8b1dbed1c99c3b168414f54f24440d99d845139a18bc3a15c2e9aabb64f042c8,0,97786076,40.91815324220684,1748267975204182,Balanced Dollar,0.02221895,bnUSD,0,1,2025-05-26
cx07b184a37f03c6ab681fcbd0b45aec6dc3eafbeb,cx21e94c08c03daee80c25d8ee3ea22a20786ec231,hx4dc7903504bb800a462378348a42f53742759e0b,0x1524b996e9286,0xa8e5f02449cd0b8d5b9e591adfae9cfe93e2ee636c3e1d70b79776ea9a4d12b8,13,97786074,0.000371959626896006,1748267971193526,Bitcoin,0.261107325,BTC,0,2,2025-05-26
cx88fd7df7ddff82f7cc735c871dc519838cb235bb,cxa0af3165c08318e988cb30993b3048335b94af6c,cx5faae53c4dbd1fbe4a2eb4aab6565030f10da5c6,0xda253244209d68,0xa8e5f02449cd0b8d5b9e591adfae9cfe93e2ee636c3e1d70b79776ea9a4d12b8,11,97786074,0.061402442744503655,1748267971193526,Balanced Dollar,0.261107325,bnUSD,0,2,2025-05-26
cx07b184a37f03c6ab681fcbd0b45aec6dc3eafbeb,cxa0af3165c08318e988cb30993b3048335b94af6c,cx21e94c08c03daee80c25d8ee3ea22a20786ec231,0x1524b996e9286,0xa8e5f02449cd0b8d5b9e591adfae9cfe93e2ee636c3e1d70b79776ea9a4d12b8,10,97786074,0.000371959626896006,1748267971193526,Bitcoin,0.261107325,BTC,0,2,2025-05-26
cx88fd7df7ddff82f7cc735c871dc519838cb235bb,cx21e94c08c03daee80c25d8ee3ea22a20786ec231,cxa0af3165c08318e988cb30993b3048335b94af6c,0x2381632e6bf99eb7a,0xa8e5f02449cd0b8d5b9e591adfae9cfe93e2ee636c3e1d70b79776ea9a4d12b8,9,97786074,40.934961829669106,1748267971193526,Balanced Dollar,0.261107325,bnUSD,0,2,2025-05-26
cx88fd7df7ddff82f7cc735c871dc519838cb235bb,cxa0af3165c08318e988cb30993b3048335b94af6c,cx5faae53c4dbd1fbe4a2eb4aab6565030f10da5c6,0xdacabad66d0954,0xa8e5f02449cd0b8d5b9e591adfae9cfe93e2ee636c3e1d70b79776ea9a4d12b8,7,97786074,0.06158444873312085,1748267971193526,Balanced Dollar,0.261107325,bnUSD,0,2,2025-05-26
cx88fd7df7ddff82f7cc735c871dc519838cb235bb,cxa0af3165c08318e988cb30993b3048335b94af6c,cx21e94c08c03daee80c25d8ee3ea22a20786ec231,0x2381632e6bf99eb7a,0xa8e5f02449cd0b8d5b9e591adfae9cfe93e2ee636c3e1d70b79776ea9a4d12b8,6,97786074,40.934961829669106,1748267971193526,Balanced Dollar,0.261107325,bnUSD,0,2,2025-05-26
cx2609b924e33ef00b648a409245c7ea394c467824,cx21e94c08c03daee80c25d8ee3ea22a20786ec231,cxa0af3165c08318e988cb30993b3048335b94af6c,0xe81fc4714e67d81d1,0xa8e5f02449cd0b8d5b9e591adfae9cfe93e2ee636c3e1d70b79776ea9a4d12b8,5,97786074,267.62085651204944,1748267971193526,Staked ICX,0.261107325,sICX,0,2,2025-05-26
cx2609b924e33ef00b648a409245c7ea394c467824,hx0000000000000000000000000000000000000000,cx21e94c08c03daee80c25d8ee3ea22a20786ec231,0xe81fc4714e67d81d1,0xa8e5f02449cd0b8d5b9e591adfae9cfe93e2ee636c3e1d70b79776ea9a4d12b8,3,97786074,267.62085651204944,1748267971193526,Staked ICX,0.261107325,sICX,0,2,2025-05-26
cx88fd7df7ddff82f7cc735c871dc519838cb235bb,cx21e94c08c03daee80c25d8ee3ea22a20786ec231,hx4dc7903504bb800a462378348a42f53742759e0b,0x23823344f6d04e3ba,0x26d5235b9a5b060b6dcad6b5da3717542ddea923dbdc371a4cf50602d1aa3aea,9,97786074,40.938622553464036,1748267971193526,Balanced Dollar,0.203569125,bnUSD,0,1,2025-05-26
cx88fd7df7ddff82f7cc735c871dc519838cb235bb,cxa0af3165c08318e988cb30993b3048335b94af6c,cx5faae53c4dbd1fbe4a2eb4aab6565030f10da5c6,0xdacfbd176fd54a,0x26d5235b9a5b060b6dcad6b5da3717542ddea923dbdc371a4cf50602d1aa3aea,7,97786074,0.06158995597189665,1748267971193526,Balanced Dollar,0.203569125,bnUSD,0,1,2025-05-26
cx88fd7df7ddff82f7cc735c871dc519838cb235bb,cxa0af3165c08318e988cb30993b3048335b94af6c,cx21e94c08c03daee80c25d8ee3ea22a20786ec231,0x23823344f6d04e3ba,0x26d5235b9a5b060b6dcad6b5da3717542ddea923dbdc371a4cf50602d1aa3aea,6,97786074,40.938622553464036,1748267971193526,Balanced Dollar,0.203569125,bnUSD,0,1,2025-05-26
cx2609b924e33ef00b648a409245c7ea394c467824,cx21e94c08c03daee80c25d8ee3ea22a20786ec231,cxa0af3165c08318e988cb30993b3048335b94af6c,0xe81fc4714e67d81d1,0x26d5235b9a5b060b6dcad6b5da3717542ddea923dbdc371a4cf50602d1aa3aea,5,97786074,267.62085651204944,1748267971193526,Staked ICX,0.203569125,sICX,0,1,2025-05-26
cx2609b924e33ef00b648a409245c7ea394c467824,hx0000000000000000000000000000000000000000,cx21e94c08c03daee80c25d8ee3ea22a20786ec231,0xe81fc4714e67d81d1,0x26d5235b9a5b060b6dcad6b5da3717542ddea923dbdc371a4cf50602d1aa3aea,3,97786074,267.62085651204944,1748267971193526,Staked ICX,0.203569125,sICX,0,1,2025-05-26
cx88fd7df7ddff82f7cc735c871dc519838cb235bb,cxa0af3165c08318e988cb30993b3048335b94af6c,hx4dc7903504bb800a462378348a42f53742759e0b,0x446bba217b99055,0xb58c1680f2abb29b34a5453b854565532007954ec77fcb463d9f67d3f0956632,3,97786071,0.3081399293785908,1748267965230071,Balanced Dollar,0.0347575875,bnUSD,0,3,2025-05-26
cx288d13e1b63563459a2ac6179f237711f6851cb5,hx4dc7903504bb800a462378348a42f53742759e0b,cxa0af3165c08318e988cb30993b3048335b94af6c,0x8be07cd365d460,0x9785f0c399d682d6dce43314f180fc827e39af241a76c41eb5a1bda54ab7171f,0,97786071,0.039371848490013794,1748267965230071,Ethereum,0.0216377,ETH,0,2,2025-05-26
cx88fd7df7ddff82f7cc735c871dc519838cb235bb,hx4dc7903504bb800a462378348a42f53742759e0b,cxa0af3165c08318e988cb30993b3048335b94af6c,0x57e79a3290f724000,0x97f5736f4a5f42001ac0d30d88ff7e261cb0a1b1b3509dfd5222ca5a62755a03,0,97786071,101.3472150862568,1748267965230071,Balanced Dollar,0.02221895,bnUSD,0,1,2025-05-26
cx288d13e1b63563459a2ac6179f237711f6851cb5,cx21e94c08c03daee80c25d8ee3ea22a20786ec231,hx4dc7903504bb800a462378348a42f53742759e0b,0x8bf2638e9e82be,0xdec53b2a69966bd924970982f80c86e4c031fe91e950e3f93d86a8d99e472095,13,97786069,0.03939153117121811,1748267961708215,Ethereum,0.2612677375,ETH,0,2,2025-05-26
cx88fd7df7ddff82f7cc735c871dc519838cb235bb,cxa0af3165c08318e988cb30993b3048335b94af6c,cx5faae53c4dbd1fbe4a2eb4aab6565030f10da5c6,0x21c3cab806d096f,0xdec53b2a69966bd924970982f80c86e4c031fe91e950e3f93d86a8d99e472095,11,97786069,0.1520631947154579,1748267961708215,Balanced Dollar,0.2612677375,bnUSD,0,2,2025-05-26
cx288d13e1b63563459a2ac6179f237711f6851cb5,cxa0af3165c08318e988cb30993b3048335b94af6c,cx21e94c08c03daee80c25d8ee3ea22a20786ec231,0x8bf2638e9e82be,0xdec53b2a69966bd924970982f80c86e4c031fe91e950e3f93d86a8d99e472095,10,97786069,0.03939153117121811,1748267961708215,Ethereum,0.2612677375,ETH,0,2,2025-05-26
cx88fd7df7ddff82f7cc735c871dc519838cb235bb,cx21e94c08c03daee80c25d8ee3ea22a20786ec231,cxa0af3165c08318e988cb30993b3048335b94af6c,0x57eddfe9e7148925c,0xdec53b2a69966bd924970982f80c86e4c031fe91e950e3f93d86a8d99e472095,9,97786069,101.3754631436386,1748267961708215,Balanced Dollar,0.2612677375,bnUSD,0,2,2025-05-26
cx88fd7df7ddff82f7cc735c871dc519838cb235bb,cxa0af3165c08318e988cb30993b3048335b94af6c,cx5faae53c4dbd1fbe4a2eb4aab6565030f10da5c6,0x21dcd73b36adbb4,0xdec53b2a69966bd924970982f80c86e4c031fe91e950e3f93d86a8d99e472095,7,97786069,0.15250385921552273,1748267961708215,Balanced Dollar,0.2612677375,bnUSD,0,2,2025-05-26
cx88fd7df7ddff82f7cc735c871dc519838cb235bb,cxa0af3165c08318e988cb30993b3048335b94af6c,cx21e94c08c03daee80c25d8ee3ea22a20786ec231,0x57eddfe9e7148925c,0xdec53b2a69966bd924970982f80c86e4c031fe91e950e3f93d86a8d99e472095,6,97786069,101.3754631436386,1748267961708215,Balanced Dollar,0.2612677375,bnUSD,0,2,2025-05-26
cx2609b924e33ef00b648a409245c7ea394c467824,cx21e94c08c03daee80c25d8ee3ea22a20786ec231,cxa0af3165c08318e988cb30993b3048335b94af6c,0x23eb6f4109de6b556e,0xdec53b2a69966bd924970982f80c86e4c031fe91e950e3f93d86a8d99e472095,5,97786069,662.6008924118044,1748267961708215,Staked ICX,0.2612677375,sICX,0,2,2025-05-26
cx2609b924e33ef00b648a409245c7ea394c467824,hx0000000000000000000000000000000000000000,cx21e94c08c03daee80c25d8ee3ea22a20786ec231,0x23eb6f4109de6b556e,0xdec53b2a69966bd924970982f80c86e4c031fe91e950e3f93d86a8d99e472095,3,97786069,662.6008924118044,1748267961708215,Staked ICX,0.2612677375,sICX,0,2,2025-05-26
cx88fd7df7ddff82f7cc735c871dc519838cb235bb,cx21e94c08c03daee80c25d8ee3ea22a20786ec231,hx4dc7903504bb800a462378348a42f53742759e0b,0x57f2dc197d6b6b67b,0xf123f3abed7643a9b719a0f9fb23da93b9addd2ccdc8ea39caa13db56374c761,9,97786069,101.3979140432031,1748267961708215,Balanced Dollar,0.2035708125,bnUSD,0,1,2025-05-26
cx88fd7df7ddff82f7cc735c871dc519838cb235bb,cxa0af3165c08318e988cb30993b3048335b94af6c,cx5faae53c4dbd1fbe4a2eb4aab6565030f10da5c6,0x21dec2adf801fcd,0xf123f3abed7643a9b719a0f9fb23da93b9addd2ccdc8ea39caa13db56374c761,7,97786069,0.15253763128296238,1748267961708215,Balanced Dollar,0.2035708125,bnUSD,0,1,2025-05-26
cx88fd7df7ddff82f7cc735c871dc519838cb235bb,cxa0af3165c08318e988cb30993b3048335b94af6c,cx21e94c08c03daee80c25d8ee3ea22a20786ec231,0x57f2dc197d6b6b67b,0xf123f3abed7643a9b719a0f9fb23da93b9addd2ccdc8ea39caa13db56374c761,6,97786069,101.3979140432031,1748267961708215,Balanced Dollar,0.2035708125,bnUSD,0,1,2025-05-26
cx2609b924e33ef00b648a409245c7ea394c467824,cx21e94c08c03daee80c25d8ee3ea22a20786ec231,cxa0af3165c08318e988cb30993b3048335b94af6c,0x23eb6f4109de6b556e,0xf123f3abed7643a9b719a0f9fb23da93b9addd2ccdc8ea39caa13db56374c761,5,97786069,662.6008924118044,1748267961708215,Staked ICX,0.2035708125,sICX,0,1,2025-05-26
cx2609b924e33ef00b648a409245c7ea394c467824,hx0000000000000000000000000000000000000000,cx21e94c08c03daee80c25d8ee3ea22a20786ec231,0x23eb6f4109de6b556e,0xf123f3abed7643a9b719a0f9fb23da93b9addd2ccdc8ea39caa13db56374c761,3,97786069,662.6008924118044,1748267961708215,Staked ICX,0.2035708125,sICX,0,1,2025-05-26
cxf61cd5a45dc9f91c15aa65831a30a90d59a09619,cxd82fb5d3effecd8c9071a4bba3856ad7222c4b91,hxb946c680221e6ff41de8a2b62fd810315ce65fb9,0x3ff1b7de60a066,0x56c4a4e926444ccfc26a1d8d0a1751d210ff73dfb1933df946da9a169ab95174,7,97786066,0.017998695544954983,1748267955433976,Balance Token,0.222846475,BALN,0,1,2025-05-26
cx88fd7df7ddff82f7cc735c871dc519838cb235bb,cxd82fb5d3effecd8c9071a4bba3856ad7222c4b91,hxb946c680221e6ff41de8a2b62fd810315ce65fb9,0x67355f9471ebad,0x56c4a4e926444ccfc26a1d8d0a1751d210ff73dfb1933df946da9a169ab95174,6,97786066,0.029050607229856685,1748267955433976,Balanced Dollar,0.222846475,bnUSD,0,1,2025-05-26
cx2609b924e33ef00b648a409245c7ea394c467824,cxd82fb5d3effecd8c9071a4bba3856ad7222c4b91,hxb946c680221e6ff41de8a2b62fd810315ce65fb9,0x4333c711e75d133,0x56c4a4e926444ccfc26a1d8d0a1751d210ff73dfb1933df946da9a169ab95174,5,97786066,0.30265205650396393,1748267955433976,Staked ICX,0.222846475,sICX,0,1,2025-05-26
cxf61cd5a45dc9f91c15aa65831a30a90d59a09619,cx9345f80d6c98357ccbb70392b14162199c2c5f66,cxd82fb5d3effecd8c9071a4bba3856ad7222c4b91,0x2ce174c1435e34e,0x56c4a4e926444ccfc26a1d8d0a1751d210ff73dfb1933df946da9a169ab95174,3,97786066,0.20212464880228026,1748267955433976,Balance Token,0.222846475,BALN,0,1,2025-05-26
cx2609b924e33ef00b648a409245c7ea394c467824,cx9345f80d6c98357ccbb70392b14162199c2c5f66,cxd82fb5d3effecd8c9071a4bba3856ad7222c4b91,0x2f23257cc16ebe09,0x56c4a4e926444ccfc26a1d8d0a1751d210ff73dfb1933df946da9a169ab95174,2,97786066,3.3965997617189188,1748267955433976,Staked ICX,0.222846475,sICX,0,1,2025-05-26
cx88fd7df7ddff82f7cc735c871dc519838cb235bb,hx0000000000000000000000000000000000000000,cx5faae53c4dbd1fbe4a2eb4aab6565030f10da5c6,0x0,0x56c4a4e926444ccfc26a1d8d0a1751d210ff73dfb1933df946da9a169ab95174,1,97786066,0.0,1748267955433976,Balanced Dollar,0.222846475,bnUSD,0,1,2025-05-26
cx88fd7df7ddff82f7cc735c871dc519838cb235bb,hx0000000000000000000000000000000000000000,cxd82fb5d3effecd8c9071a4bba3856ad7222c4b91,0x4833274be5aecb9,0x56c4a4e926444ccfc26a1d8d0a1751d210ff73dfb1933df946da9a169ab95174,0,97786066,0.3251590750920327,1748267955433976,Balanced Dollar,0.222846475,bnUSD,0,1,2025-05-26
cxf61cd5a45dc9f91c15aa65831a30a90d59a09619,cx10d59e8103ab44635190bd4139dbfd682fa2d07e,hxb946c680221e6ff41de8a2b62fd810315ce65fb9,0xd36b89e07461ce4,0x513636a0498d1474bef5054cd20d262854dac83cb51e45d432c3e7ea765212b8,5,97786062,0.9521513601018176,1748267947185707,Balance Token,0.1425912,BALN,0,1,2025-05-26
cx2609b924e33ef00b648a409245c7ea394c467824,cx10d59e8103ab44635190bd4139dbfd682fa2d07e,hxb946c680221e6ff41de8a2b62fd810315ce65fb9,0xad7163ba03dd8d05,0x513636a0498d1474bef5054cd20d262854dac83cb51e45d432c3e7ea765212b8,3,97786062,12.497880091509755,1748267947185707,Staked ICX,0.1425912,sICX,0,1,2025-05-26
cx2609b924e33ef00b648a409245c7ea394c467824,cx203d9cd2a669be67177e997b8948ce2c35caffae,hxb946c680221e6ff41de8a2b62fd810315ce65fb9,0xc138b622b54a9d,0x63f64f74c60268c958aa4692616db86970756d445e4bea26b3dabb8783cc471a,3,97786057,0.0543870254226664,1748267937223052,Staked ICX,0.13910745,sICX,0,1,2025-05-26
cx88fd7df7ddff82f7cc735c871dc519838cb235bb,cx203d9cd2a669be67177e997b8948ce2c35caffae,hxb946c680221e6ff41de8a2b62fd810315ce65fb9,0x15a67d53b2b648b,0x63f64f74c60268c958aa4692616db86970756d445e4bea26b3dabb8783cc471a,0,97786057,0.09750450746028148,1748267937223052,Balanced Dollar,0.13910745,bnUSD,0,1,2025-05-26
cx7baf94bd53b505353285ee4c4c050f9703581703,hxf662476d85bc58ee7aa203810238e0b791afc1c8,hxf662476d85bc58ee7aa203810238e0b791afc1c8,0x0,0x98208243b2b49daf020b2eb12988240c4bfa17e8a61effb1437f58b6ede50f55,2,97786048,0.0,1748267919215082,unknown_token,0.0896148,$unknown,21,1,2025-05-26
cx7baf94bd53b505353285ee4c4c050f9703581703,hxf662476d85bc58ee7aa203810238e0b791afc1c8,hxf662476d85bc58ee7aa203810238e0b791afc1c8,0x0,0x98208243b2b49daf020b2eb12988240c4bfa17e8a61effb1437f58b6ede50f55,1,97786048,0.0,1748267919215082,unknown_token,0.0896148,$unknown,12,1,2025-05-26
cx7baf94bd53b505353285ee4c4c050f9703581703,hxf662476d85bc58ee7aa203810238e0b791afc1c8,hxf662476d85bc58ee7aa203810238e0b791afc1c8,0x0,0x2b589ecb82766f5a53aed17f944e77f727a700d441ac7facf604e8112b8922cd,1,97786032,0.0,1748267887213701,unknown_token,0.0850948,$unknown,5,1,2025-05-26
cx88fd7df7ddff82f7cc735c871dc519838cb235bb,cxa0af3165c08318e988cb30993b3048335b94af6c,cx5faae53c4dbd1fbe4a2eb4aab6565030f10da5c6,0x3b376592226d01c,0xfbd3177aa14de80e673775eb157e822d60883ba377b8011367d82d1c617fa74e,2,97785991,0.26668692814212713,1748267805369323,Balanced Dollar,0.04738525,bnUSD,0,1,2025-05-26
cx88fd7df7ddff82f7cc735c871dc519838cb235bb,cxa0af3165c08318e988cb30993b3048335b94af6c,hxd75467e3e4ce64e3424c747dfb71503017440433,0x99d6701bc454bc60e,0xfbd3177aa14de80e673775eb157e822d60883ba377b8011367d82d1c617fa74e,1,97785991,177.3627327580699,1748267805369323,Balanced Dollar,0.04738525,bnUSD,0,1,2025-05-26
cx508002ec116fbf3ab406329c0df28e70d7e75fb3,hxd75467e3e4ce64e3424c747dfb71503017440433,cxa0af3165c08318e988cb30993b3048335b94af6c,0xba43b7400,0xfbd3177aa14de80e673775eb157e822d60883ba377b8011367d82d1c617fa74e,0,97785991,50.0,1748267805369323,Sui,0.04738525,SUI,0,1,2025-05-26
cx88fd7df7ddff82f7cc735c871dc519838cb235bb,cxa0af3165c08318e988cb30993b3048335b94af6c,cx5faae53c4dbd1fbe4a2eb4aab6565030f10da5c6,0x3b49514d540ac88,0x06f05bb820d009346f35a413f5c24de5681a5c26d729adbeb45004bbb8cfa5c8,2,97785983,0.2670021946313719,1748267789899868,Balanced Dollar,0.04738525,bnUSD,0,1,2025-05-26
cx88fd7df7ddff82f7cc735c871dc519838cb235bb,cxa0af3165c08318e988cb30993b3048335b94af6c,hxd75467e3e4ce64e3424c747dfb71503017440433,0x9a05020e9b8ca7695,0x06f05bb820d009346f35a413f5c24de5681a5c26d729adbeb45004bbb8cfa5c8,1,97785983,177.57246589579103,1748267789899868,Balanced Dollar,0.04738525,bnUSD,0,1,2025-05-26
cx508002ec116fbf3ab406329c0df28e70d7e75fb3,hxd75467e3e4ce64e3424c747dfb71503017440433,cxa0af3165c08318e988cb30993b3048335b94af6c,0xba43b7400,0x06f05bb820d009346f35a413f5c24de5681a5c26d729adbeb45004bbb8cfa5c8,0,97785983,50.0,1748267789899868,Sui,0.04738525,SUI,0,1,2025-05-26
cx88fd7df7ddff82f7cc735c871dc519838cb235bb,cxa0af3165c08318e988cb30993b3048335b94af6c,cx5faae53c4dbd1fbe4a2eb4aab6565030f10da5c6,0x3b5b452cdf894ef,0xb684a62df149ebdceebdd4e53c7cd3a4ebedef4efb58f2fbed1d43f59ac89f91,2,97785976,0.26731802063435084,1748267775131154,Balanced Dollar,0.04738525,bnUSD,0,1,2025-05-26
cx88fd7df7ddff82f7cc735c871dc519838cb235bb,cxa0af3165c08318e988cb30993b3048335b94af6c,hxd75467e3e4ce64e3424c747dfb71503017440433,0x9a33a92b9231d5a52,0xb684a62df149ebdceebdd4e53c7cd3a4ebedef4efb58f2fbed1d43f59ac89f91,1,97785976,177.78257136407316,1748267775131154,Balanced Dollar,0.04738525,bnUSD,0,1,2025-05-26
cx508002ec116fbf3ab406329c0df28e70d7e75fb3,hxd75467e3e4ce64e3424c747dfb71503017440433,cxa0af3165c08318e988cb30993b3048335b94af6c,0xba43b7400,0xb684a62df149ebdceebdd4e53c7cd3a4ebedef4efb58f2fbed1d43f59ac89f91,0,97785976,50.0,1748267775131154,Sui,0.04738525,SUI,0,1,2025-05-26
cx88fd7df7ddff82f7cc735c871dc519838cb235bb,cxa0af3165c08318e988cb30993b3048335b94af6c,cx5faae53c4dbd1fbe4a2eb4aab6565030f10da5c6,0x33441b2c539e837,0xc1d7a57180e9bed0651e3c3254bc00d40456162d9e04a0b6dddfd5ad2c0608b5,2,97785971,0.2308817169716286,1748267765150094,Balanced Dollar,0.056994075,bnUSD,0,2,2025-05-26
cx88fd7df7ddff82f7cc735c871dc519838cb235bb,cxa0af3165c08318e988cb30993b3048335b94af6c,hxd75467e3e4ce64e3424c747dfb71503017440433,0x85242f9a6df447f54,0xc1d7a57180e9bed0651e3c3254bc00d40456162d9e04a0b6dddfd5ad2c0608b5,1,97785971,153.5015271443551,1748267765150094,Balanced Dollar,0.056994075,bnUSD,0,2,2025-05-26
cx288d13e1b63563459a2ac6179f237711f6851cb5,hxd75467e3e4ce64e3424c747dfb71503017440433,cxa0af3165c08318e988cb30993b3048335b94af6c,0xd529ae9e860000,0xc1d7a57180e9bed0651e3c3254bc00d40456162d9e04a0b6dddfd5ad2c0608b5,0,97785971,0.06,1748267765150094,Ethereum,0.056994075,ETH,0,2,2025-05-26
cxf61cd5a45dc9f91c15aa65831a30a90d59a09619,cx9345f80d6c98357ccbb70392b14162199c2c5f66,cxd82fb5d3effecd8c9071a4bba3856ad7222c4b91,0xcc16ca2b786906,0x0198ccc961fb1cc9c9f5f041b6fb141ca506c87aa114cd100e2c2d4665d74436,4,97785971,0.05744595281749018,1748267765150094,Balance Token,0.1308054875,BALN,0,1,2025-05-26
cx2609b924e33ef00b648a409245c7ea394c467824,cx9345f80d6c98357ccbb70392b14162199c2c5f66,cxd82fb5d3effecd8c9071a4bba3856ad7222c4b91,0xd659c2b8a832ded,0x0198ccc961fb1cc9c9f5f041b6fb141ca506c87aa114cd100e2c2d4665d74436,3,97785971,0.965349405962219,1748267765150094,Staked ICX,0.1308054875,sICX,0,1,2025-05-26
cx88fd7df7ddff82f7cc735c871dc519838cb235bb,hx0000000000000000000000000000000000000000,cx5faae53c4dbd1fbe4a2eb4aab6565030f10da5c6,0x0,0x0198ccc961fb1cc9c9f5f041b6fb141ca506c87aa114cd100e2c2d4665d74436,2,97785971,0.0,1748267765150094,Balanced Dollar,0.1308054875,bnUSD,0,1,2025-05-26
cx88fd7df7ddff82f7cc735c871dc519838cb235bb,hx0000000000000000000000000000000000000000,cxd82fb5d3effecd8c9071a4bba3856ad7222c4b91,0x147a047845780b6,0x0198ccc961fb1cc9c9f5f041b6fb141ca506c87aa114cd100e2c2d4665d74436,1,97785971,0.09221854640783378,1748267765150094,Balanced Dollar,0.1308054875,bnUSD,0,1,2025-05-26
cx88fd7df7ddff82f7cc735c871dc519838cb235bb,hxad6fcac42eb467276528637222c7c63e93d5aaa3,cxd82fb5d3effecd8c9071a4bba3856ad7222c4b91,0x8078ac86e56f1213a,0x0198ccc961fb1cc9c9f5f041b6fb141ca506c87aa114cd100e2c2d4665d74436,0,97785971,148.11741967095858,1748267765150094,Balanced Dollar,0.1308054875,bnUSD,0,1,2025-05-26
cx88fd7df7ddff82f7cc735c871dc519838cb235bb,cxa0af3165c08318e988cb30993b3048335b94af6c,cx5faae53c4dbd1fbe4a2eb4aab6565030f10da5c6,0x334b4f7da867dc1,0x8922f77ac2087fa371c5d927f312c0bfff846ac2ab079a1ac60b33487df0e554,2,97785963,0.2310084575189068,1748267749112999,Balanced Dollar,0.056990075,bnUSD,0,1,2025-05-26
cx88fd7df7ddff82f7cc735c871dc519838cb235bb,cxa0af3165c08318e988cb30993b3048335b94af6c,hxd75467e3e4ce64e3424c747dfb71503017440433,0x8536e6142be0524a8,0x8922f77ac2087fa371c5d927f312c0bfff846ac2ab079a1ac60b33487df0e554,1,97785963,153.58580208154635,1748267749112999,Balanced Dollar,0.056990075,bnUSD,0,1,2025-05-26
cx288d13e1b63563459a2ac6179f237711f6851cb5,hxd75467e3e4ce64e3424c747dfb71503017440433,cxa0af3165c08318e988cb30993b3048335b94af6c,0xd529ae9e860000,0x8922f77ac2087fa371c5d927f312c0bfff846ac2ab079a1ac60b33487df0e554,0,97785963,0.06,1748267749112999,Ethereum,0.056990075,ETH,0,1,2025-05-26
cx88fd7df7ddff82f7cc735c871dc519838cb235bb,cxa0af3165c08318e988cb30993b3048335b94af6c,cx5faae53c4dbd1fbe4a2eb4aab6565030f10da5c6,0x33528553f69ec21,0x4d86d76d74e5f1aba6924bbc46ab61e4389451e50caaa03b8716fe466f05e32e,2,97785952,0.23113530248068612,1748267727118465,Balanced Dollar,0.056990075,bnUSD,0,1,2025-05-26
cx88fd7df7ddff82f7cc735c871dc519838cb235bb,cxa0af3165c08318e988cb30993b3048335b94af6c,hxd75467e3e4ce64e3424c747dfb71503017440433,0x8549a080623229470,0x4d86d76d74e5f1aba6924bbc46ab61e4389451e50caaa03b8716fe466f05e32e,1,97785952,153.6701464577281,1748267727118465,Balanced Dollar,0.056990075,bnUSD,0,1,2025-05-26
cx288d13e1b63563459a2ac6179f237711f6851cb5,hxd75467e3e4ce64e3424c747dfb71503017440433,cxa0af3165c08318e988cb30993b3048335b94af6c,0xd529ae9e860000,0x4d86d76d74e5f1aba6924bbc46ab61e4389451e50caaa03b8716fe466f05e32e,0,97785952,0.06,1748267727118465,Ethereum,0.056990075,ETH,0,1,2025-05-26
cx88fd7df7ddff82f7cc735c871dc519838cb235bb,cx21e94c08c03daee80c25d8ee3ea22a20786ec231,hx2debd9ec927cca1639da8d3518dd9dbf1cdfb357,0x19654f2a3578dc1001,0xdbfbea4526520cb0435ff006794c31e5bd57dcf1b492d8a1ce0239a556f2b0c3,5,97785949,468.468701772879,1748267721096815,Balanced Dollar,0.0883172375,bnUSD,0,1,2025-05-26
cx88fd7df7ddff82f7cc735c871dc519838cb235bb,cxa0af3165c08318e988cb30993b3048335b94af6c,cx5faae53c4dbd1fbe4a2eb4aab6565030f10da5c6,0x9c3bc803de9e827,0xdbfbea4526520cb0435ff006794c31e5bd57dcf1b492d8a1ce0239a556f2b0c3,3,97785949,0.7036132257805047,1748267721096815,Balanced Dollar,0.0883172375,bnUSD,0,1,2025-05-26
cx88fd7df7ddff82f7cc735c871dc519838cb235bb,cxa0af3165c08318e988cb30993b3048335b94af6c,cx21e94c08c03daee80c25d8ee3ea22a20786ec231,0x19654f2a3578dc1001,0xdbfbea4526520cb0435ff006794c31e5bd57dcf1b492d8a1ce0239a556f2b0c3,2,97785949,468.468701772879,1748267721096815,Balanced Dollar,0.0883172375,bnUSD,0,1,2025-05-26
cx66a031cc3bd305c76371fb586e93801b948254f0,cx21e94c08c03daee80c25d8ee3ea22a20786ec231,cxa0af3165c08318e988cb30993b3048335b94af6c,0x1158e460913d00000,0xdbfbea4526520cb0435ff006794c31e5bd57dcf1b492d8a1ce0239a556f2b0c3,1,97785949,20.0,1748267721096815,Avalanche,0.0883172375,AVAX,0,1,2025-05-26
cx66a031cc3bd305c76371fb586e93801b948254f0,hx2debd9ec927cca1639da8d3518dd9dbf1cdfb357,cx21e94c08c03daee80c25d8ee3ea22a20786ec231,0x1158e460913d00000,0xdbfbea4526520cb0435ff006794c31e5bd57dcf1b492d8a1ce0239a556f2b0c3,0,97785949,20.0,1748267721096815,Avalanche,0.0883172375,AVAX,0,1,2025-05-26
cx88fd7df7ddff82f7cc735c871dc519838cb235bb,cxa0af3165c08318e988cb30993b3048335b94af6c,cx5faae53c4dbd1fbe4a2eb4aab6565030f10da5c6,0x3b6d4135b47680a,0x0a3f6358bc79bc29f0603f320d819e40a2f1d01bee45819c988b5065f910e66d,2,97785947,0.2676344074759967,1748267717141248,Balanced Dollar,0.0473839375,bnUSD,0,1,2025-05-26
cx88fd7df7ddff82f7cc735c871dc519838cb235bb,cxa0af3165c08318e988cb30993b3048335b94af6c,hxd75467e3e4ce64e3424c747dfb71503017440433,0x9a62657f7dc2c0678,0x0a3f6358bc79bc29f0603f320d819e40a2f1d01bee45819c988b5065f910e66d,1,97785947,177.99305004485942,1748267717141248,Balanced Dollar,0.0473839375,bnUSD,0,1,2025-05-26
cx508002ec116fbf3ab406329c0df28e70d7e75fb3,hxd75467e3e4ce64e3424c747dfb71503017440433,cxa0af3165c08318e988cb30993b3048335b94af6c,0xba43b7400,0x0a3f6358bc79bc29f0603f320d819e40a2f1d01bee45819c988b5065f910e66d,0,97785947,50.0,1748267717141248,Sui,0.0473839375,SUI,0,1,2025-05-26
cx88fd7df7ddff82f7cc735c871dc519838cb235bb,cx21e94c08c03daee80c25d8ee3ea22a20786ec231,hx2debd9ec927cca1639da8d3518dd9dbf1cdfb357,0x164d6b4a45d018e0f2,0x7575548819071eb9ef8fb510889e7618ae80f71e292260c783c98f1bcb6b6138,5,97785945,411.4070038487431,1748267713074030,Balanced Dollar,0.088406925,bnUSD,0,2,2025-05-26
cx88fd7df7ddff82f7cc735c871dc519838cb235bb,cxa0af3165c08318e988cb30993b3048335b94af6c,cx5faae53c4dbd1fbe4a2eb4aab6565030f10da5c6,0x892d060263732eb,0x7575548819071eb9ef8fb510889e7618ae80f71e292260c783c98f1bcb6b6138,3,97785945,0.6177852102797688,1748267713074030,Balanced Dollar,0.088406925,bnUSD,0,2,2025-05-26
cx88fd7df7ddff82f7cc735c871dc519838cb235bb,cxa0af3165c08318e988cb30993b3048335b94af6c,cx21e94c08c03daee80c25d8ee3ea22a20786ec231,0x164d6b4a45d018e0f2,0x7575548819071eb9ef8fb510889e7618ae80f71e292260c783c98f1bcb6b6138,2,97785945,411.4070038487431,1748267713074030,Balanced Dollar,0.088406925,bnUSD,0,2,2025-05-26
cx4297f4b63262507623b6ad575d0d8dd2db980e4e,cx21e94c08c03daee80c25d8ee3ea22a20786ec231,cxa0af3165c08318e988cb30993b3048335b94af6c,0x1a055690d9db80000,0x7575548819071eb9ef8fb510889e7618ae80f71e292260c783c98f1bcb6b6138,1,97785945,30.0,1748267713074030,Injective,0.088406925,INJ,0,2,2025-05-26
cx4297f4b63262507623b6ad575d0d8dd2db980e4e,hx2debd9ec927cca1639da8d3518dd9dbf1cdfb357,cx21e94c08c03daee80c25d8ee3ea22a20786ec231,0x1a055690d9db80000,0x7575548819071eb9ef8fb510889e7618ae80f71e292260c783c98f1bcb6b6138,0,97785945,30.0,1748267713074030,Injective,0.088406925,INJ,0,2,2025-05-26
cxf61cd5a45dc9f91c15aa65831a30a90d59a09619,cx10d59e8103ab44635190bd4139dbfd682fa2d07e,hxad6fcac42eb467276528637222c7c63e93d5aaa3,0x11bffbb70acaf63118,0x28bf79b43fb2e5aff6be23e72b7e79839d7b39cec0e093c3fe5ade78233200b3,2,97785945,327.4285011904437,1748267713074030,Balance Token,0.081956925,BALN,0,1,2025-05-26
cxf61cd5a45dc9f91c15aa65831a30a90d59a09619,cx9345f80d6c98357ccbb70392b14162199c2c5f66,cxd82fb5d3effecd8c9071a4bba3856ad7222c4b91,0xc487b933578194,0x54f5768edbf3c398af97093e3e511559ee6f9d4f3eff5d69723c802931772fd3,4,97785944,0.055318324935360916,1748267711183574,Balance Token,0.1306234875,BALN,0,1,2025-05-26
cx2609b924e33ef00b648a409245c7ea394c467824,cx9345f80d6c98357ccbb70392b14162199c2c5f66,cxd82fb5d3effecd8c9071a4bba3856ad7222c4b91,0xce69662d13bf356,0x54f5768edbf3c398af97093e3e511559ee6f9d4f3eff5d69723c802931772fd3,3,97785944,0.9295957242599145,1748267711183574,Staked ICX,0.1306234875,sICX,0,1,2025-05-26
cx88fd7df7ddff82f7cc735c871dc519838cb235bb,hx0000000000000000000000000000000000000000,cx5faae53c4dbd1fbe4a2eb4aab6565030f10da5c6,0x0,0x54f5768edbf3c398af97093e3e511559ee6f9d4f3eff5d69723c802931772fd3,2,97785944,0.0,1748267711183574,Balanced Dollar,0.1306234875,bnUSD,0,1,2025-05-26
cx88fd7df7ddff82f7cc735c871dc519838cb235bb,hx0000000000000000000000000000000000000000,cxd82fb5d3effecd8c9071a4bba3856ad7222c4b91,0x14c95b89d73a17c,0x54f5768edbf3c398af97093e3e511559ee6f9d4f3eff5d69723c802931772fd3,1,97785944,0.09361431241605978,1748267711183574,Balanced Dollar,0.1306234875,bnUSD,0,1,2025-05-26
cx88fd7df7ddff82f7cc735c871dc519838cb235bb,hxd75467e3e4ce64e3424c747dfb71503017440433,cxd82fb5d3effecd8c9071a4bba3856ad7222c4b91,0x478af4cc54654c0000,0x54f5768edbf3c398af97093e3e511559ee6f9d4f3eff5d69723c802931772fd3,0,97785944,1319.7316817677784,1748267711183574,Balanced Dollar,0.1306234875,bnUSD,0,1,2025-05-26
cx88fd7df7ddff82f7cc735c871dc519838cb235bb,cxa0af3165c08318e988cb30993b3048335b94af6c,cx5faae53c4dbd1fbe4a2eb4aab6565030f10da5c6,0x2f07ca5216ecf0e,0xacf60e35b1b5cd0b39fcaba951320883348b763ff24214b8ccc19110229fb021,2,97785942,0.21180623115877148,1748267705889961,Balanced Dollar,0.0569236375,bnUSD,0,1,2025-05-26
cx88fd7df7ddff82f7cc735c871dc519838cb235bb,cxa0af3165c08318e988cb30993b3048335b94af6c,hxd75467e3e4ce64e3424c747dfb71503017440433,0x7a2b9e6b1976f40e2,0xacf60e35b1b5cd0b39fcaba951320883348b763ff24214b8ccc19110229fb021,1,97785942,140.8528652712269,1748267705889961,Balanced Dollar,0.0569236375,bnUSD,0,1,2025-05-26
cx66a031cc3bd305c76371fb586e93801b948254f0,hxd75467e3e4ce64e3424c747dfb71503017440433,cxa0af3165c08318e988cb30993b3048335b94af6c,0x53444835ec580000,0xacf60e35b1b5cd0b39fcaba951320883348b763ff24214b8ccc19110229fb021,0,97785942,6.0,1748267705889961,Avalanche,0.0569236375,AVAX,0,1,2025-05-26
cx88fd7df7ddff82f7cc735c871dc519838cb235bb,cxa0af3165c08318e988cb30993b3048335b94af6c,cx5faae53c4dbd1fbe4a2eb4aab6565030f10da5c6,0x3b7f456cc61e668,0xe4634378647010defd63df2a838bfa96be64e27c48c6378a230411241bac43be,2,97785936,0.2679513564851667,1748267693869612,Balanced Dollar,0.04738525,bnUSD,0,1,2025-05-26
cx88fd7df7ddff82f7cc735c871dc519838cb235bb,cxa0af3165c08318e988cb30993b3048335b94af6c,hxd75467e3e4ce64e3424c747dfb71503017440433,0x9a9137173d79e7883,0xe4634378647010defd63df2a838bfa96be64e27c48c6378a230411241bac43be,1,97785936,178.20390282270594,1748267693869612,Balanced Dollar,0.04738525,bnUSD,0,1,2025-05-26
cx508002ec116fbf3ab406329c0df28e70d7e75fb3,hxd75467e3e4ce64e3424c747dfb71503017440433,cxa0af3165c08318e988cb30993b3048335b94af6c,0xba43b7400,0xe4634378647010defd63df2a838bfa96be64e27c48c6378a230411241bac43be,0,97785936,50.0,1748267693869612,Sui,0.04738525,SUI,0,1,2025-05-26
cx88fd7df7ddff82f7cc735c871dc519838cb235bb,cxa0af3165c08318e988cb30993b3048335b94af6c,hx4dc7903504bb800a462378348a42f53742759e0b,0x3f143e088943c74,0x8dac49372c302b81bc863c49629257bc151fe9ff0bfda798a12a7b96c8a2eae5,3,97785935,0.2840828831442034,1748267691924011,Balanced Dollar,0.0347379625,bnUSD,0,3,2025-05-26
cx65c9e3d4fea842e00add0d32a5b4c5e4e04c7a6b,hx4dc7903504bb800a462378348a42f53742759e0b,cxa0af3165c08318e988cb30993b3048335b94af6c,0x21fafbdc,0x48e6a1767d922320127f7dec754826b5916ef0017a7266dc8b8ec6c6327f6d72,0,97785935,0.570096604,1748267691924011,Solana,0.0215575125,SOL,0,2,2025-05-26
cx88fd7df7ddff82f7cc735c871dc519838cb235bb,hx4dc7903504bb800a462378348a42f53742759e0b,cxa0af3165c08318e988cb30993b3048335b94af6c,0x57f19290a01268000,0x5a08b3e90c73bc096425544e0bb35a172058be8f1413f2b386f3f39465394014,0,97785935,101.39211680872809,1748267691924011,Balanced Dollar,0.02221895,bnUSD,0,1,2025-05-26
cx65c9e3d4fea842e00add0d32a5b4c5e4e04c7a6b,cx21e94c08c03daee80c25d8ee3ea22a20786ec231,hx4dc7903504bb800a462378348a42f53742759e0b,0x21ff5527,0x554fa2fbba86df97eb4bc652665f0957339eab5bd4ee3bb72948a6d6fd69a85b,13,97785933,0.570381607,1748267688381765,Solana,0.25088105,SOL,0,2,2025-05-26
cx88fd7df7ddff82f7cc735c871dc519838cb235bb,cxa0af3165c08318e988cb30993b3048335b94af6c,cx5faae53c4dbd1fbe4a2eb4aab6565030f10da5c6,0x21c79efe1264792,0x554fa2fbba86df97eb4bc652665f0957339eab5bd4ee3bb72948a6d6fd69a85b,11,97785933,0.15213055860528116,1748267688381765,Balanced Dollar,0.25088105,bnUSD,0,2,2025-05-26
cx65c9e3d4fea842e00add0d32a5b4c5e4e04c7a6b,cxa0af3165c08318e988cb30993b3048335b94af6c,cx21e94c08c03daee80c25d8ee3ea22a20786ec231,0x21ff5527,0x554fa2fbba86df97eb4bc652665f0957339eab5bd4ee3bb72948a6d6fd69a85b,10,97785933,0.570381607,1748267688381765,Solana,0.25088105,SOL,0,2,2025-05-26
cx88fd7df7ddff82f7cc735c871dc519838cb235bb,cx21e94c08c03daee80c25d8ee3ea22a20786ec231,cxa0af3165c08318e988cb30993b3048335b94af6c,0x57f7d8b5a53afb8b1,0x554fa2fbba86df97eb4bc652665f0957339eab5bd4ee3bb72948a6d6fd69a85b,9,97785933,101.42037240352079,1748267688381765,Balanced Dollar,0.25088105,bnUSD,0,2,2025-05-26
cx88fd7df7ddff82f7cc735c871dc519838cb235bb,cxa0af3165c08318e988cb30993b3048335b94af6c,cx5faae53c4dbd1fbe4a2eb4aab6565030f10da5c6,0x21e0ae4a87c5738,0x554fa2fbba86df97eb4bc652665f0957339eab5bd4ee3bb72948a6d6fd69a85b,7,97785933,0.1525714145727179,1748267688381765,Balanced Dollar,0.25088105,bnUSD,0,2,2025-05-26
cx88fd7df7ddff82f7cc735c871dc519838cb235bb,cxa0af3165c08318e988cb30993b3048335b94af6c,cx21e94c08c03daee80c25d8ee3ea22a20786ec231,0x57f7d8b5a53afb8b1,0x554fa2fbba86df97eb4bc652665f0957339eab5bd4ee3bb72948a6d6fd69a85b,6,97785933,101.42037240352079,1748267688381765,Balanced Dollar,0.25088105,bnUSD,0,2,2025-05-26
cx2609b924e33ef00b648a409245c7ea394c467824,cx21e94c08c03daee80c25d8ee3ea22a20786ec231,cxa0af3165c08318e988cb30993b3048335b94af6c,0x23eb6f4109de6b556e,0x554fa2fbba86df97eb4bc652665f0957339eab5bd4ee3bb72948a6d6fd69a85b,5,97785933,662.6008924118044,1748267688381765,Staked ICX,0.25088105,sICX,0,2,2025-05-26
cx2609b924e33ef00b648a409245c7ea394c467824,hx0000000000000000000000000000000000000000,cx21e94c08c03daee80c25d8ee3ea22a20786ec231,0x23eb6f4109de6b556e,0x554fa2fbba86df97eb4bc652665f0957339eab5bd4ee3bb72948a6d6fd69a85b,3,97785933,662.6008924118044,1748267688381765,Staked ICX,0.25088105,sICX,0,2,2025-05-26
cx88fd7df7ddff82f7cc735c871dc519838cb235bb,cx21e94c08c03daee80c25d8ee3ea22a20786ec231,hx4dc7903504bb800a462378348a42f53742759e0b,0x57fcd5be6ad494711,0x9a8153b883325544e2305e97def2151d7df865251c2b5f72fa35065ac8fb3fcf,9,97785933,101.44283822789815,1748267688381765,Balanced Dollar,0.20357595,bnUSD,0,1,2025-05-26
cx88fd7df7ddff82f7cc735c871dc519838cb235bb,cxa0af3165c08318e988cb30993b3048335b94af6c,cx5faae53c4dbd1fbe4a2eb4aab6565030f10da5c6,0x21e29a10eab6517,0x9a8153b883325544e2305e97def2151d7df865251c2b5f72fa35065ac8fb3fcf,7,97785933,0.15260520908976258,1748267688381765,Balanced Dollar,0.20357595,bnUSD,0,1,2025-05-26
cx88fd7df7ddff82f7cc735c871dc519838cb235bb,cxa0af3165c08318e988cb30993b3048335b94af6c,cx21e94c08c03daee80c25d8ee3ea22a20786ec231,0x57fcd5be6ad494711,0x9a8153b883325544e2305e97def2151d7df865251c2b5f72fa35065ac8fb3fcf,6,97785933,101.44283822789815,1748267688381765,Balanced Dollar,0.20357595,bnUSD,0,1,2025-05-26
cx2609b924e33ef00b648a409245c7ea394c467824,cx21e94c08c03daee80c25d8ee3ea22a20786ec231,cxa0af3165c08318e988cb30993b3048335b94af6c,0x23eb6f4109de6b556e,0x9a8153b883325544e2305e97def2151d7df865251c2b5f72fa35065ac8fb3fcf,5,97785933,662.6008924118044,1748267688381765,Staked ICX,0.20357595,sICX,0,1,2025-05-26
cx2609b924e33ef00b648a409245c7ea394c467824,hx0000000000000000000000000000000000000000,cx21e94c08c03daee80c25d8ee3ea22a20786ec231,0x23eb6f4109de6b556e,0x9a8153b883325544e2305e97def2151d7df865251c2b5f72fa35065ac8fb3fcf,3,97785933,662.6008924118044,1748267688381765,Staked ICX,0.20357595,sICX,0,1,2025-05-26
cx88fd7df7ddff82f7cc735c871dc519838cb235bb,cxa0af3165c08318e988cb30993b3048335b94af6c,hx4dc7903504bb800a462378348a42f53742759e0b,0x3f1894d9f9137f1,0xc3b6b61e54c9eea599ac627919e010c3c87f7938ab248caee6a8cfda1aa59114,3,97785930,0.2841592179836334,1748267681912865,Balanced Dollar,0.0347379625,bnUSD,0,3,2025-05-26
cx65c9e3d4fea842e00add0d32a5b4c5e4e04c7a6b,hx4dc7903504bb800a462378348a42f53742759e0b,cxa0af3165c08318e988cb30993b3048335b94af6c,0x2206263f,0x28944ee172269c072c579dd48d1ad1c43eba8fcbb1dcf93a306418f20a683ceb,0,97785930,0.570828351,1748267681912865,Solana,0.0215575125,SOL,0,2,2025-05-26
cx88fd7df7ddff82f7cc735c871dc519838cb235bb,hx4dc7903504bb800a462378348a42f53742759e0b,cxa0af3165c08318e988cb30993b3048335b94af6c,0x57fb8ca1208310000,0x5bc6f57a35e7fd2cb48b554e4fff729e366d989a4a0badebe022e36fa7301d42,0,97785930,101.43704838587502,1748267681912865,Balanced Dollar,0.02221895,bnUSD,0,1,2025-05-26
cx2609b924e33ef00b648a409245c7ea394c467824,cx203d9cd2a669be67177e997b8948ce2c35caffae,hxad6fcac42eb467276528637222c7c63e93d5aaa3,0xd551527671b13d72,0x479f82394cdd1a26d8c167ce8eada94c09297f60ae0293621005cb5e56094081,5,97785929,15.371157671859272,1748267679882545,Staked ICX,0.145153925,sICX,0,1,2025-05-26
cx88fd7df7ddff82f7cc735c871dc519838cb235bb,cx203d9cd2a669be67177e997b8948ce2c35caffae,hxad6fcac42eb467276528637222c7c63e93d5aaa3,0x1b4da65b859de9df6,0x479f82394cdd1a26d8c167ce8eada94c09297f60ae0293621005cb5e56094081,2,97785929,31.478584387915653,1748267679882545,Balanced Dollar,0.145153925,bnUSD,0,1,2025-05-26
cxf61cd5a45dc9f91c15aa65831a30a90d59a09619,cx203d9cd2a669be67177e997b8948ce2c35caffae,hxad6fcac42eb467276528637222c7c63e93d5aaa3,0x6189461d36e76f,0x479f82394cdd1a26d8c167ce8eada94c09297f60ae0293621005cb5e56094081,0,97785929,0.02745400697178712,1748267679882545,Balance Token,0.145153925,BALN,0,1,2025-05-26
cx65c9e3d4fea842e00add0d32a5b4c5e4e04c7a6b,cx21e94c08c03daee80c25d8ee3ea22a20786ec231,hx4dc7903504bb800a462378348a42f53742759e0b,0x220a80f8,0x9408d60d4a0271ed1e28b4cdbcf1a2f38e5e7ea9cf5389731cbc435a11b57ac0,13,97785928,0.57111372,1748267677841200,Solana,0.25089855,SOL,0,3,2025-05-26
cx88fd7df7ddff82f7cc735c871dc519838cb235bb,cxa0af3165c08318e988cb30993b3048335b94af6c,cx5faae53c4dbd1fbe4a2eb4aab6565030f10da5c6,0x21cb73eaf3aa3b7,0x9408d60d4a0271ed1e28b4cdbcf1a2f38e5e7ea9cf5389731cbc435a11b57ac0,11,97785928,0.1521979672794654,1748267677841200,Balanced Dollar,0.25089855,bnUSD,0,3,2025-05-26
cx65c9e3d4fea842e00add0d32a5b4c5e4e04c7a6b,cxa0af3165c08318e988cb30993b3048335b94af6c,cx21e94c08c03daee80c25d8ee3ea22a20786ec231,0x220a80f8,0x9408d60d4a0271ed1e28b4cdbcf1a2f38e5e7ea9cf5389731cbc435a11b57ac0,10,97785928,0.57111372,1748267677841200,Solana,0.25089855,SOL,0,3,2025-05-26
cx88fd7df7ddff82f7cc735c871dc519838cb235bb,cx21e94c08c03daee80c25d8ee3ea22a20786ec231,cxa0af3165c08318e988cb30993b3048335b94af6c,0x5801d333da8b50461,0x9408d60d4a0271ed1e28b4cdbcf1a2f38e5e7ea9cf5389731cbc435a11b57ac0,9,97785928,101.4653115196436,1748267677841200,Balanced Dollar,0.25089855,bnUSD,0,3,2025-05-26
cx88fd7df7ddff82f7cc735c871dc519838cb235bb,cxa0af3165c08318e988cb30993b3048335b94af6c,cx5faae53c4dbd1fbe4a2eb4aab6565030f10da5c6,0x21e48601259374d,0x9408d60d4a0271ed1e28b4cdbcf1a2f38e5e7ea9cf5389731cbc435a11b57ac0,7,97785928,0.15263901483907258,1748267677841200,Balanced Dollar,0.25089855,bnUSD,0,3,2025-05-26
cx88fd7df7ddff82f7cc735c871dc519838cb235bb,cxa0af3165c08318e988cb30993b3048335b94af6c,cx21e94c08c03daee80c25d8ee3ea22a20786ec231,0x5801d333da8b50461,0x9408d60d4a0271ed1e28b4cdbcf1a2f38e5e7ea9cf5389731cbc435a11b57ac0,6,97785928,101.4653115196436,1748267677841200,Balanced Dollar,0.25089855,bnUSD,0,3,2025-05-26
cx2609b924e33ef00b648a409245c7ea394c467824,cx21e94c08c03daee80c25d8ee3ea22a20786ec231,cxa0af3165c08318e988cb30993b3048335b94af6c,0x23eb6f4109de6b556e,0x9408d60d4a0271ed1e28b4cdbcf1a2f38e5e7ea9cf5389731cbc435a11b57ac0,5,97785928,662.6008924118044,1748267677841200,Staked ICX,0.25089855,sICX,0,3,2025-05-26
cx2609b924e33ef00b648a409245c7ea394c467824,hx0000000000000000000000000000000000000000,cx21e94c08c03daee80c25d8ee3ea22a20786ec231,0x23eb6f4109de6b556e,0x9408d60d4a0271ed1e28b4cdbcf1a2f38e5e7ea9cf5389731cbc435a11b57ac0,3,97785928,662.6008924118044,1748267677841200,Staked ICX,0.25089855,sICX,0,3,2025-05-26
cx88fd7df7ddff82f7cc735c871dc519838cb235bb,cx21e94c08c03daee80c25d8ee3ea22a20786ec231,hx4dc7903504bb800a462378348a42f53742759e0b,0x5806d11600b408ce2,0x7994fac6cb07029eba659066b3828b04d2d47ae92217817820ed181d434849a2,14,97785928,101.4877922820673,1748267677841200,Balanced Dollar,0.2456924125,bnUSD,0,2,2025-05-26
cx88fd7df7ddff82f7cc735c871dc519838cb235bb,cx203d9cd2a669be67177e997b8948ce2c35caffae,cx835b300dcfe01f0bdb794e134a0c5628384f4367,0x1f1485f9a151bbc9,0x7994fac6cb07029eba659066b3828b04d2d47ae92217817820ed181d434849a2,11,97785928,2.2395622219098184,1748267677841200,Balanced Dollar,0.2456924125,bnUSD,0,2,2025-05-26
cx88fd7df7ddff82f7cc735c871dc519838cb235bb,cx5faae53c4dbd1fbe4a2eb4aab6565030f10da5c6,cx203d9cd2a669be67177e997b8948ce2c35caffae,0x2c6676400b070c45,0x7994fac6cb07029eba659066b3828b04d2d47ae92217817820ed181d434849a2,9,97785928,3.199374602728312,1748267677841200,Balanced Dollar,0.2456924125,bnUSD,0,2,2025-05-26
cx88fd7df7ddff82f7cc735c871dc519838cb235bb,cx5faae53c4dbd1fbe4a2eb4aab6565030f10da5c6,cxdc30a0d3a1f131565c071272a20bc0b06fd4c17b,0x2c6676400b070c45,0x7994fac6cb07029eba659066b3828b04d2d47ae92217817820ed181d434849a2,8,97785928,3.199374602728312,1748267677841200,Balanced Dollar,0.2456924125,bnUSD,0,2,2025-05-26
cx88fd7df7ddff82f7cc735c871dc519838cb235bb,cxa0af3165c08318e988cb30993b3048335b94af6c,cx5faae53c4dbd1fbe4a2eb4aab6565030f10da5c6,0x21e6721b3d1c682,0x7994fac6cb07029eba659066b3828b04d2d47ae92217817820ed181d434849a2,7,97785928,0.15267283182562674,1748267677841200,Balanced Dollar,0.2456924125,bnUSD,0,2,2025-05-26
cx88fd7df7ddff82f7cc735c871dc519838cb235bb,cxa0af3165c08318e988cb30993b3048335b94af6c,cx21e94c08c03daee80c25d8ee3ea22a20786ec231,0x5806d11600b408ce2,0x7994fac6cb07029eba659066b3828b04d2d47ae92217817820ed181d434849a2,6,97785928,101.4877922820673,1748267677841200,Balanced Dollar,0.2456924125,bnUSD,0,2,2025-05-26
cx2609b924e33ef00b648a409245c7ea394c467824,cx21e94c08c03daee80c25d8ee3ea22a20786ec231,cxa0af3165c08318e988cb30993b3048335b94af6c,0x23eb6f4109de6b556e,0x7994fac6cb07029eba659066b3828b04d2d47ae92217817820ed181d434849a2,5,97785928,662.6008924118044,1748267677841200,Staked ICX,0.2456924125,sICX,0,2,2025-05-26
cx2609b924e33ef00b648a409245c7ea394c467824,hx0000000000000000000000000000000000000000,cx21e94c08c03daee80c25d8ee3ea22a20786ec231,0x23eb6f4109de6b556e,0x7994fac6cb07029eba659066b3828b04d2d47ae92217817820ed181d434849a2,3,97785928,662.6008924118044,1748267677841200,Staked ICX,0.2456924125,sICX,0,2,2025-05-26
cx88fd7df7ddff82f7cc735c871dc519838cb235bb,cxa0af3165c08318e988cb30993b3048335b94af6c,cx5faae53c4dbd1fbe4a2eb4aab6565030f10da5c6,0x3b9151d70b8e8e8,0xb8a9465f79aec315981040f9fb6918147ef04060e53069d2ce0e30fc6104a8d4,2,97785925,0.26826886899465646,1748267671969091,Balanced Dollar,0.04738525,bnUSD,0,5,2025-05-26
cx88fd7df7ddff82f7cc735c871dc519838cb235bb,cxa0af3165c08318e988cb30993b3048335b94af6c,hxd75467e3e4ce64e3424c747dfb71503017440433,0x9ac01dffba56af117,0xb8a9465f79aec315981040f9fb6918147ef04060e53069d2ce0e30fc6104a8d4,1,97785925,178.4151305847913,1748267671969091,Balanced Dollar,0.04738525,bnUSD,0,5,2025-05-26
cx508002ec116fbf3ab406329c0df28e70d7e75fb3,hxd75467e3e4ce64e3424c747dfb71503017440433,cxa0af3165c08318e988cb30993b3048335b94af6c,0xba43b7400,0xb8a9465f79aec315981040f9fb6918147ef04060e53069d2ce0e30fc6104a8d4,0,97785925,50.0,1748267671969091,Sui,0.04738525,SUI,0,5,2025-05-26
cx88fd7df7ddff82f7cc735c871dc519838cb235bb,cxa0af3165c08318e988cb30993b3048335b94af6c,hx4dc7903504bb800a462378348a42f53742759e0b,0x3f1ce9d6280b819,0xbedac586683a4164539bfdace49fd23467403375e3fbc8847409c5c6dae9fa19,3,97785925,0.2842354268588421,1748267671969091,Balanced Dollar,0.0347379625,bnUSD,0,3,2025-05-26
cx65c9e3d4fea842e00add0d32a5b4c5e4e04c7a6b,hx4dc7903504bb800a462378348a42f53742759e0b,cxa0af3165c08318e988cb30993b3048335b94af6c,0x221156ee,0xcc2c47002809a947b023ccebacecc9ca819d767b58026501c6ab6a52530e8617,0,97785925,0.57156171,1748267671969091,Solana,0.0215575125,SOL,0,2,2025-05-26
cx88fd7df7ddff82f7cc735c871dc519838cb235bb,hx4dc7903504bb800a462378348a42f53742759e0b,cxa0af3165c08318e988cb30993b3048335b94af6c,0x5805886474ae90000,0x08d0dfbb01f5ab71efd647cc587a82715060c5053119fd97e0af58f81be408b9,0,97785925,101.48200984411065,1748267671969091,Balanced Dollar,0.02221895,bnUSD,0,1,2025-05-26
cx65c9e3d4fea842e00add0d32a5b4c5e4e04c7a6b,cx21e94c08c03daee80c25d8ee3ea22a20786ec231,hx4dc7903504bb800a462378348a42f53742759e0b,0x2215b315,0x9295ab85597456cf05cc6ddb97ba48fe487f982653449749e4511571fb8bea22,13,97785923,0.571847445,1748267667848646,Solana,0.2538916875,SOL,0,2,2025-05-26
cx88fd7df7ddff82f7cc735c871dc519838cb235bb,cxa0af3165c08318e988cb30993b3048335b94af6c,cx5faae53c4dbd1fbe4a2eb4aab6565030f10da5c6,0x21cf497ed081070,0x9295ab85597456cf05cc6ddb97ba48fe487f982653449749e4511571fb8bea22,11,97785923,0.15226542077772195,1748267667848646,Balanced Dollar,0.2538916875,bnUSD,0,2,2025-05-26
cx65c9e3d4fea842e00add0d32a5b4c5e4e04c7a6b,cxa0af3165c08318e988cb30993b3048335b94af6c,cx21e94c08c03daee80c25d8ee3ea22a20786ec231,0x2215b315,0x9295ab85597456cf05cc6ddb97ba48fe487f982653449749e4511571fb8bea22,10,97785923,0.571847445,1748267667848646,Solana,0.2538916875,SOL,0,2,2025-05-26
cx88fd7df7ddff82f7cc735c871dc519838cb235bb,cx21e94c08c03daee80c25d8ee3ea22a20786ec231,cxa0af3165c08318e988cb30993b3048335b94af6c,0x580bcf64e9a557b11,0x9295ab85597456cf05cc6ddb97ba48fe487f982653449749e4511571fb8bea22,9,97785923,101.51028051848131,1748267667848646,Balanced Dollar,0.2538916875,bnUSD,0,2,2025-05-26
cx88fd7df7ddff82f7cc735c871dc519838cb235bb,cxa0af3165c08318e988cb30993b3048335b94af6c,cx5faae53c4dbd1fbe4a2eb4aab6565030f10da5c6,0x21e85e5f3611627,0x9295ab85597456cf05cc6ddb97ba48fe487f982653449749e4511571fb8bea22,7,97785923,0.1527066600544067,1748267667848646,Balanced Dollar,0.2538916875,bnUSD,0,2,2025-05-26
cx88fd7df7ddff82f7cc735c871dc519838cb235bb,cxa0af3165c08318e988cb30993b3048335b94af6c,cx21e94c08c03daee80c25d8ee3ea22a20786ec231,0x580bcf64e9a557b11,0x9295ab85597456cf05cc6ddb97ba48fe487f982653449749e4511571fb8bea22,6,97785923,101.51028051848131,1748267667848646,Balanced Dollar,0.2538916875,bnUSD,0,2,2025-05-26
cx2609b924e33ef00b648a409245c7ea394c467824,cx21e94c08c03daee80c25d8ee3ea22a20786ec231,cxa0af3165c08318e988cb30993b3048335b94af6c,0x23eb6f4109de6b556e,0x9295ab85597456cf05cc6ddb97ba48fe487f982653449749e4511571fb8bea22,5,97785923,662.6008924118044,1748267667848646,Staked ICX,0.2538916875,sICX,0,2,2025-05-26
cx2609b924e33ef00b648a409245c7ea394c467824,hx0000000000000000000000000000000000000000,cx21e94c08c03daee80c25d8ee3ea22a20786ec231,0x23eb6f4109de6b556e,0x9295ab85597456cf05cc6ddb97ba48fe487f982653449749e4511571fb8bea22,3,97785923,662.6008924118044,1748267667848646,Staked ICX,0.2538916875,sICX,0,2,2025-05-26
cx88fd7df7ddff82f7cc735c871dc519838cb235bb,cx21e94c08c03daee80c25d8ee3ea22a20786ec231,hx4dc7903504bb800a462378348a42f53742759e0b,0x5810ce20a1b796c6d,0x77771aa648c045b25edb00f23342687e197b6b98c0a0761c575e062fbc497121,9,97785923,101.53277623219948,1748267667848646,Balanced Dollar,0.2045233125,bnUSD,0,1,2025-05-26
cx88fd7df7ddff82f7cc735c871dc519838cb235bb,cxa0af3165c08318e988cb30993b3048335b94af6c,cx5faae53c4dbd1fbe4a2eb4aab6565030f10da5c6,0x21ea4acd1533475,0x77771aa648c045b25edb00f23342687e197b6b98c0a0761c575e062fbc497121,7,97785923,0.15274049953039678,1748267667848646,Balanced Dollar,0.2045233125,bnUSD,0,1,2025-05-26
cx88fd7df7ddff82f7cc735c871dc519838cb235bb,cxa0af3165c08318e988cb30993b3048335b94af6c,cx21e94c08c03daee80c25d8ee3ea22a20786ec231,0x5810ce20a1b796c6d,0x77771aa648c045b25edb00f23342687e197b6b98c0a0761c575e062fbc497121,6,97785923,101.53277623219948,1748267667848646,Balanced Dollar,0.2045233125,bnUSD,0,1,2025-05-26
cx2609b924e33ef00b648a409245c7ea394c467824,cx21e94c08c03daee80c25d8ee3ea22a20786ec231,cxa0af3165c08318e988cb30993b3048335b94af6c,0x23eb6f4109de6b556e,0x77771aa648c045b25edb00f23342687e197b6b98c0a0761c575e062fbc497121,5,97785923,662.6008924118044,1748267667848646,Staked ICX,0.2045233125,sICX,0,1,2025-05-26
cx2609b924e33ef00b648a409245c7ea394c467824,hx0000000000000000000000000000000000000000,cx21e94c08c03daee80c25d8ee3ea22a20786ec231,0x23eb6f4109de6b556e,0x77771aa648c045b25edb00f23342687e197b6b98c0a0761c575e062fbc497121,3,97785923,662.6008924118044,1748267667848646,Staked ICX,0.2045233125,sICX,0,1,2025-05-26
cx88fd7df7ddff82f7cc735c871dc519838cb235bb,cx21e94c08c03daee80c25d8ee3ea22a20786ec231,hx2debd9ec927cca1639da8d3518dd9dbf1cdfb357,0x1cbf5822eaac798198,0x376d886b972a1ce53c29833ea95769287909f164ad5f763835f587d4eae17c65,5,97785921,530.2966427143735,1748267663887400,Balanced Dollar,0.0787010875,bnUSD,0,1,2025-05-26
cx88fd7df7ddff82f7cc735c871dc519838cb235bb,cxa0af3165c08318e988cb30993b3048335b94af6c,cx5faae53c4dbd1fbe4a2eb4aab6565030f10da5c6,0xb0c3e02492109ab,0x376d886b972a1ce53c29833ea95769287909f164ad5f763835f587d4eae17c65,3,97785921,0.7960794136754938,1748267663887400,Balanced Dollar,0.0787010875,bnUSD,0,1,2025-05-26
cx88fd7df7ddff82f7cc735c871dc519838cb235bb,cxa0af3165c08318e988cb30993b3048335b94af6c,cx21e94c08c03daee80c25d8ee3ea22a20786ec231,0x1cbf5822eaac798198,0x376d886b972a1ce53c29833ea95769287909f164ad5f763835f587d4eae17c65,2,97785921,530.2966427143735,1748267663887400,Balanced Dollar,0.0787010875,bnUSD,0,1,2025-05-26
cx65c9e3d4fea842e00add0d32a5b4c5e4e04c7a6b,cx21e94c08c03daee80c25d8ee3ea22a20786ec231,cxa0af3165c08318e988cb30993b3048335b94af6c,0xb2d05e00,0x376d886b972a1ce53c29833ea95769287909f164ad5f763835f587d4eae17c65,1,97785921,3.0,1748267663887400,Solana,0.0787010875,SOL,0,1,2025-05-26
cx65c9e3d4fea842e00add0d32a5b4c5e4e04c7a6b,hx2debd9ec927cca1639da8d3518dd9dbf1cdfb357,cx21e94c08c03daee80c25d8ee3ea22a20786ec231,0xb2d05e00,0x376d886b972a1ce53c29833ea95769287909f164ad5f763835f587d4eae17c65,0,97785921,3.0,1748267663887400,Solana,0.0787010875,SOL,0,1,2025-05-26
cxf61cd5a45dc9f91c15aa65831a30a90d59a09619,cxd82fb5d3effecd8c9071a4bba3856ad7222c4b91,hxad6fcac42eb467276528637222c7c63e93d5aaa3,0x3df11ef955ef628d6,0x6549acf91684fbbbd7b7534eb4392e4c3bf98387e39041a543255a3cdc8841eb,6,97785918,71.41412419101302,1748267656400246,Balance Token,0.1610799125,BALN,0,1,2025-05-26
cx88fd7df7ddff82f7cc735c871dc519838cb235bb,cxd82fb5d3effecd8c9071a4bba3856ad7222c4b91,hxad6fcac42eb467276528637222c7c63e93d5aaa3,0x652b062b5fd128344,0x6549acf91684fbbbd7b7534eb4392e4c3bf98387e39041a543255a3cdc8841eb,5,97785918,116.63883528304292,1748267656400246,Balanced Dollar,0.1610799125,bnUSD,0,1,2025-05-26
cx2609b924e33ef00b648a409245c7ea394c467824,cxd82fb5d3effecd8c9071a4bba3856ad7222c4b91,hxad6fcac42eb467276528637222c7c63e93d5aaa3,0x3be810fb32dcd973b7,0x6549acf91684fbbbd7b7534eb4392e4c3bf98387e39041a543255a3cdc8841eb,4,97785918,1105.0800419611624,1748267656400246,Staked ICX,0.1610799125,sICX,0,1,2025-05-26
cxf61cd5a45dc9f91c15aa65831a30a90d59a09619,cx9345f80d6c98357ccbb70392b14162199c2c5f66,cxd82fb5d3effecd8c9071a4bba3856ad7222c4b91,0x91a042ec59eaf048,0x6549acf91684fbbbd7b7534eb4392e4c3bf98387e39041a543255a3cdc8841eb,3,97785918,10.49346071466154,1748267656400246,Balance Token,0.1610799125,BALN,0,1,2025-05-26
cx2609b924e33ef00b648a409245c7ea394c467824,cx9345f80d6c98357ccbb70392b14162199c2c5f66,cxd82fb5d3effecd8c9071a4bba3856ad7222c4b91,0x98f2b6f118044c51c,0x6549acf91684fbbbd7b7534eb4392e4c3bf98387e39041a543255a3cdc8841eb,2,97785918,176.33715815576534,1748267656400246,Staked ICX,0.1610799125,sICX,0,1,2025-05-26
cx88fd7df7ddff82f7cc735c871dc519838cb235bb,hx0000000000000000000000000000000000000000,cx5faae53c4dbd1fbe4a2eb4aab6565030f10da5c6,0x0,0x6549acf91684fbbbd7b7534eb4392e4c3bf98387e39041a543255a3cdc8841eb,1,97785918,0.0,1748267656400246,Balanced Dollar,0.1610799125,bnUSD,0,1,2025-05-26
cx88fd7df7ddff82f7cc735c871dc519838cb235bb,hx0000000000000000000000000000000000000000,cxd82fb5d3effecd8c9071a4bba3856ad7222c4b91,0xeb3bec72cc827b59,0x6549acf91684fbbbd7b7534eb4392e4c3bf98387e39041a543255a3cdc8841eb,0,97785918,16.950401600340523,1748267656400246,Balanced Dollar,0.1610799125,bnUSD,0,1,2025-05-26
cx88fd7df7ddff82f7cc735c871dc519838cb235bb,cxa0af3165c08318e988cb30993b3048335b94af6c,cx5faae53c4dbd1fbe4a2eb4aab6565030f10da5c6,0x3ba366797f99784,0xbd2075800558da4fea5155efad3ba392a37f97a670243d465726291c85d8e864,2,97785917,0.2685869463412141,1748267654436313,Balanced Dollar,0.04738525,bnUSD,0,2,2025-05-26
cx88fd7df7ddff82f7cc735c871dc519838cb235bb,cxa0af3165c08318e988cb30993b3048335b94af6c,hxd75467e3e4ce64e3424c747dfb71503017440433,0x9aef1a45e726465b6,0xbd2075800558da4fea5155efad3ba392a37f97a670243d465726291c85d8e864,1,97785917,178.62673422092575,1748267654436313,Balanced Dollar,0.04738525,bnUSD,0,2,2025-05-26
cx508002ec116fbf3ab406329c0df28e70d7e75fb3,hxd75467e3e4ce64e3424c747dfb71503017440433,cxa0af3165c08318e988cb30993b3048335b94af6c,0xba43b7400,0xbd2075800558da4fea5155efad3ba392a37f97a670243d465726291c85d8e864,0,97785917,50.0,1748267654436313,Sui,0.04738525,SUI,0,2,2025-05-26
cx88fd7df7ddff82f7cc735c871dc519838cb235bb,cx21e94c08c03daee80c25d8ee3ea22a20786ec231,hx2debd9ec927cca1639da8d3518dd9dbf1cdfb357,0x16634bb793f97d98c1,0x88862cd9e2fed7a032348a8f899ed2ab532309673a4fdc9afa55ffdaf1513035,5,97785917,412.98338390079215,1748267654436313,Balanced Dollar,0.088410925,bnUSD,0,1,2025-05-26
cx88fd7df7ddff82f7cc735c871dc519838cb235bb,cxa0af3165c08318e988cb30993b3048335b94af6c,cx5faae53c4dbd1fbe4a2eb4aab6565030f10da5c6,0x89b3739b4d90500,0x88862cd9e2fed7a032348a8f899ed2ab532309673a4fdc9afa55ffdaf1513035,3,97785917,0.6201500946803602,1748267654436313,Balanced Dollar,0.088410925,bnUSD,0,1,2025-05-26
cx88fd7df7ddff82f7cc735c871dc519838cb235bb,cxa0af3165c08318e988cb30993b3048335b94af6c,cx21e94c08c03daee80c25d8ee3ea22a20786ec231,0x16634bb793f97d98c1,0x88862cd9e2fed7a032348a8f899ed2ab532309673a4fdc9afa55ffdaf1513035,2,97785917,412.98338390079215,1748267654436313,Balanced Dollar,0.088410925,bnUSD,0,1,2025-05-26
cx4297f4b63262507623b6ad575d0d8dd2db980e4e,cx21e94c08c03daee80c25d8ee3ea22a20786ec231,cxa0af3165c08318e988cb30993b3048335b94af6c,0x1a055690d9db80000,0x88862cd9e2fed7a032348a8f899ed2ab532309673a4fdc9afa55ffdaf1513035,1,97785917,30.0,1748267654436313,Injective,0.088410925,INJ,0,1,2025-05-26
cx4297f4b63262507623b6ad575d0d8dd2db980e4e,hx2debd9ec927cca1639da8d3518dd9dbf1cdfb357,cx21e94c08c03daee80c25d8ee3ea22a20786ec231,0x1a055690d9db80000,0x88862cd9e2fed7a032348a8f899ed2ab532309673a4fdc9afa55ffdaf1513035,0,97785917,30.0,1748267654436313,Injective,0.088410925,INJ,0,1,2025-05-26
cx88fd7df7ddff82f7cc735c871dc519838cb235bb,cxa0af3165c08318e988cb30993b3048335b94af6c,cx5faae53c4dbd1fbe4a2eb4aab6565030f10da5c6,0x2f142799f605ba2,0x670b6fae471e41f1e7b94fe1acb6a4c7cc6127caf15fe8c15de08a3ff7002ba9,2,97785914,0.21202374759549225,1748267648396472,Balanced Dollar,0.056926325,bnUSD,0,1,2025-05-26
cx88fd7df7ddff82f7cc735c871dc519838cb235bb,cxa0af3165c08318e988cb30993b3048335b94af6c,hxd75467e3e4ce64e3424c747dfb71503017440433,0x7a4bbef208da5fec3,0x670b6fae471e41f1e7b94fe1acb6a4c7cc6127caf15fe8c15de08a3ff7002ba9,1,97785914,140.9975526819264,1748267648396472,Balanced Dollar,0.056926325,bnUSD,0,1,2025-05-26
cx66a031cc3bd305c76371fb586e93801b948254f0,hxd75467e3e4ce64e3424c747dfb71503017440433,cxa0af3165c08318e988cb30993b3048335b94af6c,0x53444835ec580000,0x670b6fae471e41f1e7b94fe1acb6a4c7cc6127caf15fe8c15de08a3ff7002ba9,0,97785914,6.0,1748267648396472,Avalanche,0.056926325,AVAX,0,1,2025-05-26
cx88fd7df7ddff82f7cc735c871dc519838cb235bb,cx21e94c08c03daee80c25d8ee3ea22a20786ec231,hx2debd9ec927cca1639da8d3518dd9dbf1cdfb357,0x1e9595192e80b824b3,0x31329af1a195dab3df0d4ec0a78c6249f62320a476b3d4e8358585aaf28b062c,5,97785913,564.1808711819864,1748267646341604,Balanced Dollar,0.0885033625,bnUSD,0,1,2025-05-26
cx88fd7df7ddff82f7cc735c871dc519838cb235bb,cxa0af3165c08318e988cb30993b3048335b94af6c,cx5faae53c4dbd1fbe4a2eb4aab6565030f10da5c6,0xbc4916beefcd489,0x31329af1a195dab3df0d4ec0a78c6249f62320a476b3d4e8358585aaf28b062c,3,97785913,0.847962522609571,1748267646341604,Balanced Dollar,0.0885033625,bnUSD,0,1,2025-05-26
cx88fd7df7ddff82f7cc735c871dc519838cb235bb,cxa0af3165c08318e988cb30993b3048335b94af6c,cx21e94c08c03daee80c25d8ee3ea22a20786ec231,0x1e9595192e80b824b3,0x31329af1a195dab3df0d4ec0a78c6249f62320a476b3d4e8358585aaf28b062c,2,97785913,564.1808711819864,1748267646341604,Balanced Dollar,0.0885033625,bnUSD,0,1,2025-05-26
cx288d13e1b63563459a2ac6179f237711f6851cb5,cx21e94c08c03daee80c25d8ee3ea22a20786ec231,cxa0af3165c08318e988cb30993b3048335b94af6c,0x30d98d59a960000,0x31329af1a195dab3df0d4ec0a78c6249f62320a476b3d4e8358585aaf28b062c,1,97785913,0.22,1748267646341604,Ethereum,0.0885033625,ETH,0,1,2025-05-26
cx288d13e1b63563459a2ac6179f237711f6851cb5,hx2debd9ec927cca1639da8d3518dd9dbf1cdfb357,cx21e94c08c03daee80c25d8ee3ea22a20786ec231,0x30d98d59a960000,0x31329af1a195dab3df0d4ec0a78c6249f62320a476b3d4e8358585aaf28b062c,0,97785913,0.22,1748267646341604,Ethereum,0.0885033625,ETH,0,1,2025-05-26
cx88fd7df7ddff82f7cc735c871dc519838cb235bb,cxa0af3165c08318e988cb30993b3048335b94af6c,cx5faae53c4dbd1fbe4a2eb4aab6565030f10da5c6,0x2f2089c305e1eb8,0x634edd6bd9e7b659c01ebbdce8fb41e61c987bf32109a24e5f8f1bf2a669b54f,2,97785906,0.21224159935922962,1748267632370762,Balanced Dollar,0.056922325,bnUSD,0,1,2025-05-26
cx88fd7df7ddff82f7cc735c871dc519838cb235bb,cxa0af3165c08318e988cb30993b3048335b94af6c,hxd75467e3e4ce64e3424c747dfb71503017440433,0x7a6bec27a5aaabd54,0x634edd6bd9e7b659c01ebbdce8fb41e61c987bf32109a24e5f8f1bf2a669b54f,1,97785906,141.14246320260085,1748267632370762,Balanced Dollar,0.056922325,bnUSD,0,1,2025-05-26
cx66a031cc3bd305c76371fb586e93801b948254f0,hxd75467e3e4ce64e3424c747dfb71503017440433,cxa0af3165c08318e988cb30993b3048335b94af6c,0x53444835ec580000,0x634edd6bd9e7b659c01ebbdce8fb41e61c987bf32109a24e5f8f1bf2a669b54f,0,97785906,6.0,1748267632370762,Avalanche,0.056922325,AVAX,0,1,2025-05-26
cx88fd7df7ddff82f7cc735c871dc519838cb235bb,cxa0af3165c08318e988cb30993b3048335b94af6c,cx5faae53c4dbd1fbe4a2eb4aab6565030f10da5c6,0x2f2cf0cfd841c25,0x577bb799e3f35c993ee18eb24c13d900374ad82e5ac15fff19200e9ca8868a4e,2,97785900,0.2124597871396854,1748267620535181,Balanced Dollar,0.056922325,bnUSD,0,1,2025-05-26
cx88fd7df7ddff82f7cc735c871dc519838cb235bb,cxa0af3165c08318e988cb30993b3048335b94af6c,hxd75467e3e4ce64e3424c747dfb71503017440433,0x7a8c26129ddb6e8d5,0x577bb799e3f35c993ee18eb24c13d900374ad82e5ac15fff19200e9ca8868a4e,1,97785900,141.28759729226192,1748267620535181,Balanced Dollar,0.056922325,bnUSD,0,1,2025-05-26
cx66a031cc3bd305c76371fb586e93801b948254f0,hxd75467e3e4ce64e3424c747dfb71503017440433,cxa0af3165c08318e988cb30993b3048335b94af6c,0x53444835ec580000,0x577bb799e3f35c993ee18eb24c13d900374ad82e5ac15fff19200e9ca8868a4e,0,97785900,6.0,1748267620535181,Avalanche,0.056922325,AVAX,0,1,2025-05-26
cx88fd7df7ddff82f7cc735c871dc519838cb235bb,cxa0af3165c08318e988cb30993b3048335b94af6c,cx5faae53c4dbd1fbe4a2eb4aab6565030f10da5c6,0x2e138749ffe4c24,0xbee1ccac6baacdf21f12dee7a4badc292c080c05b9efa97725ee94b747a124f6,2,97785884,0.20750913138735824,1748267588326963,Balanced Dollar,0.0569578875,bnUSD,0,1,2025-05-26
cx88fd7df7ddff82f7cc735c871dc519838cb235bb,cxa0af3165c08318e988cb30993b3048335b94af6c,hxd75467e3e4ce64e3424c747dfb71503017440433,0x77b4f455f45d51b0f,0xbee1ccac6baacdf21f12dee7a4badc292c080c05b9efa97725ee94b747a124f6,1,97785884,138.01260538128795,1748267588326963,Balanced Dollar,0.0569578875,bnUSD,0,1,2025-05-26
cx4297f4b63262507623b6ad575d0d8dd2db980e4e,hxd75467e3e4ce64e3424c747dfb71503017440433,cxa0af3165c08318e988cb30993b3048335b94af6c,0x8ac7230489e80000,0xbee1ccac6baacdf21f12dee7a4badc292c080c05b9efa97725ee94b747a124f6,0,97785884,10.0,1748267588326963,Injective,0.0569578875,INJ,0,1,2025-05-26
cx88fd7df7ddff82f7cc735c871dc519838cb235bb,cxa0af3165c08318e988cb30993b3048335b94af6c,cx5faae53c4dbd1fbe4a2eb4aab6565030f10da5c6,0x2f395cc30096a81,0x623fd09a4a4c83c2cab201f30ac152bfee5b06f2b2b6f61949d4906705fe11a9,2,97785836,0.21267831162833575,1748267492291568,Balanced Dollar,0.056922325,bnUSD,0,1,2025-05-26
cx88fd7df7ddff82f7cc735c871dc519838cb235bb,cxa0af3165c08318e988cb30993b3048335b94af6c,hxd75467e3e4ce64e3424c747dfb71503017440433,0x7aac6cb9a3c6a684d,0x623fd09a4a4c83c2cab201f30ac152bfee5b06f2b2b6f61949d4906705fe11a9,1,97785836,141.43295541110234,1748267492291568,Balanced Dollar,0.056922325,bnUSD,0,1,2025-05-26
cx66a031cc3bd305c76371fb586e93801b948254f0,hxd75467e3e4ce64e3424c747dfb71503017440433,cxa0af3165c08318e988cb30993b3048335b94af6c,0x53444835ec580000,0x623fd09a4a4c83c2cab201f30ac152bfee5b06f2b2b6f61949d4906705fe11a9,0,97785836,6.0,1748267492291568,Avalanche,0.056922325,AVAX,0,1,2025-05-26
cx88fd7df7ddff82f7cc735c871dc519838cb235bb,cxa0af3165c08318e988cb30993b3048335b94af6c,cx5faae53c4dbd1fbe4a2eb4aab6565030f10da5c6,0x2e229bc4ef3ea9d,0xd7a9e1bad3ac5e5d1b7c0acb292a341c714721e18dee77a49ed6c80537482652,2,97785825,0.20777442156766274,1748267470406180,Balanced Dollar,0.0569578875,bnUSD,0,1,2025-05-26
cx88fd7df7ddff82f7cc735c871dc519838cb235bb,cxa0af3165c08318e988cb30993b3048335b94af6c,hxd75467e3e4ce64e3424c747dfb71503017440433,0x77dc2521c585aa094,0xd7a9e1bad3ac5e5d1b7c0acb292a341c714721e18dee77a49ed6c80537482652,1,97785825,138.1891041978846,1748267470406180,Balanced Dollar,0.0569578875,bnUSD,0,1,2025-05-26
cx4297f4b63262507623b6ad575d0d8dd2db980e4e,hxd75467e3e4ce64e3424c747dfb71503017440433,cxa0af3165c08318e988cb30993b3048335b94af6c,0x8ac7230489e80000,0xd7a9e1bad3ac5e5d1b7c0acb292a341c714721e18dee77a49ed6c80537482652,0,97785825,10.0,1748267470406180,Injective,0.0569578875,INJ,0,1,2025-05-26
cx88fd7df7ddff82f7cc735c871dc519838cb235bb,cxa0af3165c08318e988cb30993b3048335b94af6c,cx5faae53c4dbd1fbe4a2eb4aab6565030f10da5c6,0x2e31b7a8c373294,0x35360c49748705d6ef059adfb60643c157d57915b2ae67355a7fdb76f24ce723,2,97785818,0.20804022094156252,1748267456277224,Balanced Dollar,0.0569578875,bnUSD,0,1,2025-05-26
cx88fd7df7ddff82f7cc735c871dc519838cb235bb,cxa0af3165c08318e988cb30993b3048335b94af6c,hxd75467e3e4ce64e3424c747dfb71503017440433,0x78036930e7c24887c,0x35360c49748705d6ef059adfb60643c157d57915b2ae67355a7fdb76f24ce723,1,97785818,138.3659418919856,1748267456277224,Balanced Dollar,0.0569578875,bnUSD,0,1,2025-05-26
cx4297f4b63262507623b6ad575d0d8dd2db980e4e,hxd75467e3e4ce64e3424c747dfb71503017440433,cxa0af3165c08318e988cb30993b3048335b94af6c,0x8ac7230489e80000,0x35360c49748705d6ef059adfb60643c157d57915b2ae67355a7fdb76f24ce723,0,97785818,10.0,1748267456277224,Injective,0.0569578875,INJ,0,1,2025-05-26
cx88fd7df7ddff82f7cc735c871dc519838cb235bb,cxa0af3165c08318e988cb30993b3048335b94af6c,cx5faae53c4dbd1fbe4a2eb4aab6565030f10da5c6,0x2f45cd9f1404889,0x62d128f92932526a8e22a726e2bcd353f7918506c431b03f2247222056c80d17,2,97785788,0.21289717351843648,1748267394992826,Balanced Dollar,0.056922325,bnUSD,0,1,2025-05-26
cx88fd7df7ddff82f7cc735c871dc519838cb235bb,cxa0af3165c08318e988cb30993b3048335b94af6c,hxd75467e3e4ce64e3424c747dfb71503017440433,0x7accc0236e3034c0b,0x62d128f92932526a8e22a726e2bcd353f7918506c431b03f2247222056c80d17,1,97785788,141.57853802049956,1748267394992826,Balanced Dollar,0.056922325,bnUSD,0,1,2025-05-26
cx66a031cc3bd305c76371fb586e93801b948254f0,hxd75467e3e4ce64e3424c747dfb71503017440433,cxa0af3165c08318e988cb30993b3048335b94af6c,0x53444835ec580000,0x62d128f92932526a8e22a726e2bcd353f7918506c431b03f2247222056c80d17,0,97785788,6.0,1748267394992826,Avalanche,0.056922325,AVAX,0,1,2025-05-26
cx88fd7df7ddff82f7cc735c871dc519838cb235bb,cxa0af3165c08318e988cb30993b3048335b94af6c,cx5faae53c4dbd1fbe4a2eb4aab6565030f10da5c6,0x2e40dafa5835a4e,0x686f770fa520eee349a6ab4b86f1131640ad99d0b69aa2b72762b8d059d3868e,2,97785741,0.2083065308131723,1748267298914768,Balanced Dollar,0.0569578875,bnUSD,0,1,2025-05-26
cx88fd7df7ddff82f7cc735c871dc519838cb235bb,cxa0af3165c08318e988cb30993b3048335b94af6c,hxd75467e3e4ce64e3424c747dfb71503017440433,0x782ac08ffd55ec296,0x686f770fa520eee349a6ab4b86f1131640ad99d0b69aa2b72762b8d059d3868e,1,97785741,138.54311933178116,1748267298914768,Balanced Dollar,0.0569578875,bnUSD,0,1,2025-05-26
cx4297f4b63262507623b6ad575d0d8dd2db980e4e,hxd75467e3e4ce64e3424c747dfb71503017440433,cxa0af3165c08318e988cb30993b3048335b94af6c,0x8ac7230489e80000,0x686f770fa520eee349a6ab4b86f1131640ad99d0b69aa2b72762b8d059d3868e,0,97785741,10.0,1748267298914768,Injective,0.0569578875,INJ,0,1,2025-05-26
cx88fd7df7ddff82f7cc735c871dc519838cb235bb,cxa0af3165c08318e988cb30993b3048335b94af6c,cx5faae53c4dbd1fbe4a2eb4aab6565030f10da5c6,0x2f524366a9632a3,0xb300c3f591a178772730cccebc964289ddc05d40e3efaa921cc49db9ef7c2c11,2,97785068,0.21311637350502877,1748265943282925,Balanced Dollar,0.056922325,bnUSD,0,1,2025-05-26
cx88fd7df7ddff82f7cc735c871dc519838cb235bb,cxa0af3165c08318e988cb30993b3048335b94af6c,hxd75467e3e4ce64e3424c747dfb71503017440433,0x7aed2056b8495af92,0xb300c3f591a178772730cccebc964289ddc05d40e3efaa921cc49db9ef7c2c11,1,97785068,141.7243455830196,1748265943282925,Balanced Dollar,0.056922325,bnUSD,0,1,2025-05-26
cx66a031cc3bd305c76371fb586e93801b948254f0,hxd75467e3e4ce64e3424c747dfb71503017440433,cxa0af3165c08318e988cb30993b3048335b94af6c,0x53444835ec580000,0xb300c3f591a178772730cccebc964289ddc05d40e3efaa921cc49db9ef7c2c11,0,97785068,6.0,1748265943282925,Avalanche,0.056922325,AVAX,0,1,2025-05-26
cx88fd7df7ddff82f7cc735c871dc519838cb235bb,cxa0af3165c08318e988cb30993b3048335b94af6c,cx5faae53c4dbd1fbe4a2eb4aab6565030f10da5c6,0x2f5ebe1c593f865,0xe9892bb12cd8c1897ba9bd23a7bde62b6f59a9b6f27350e0a24fe921f9b395d0,2,97785059,0.21333591228494447,1748265925232989,Balanced Dollar,0.056922325,bnUSD,0,1,2025-05-26
cx88fd7df7ddff82f7cc735c871dc519838cb235bb,cxa0af3165c08318e988cb30993b3048335b94af6c,hxd75467e3e4ce64e3424c747dfb71503017440433,0x7b0d8d5a41b43cf17,0xe9892bb12cd8c1897ba9bd23a7bde62b6f59a9b6f27350e0a24fe921f9b395d0,1,97785059,141.87037856242046,1748265925232989,Balanced Dollar,0.056922325,bnUSD,0,1,2025-05-26
cx66a031cc3bd305c76371fb586e93801b948254f0,hxd75467e3e4ce64e3424c747dfb71503017440433,cxa0af3165c08318e988cb30993b3048335b94af6c,0x53444835ec580000,0xe9892bb12cd8c1897ba9bd23a7bde62b6f59a9b6f27350e0a24fe921f9b395d0,0,97785059,6.0,1748265925232989,Avalanche,0.056922325,AVAX,0,1,2025-05-26
cx88fd7df7ddff82f7cc735c871dc519838cb235bb,cxa0af3165c08318e988cb30993b3048335b94af6c,hx4dc7903504bb800a462378348a42f53742759e0b,0x3f26954c57c2a2b,0xb0c42ba86a559e946d85de03966c9e12e3c60dd4652bd40a1484e5aaab2c6ffe,3,97785036,0.2844055392891807,1748265877060853,Balanced Dollar,0.0347379625,bnUSD,0,3,2025-05-26
cx65c9e3d4fea842e00add0d32a5b4c5e4e04c7a6b,hx4dc7903504bb800a462378348a42f53742759e0b,cxa0af3165c08318e988cb30993b3048335b94af6c,0x21f61c54,0x7331ea9b338561bc7c22f1427fe174905ef4566d3e46307f35e57db68e64954e,0,97785036,0.569777236,1748265877060853,Solana,0.0215575125,SOL,0,2,2025-05-26
cx88fd7df7ddff82f7cc735c871dc519838cb235bb,hx4dc7903504bb800a462378348a42f53742759e0b,cxa0af3165c08318e988cb30993b3048335b94af6c,0x580f85dafefa58000,0x6c2a18442d65628ddfcb75b5630bc7ffc1e9c89a6bd68d83cb1b3afcfad9f95d,0,97785036,101.52700120984804,1748265877060853,Balanced Dollar,0.02221895,bnUSD,0,1,2025-05-26
cx65c9e3d4fea842e00add0d32a5b4c5e4e04c7a6b,cx21e94c08c03daee80c25d8ee3ea22a20786ec231,hx4dc7903504bb800a462378348a42f53742759e0b,0x21fa74fe,0x20c21748e495d8262658855fe74ed0f3b8f6b38eb643d524a35734b458b5909b,13,97785034,0.570062078,1748265873028474,Solana,0.2518290375,SOL,0,2,2025-05-26
cx88fd7df7ddff82f7cc735c871dc519838cb235bb,cxa0af3165c08318e988cb30993b3048335b94af6c,cx5faae53c4dbd1fbe4a2eb4aab6565030f10da5c6,0x21d31fb9ced2c4c,0x20c21748e495d8262658855fe74ed0f3b8f6b38eb643d524a35734b458b5909b,11,97785034,0.1523329191398063,1748265873028474,Balanced Dollar,0.2518290375,bnUSD,0,2,2025-05-26
cx65c9e3d4fea842e00add0d32a5b4c5e4e04c7a6b,cxa0af3165c08318e988cb30993b3048335b94af6c,cx21e94c08c03daee80c25d8ee3ea22a20786ec231,0x21fa74fe,0x20c21748e495d8262658855fe74ed0f3b8f6b38eb643d524a35734b458b5909b,10,97785034,0.570062078,1748265873028474,Solana,0.2518290375,SOL,0,2,2025-05-26
cx88fd7df7ddff82f7cc735c871dc519838cb235bb,cx21e94c08c03daee80c25d8ee3ea22a20786ec231,cxa0af3165c08318e988cb30993b3048335b94af6c,0x5815cd493544e0639,0x20c21748e495d8262658855fe74ed0f3b8f6b38eb643d524a35734b458b5909b,9,97785034,101.55527942653752,1748265873028474,Balanced Dollar,0.2518290375,bnUSD,0,2,2025-05-26
cx88fd7df7ddff82f7cc735c871dc519838cb235bb,cxa0af3165c08318e988cb30993b3048335b94af6c,cx5faae53c4dbd1fbe4a2eb4aab6565030f10da5c6,0x21ec3764df43a70,0x20c21748e495d8262658855fe74ed0f3b8f6b38eb643d524a35734b458b5909b,7,97785034,0.15277435025858419,1748265873028474,Balanced Dollar,0.2518290375,bnUSD,0,2,2025-05-26
cx88fd7df7ddff82f7cc735c871dc519838cb235bb,cxa0af3165c08318e988cb30993b3048335b94af6c,cx21e94c08c03daee80c25d8ee3ea22a20786ec231,0x5815cd493544e0639,0x20c21748e495d8262658855fe74ed0f3b8f6b38eb643d524a35734b458b5909b,6,97785034,101.55527942653752,1748265873028474,Balanced Dollar,0.2518290375,bnUSD,0,2,2025-05-26
cx2609b924e33ef00b648a409245c7ea394c467824,cx21e94c08c03daee80c25d8ee3ea22a20786ec231,cxa0af3165c08318e988cb30993b3048335b94af6c,0x23eb6f4109de6b556e,0x20c21748e495d8262658855fe74ed0f3b8f6b38eb643d524a35734b458b5909b,5,97785034,662.6008924118044,1748265873028474,Staked ICX,0.2518290375,sICX,0,2,2025-05-26
cx2609b924e33ef00b648a409245c7ea394c467824,hx0000000000000000000000000000000000000000,cx21e94c08c03daee80c25d8ee3ea22a20786ec231,0x23eb6f4109de6b556e,0x20c21748e495d8262658855fe74ed0f3b8f6b38eb643d524a35734b458b5909b,3,97785034,662.6008924118044,1748265873028474,Staked ICX,0.2518290375,sICX,0,2,2025-05-26
cx88fd7df7ddff82f7cc735c871dc519838cb235bb,cx21e94c08c03daee80c25d8ee3ea22a20786ec231,hx4dc7903504bb800a462378348a42f53742759e0b,0x581accdeb0a90fa46,0xc95f5f705bd41f00e38b1a21dd212759665f876dae57be7afc370d266e75ff3e,9,97785034,101.57779010481298,1748265873028474,Balanced Dollar,0.2045857375,bnUSD,0,1,2025-05-26
cx88fd7df7ddff82f7cc735c871dc519838cb235bb,cxa0af3165c08318e988cb30993b3048335b94af6c,cx5faae53c4dbd1fbe4a2eb4aab6565030f10da5c6,0x21ee24269904be9,0xc95f5f705bd41f00e38b1a21dd212759665f876dae57be7afc370d266e75ff3e,7,97785034,0.15280821224395877,1748265873028474,Balanced Dollar,0.2045857375,bnUSD,0,1,2025-05-26
cx88fd7df7ddff82f7cc735c871dc519838cb235bb,cxa0af3165c08318e988cb30993b3048335b94af6c,cx21e94c08c03daee80c25d8ee3ea22a20786ec231,0x581accdeb0a90fa46,0xc95f5f705bd41f00e38b1a21dd212759665f876dae57be7afc370d266e75ff3e,6,97785034,101.57779010481298,1748265873028474,Balanced Dollar,0.2045857375,bnUSD,0,1,2025-05-26
cx2609b924e33ef00b648a409245c7ea394c467824,cx21e94c08c03daee80c25d8ee3ea22a20786ec231,cxa0af3165c08318e988cb30993b3048335b94af6c,0x23eb6f4109de6b556e,0xc95f5f705bd41f00e38b1a21dd212759665f876dae57be7afc370d266e75ff3e,5,97785034,662.6008924118044,1748265873028474,Staked ICX,0.2045857375,sICX,0,1,2025-05-26
cx2609b924e33ef00b648a409245c7ea394c467824,hx0000000000000000000000000000000000000000,cx21e94c08c03daee80c25d8ee3ea22a20786ec231,0x23eb6f4109de6b556e,0xc95f5f705bd41f00e38b1a21dd212759665f876dae57be7afc370d266e75ff3e,3,97785034,662.6008924118044,1748265873028474,Staked ICX,0.2045857375,sICX,0,1,2025-05-26
cx88fd7df7ddff82f7cc735c871dc519838cb235bb,cxa0af3165c08318e988cb30993b3048335b94af6c,hx4dc7903504bb800a462378348a42f53742759e0b,0x2f3b020a638e6ec,0x871437e5a727d98e72987e3a5ce1a42069c81e280350be228d85c80475be7d80,3,97785030,0.2127072616907343,1748265865078622,Balanced Dollar,0.0347552125,bnUSD,0,3,2025-05-26
cx07b184a37f03c6ab681fcbd0b45aec6dc3eafbeb,hx4dc7903504bb800a462378348a42f53742759e0b,cxa0af3165c08318e988cb30993b3048335b94af6c,0x23ebdfa99d57b,0x8a8301c4852d4178758fa4a1e21a518597ef154ab333a3ff407c17f01e86cd71,0,97785030,0.000631935627548027,1748265865078622,Bitcoin,0.0215962625,BTC,0,2,2025-05-26
cx88fd7df7ddff82f7cc735c871dc519838cb235bb,hx4dc7903504bb800a462378348a42f53742759e0b,cxa0af3165c08318e988cb30993b3048335b94af6c,0x3c525a0e1b724a000,0x1a6bf4fa52e79f6100af1a9f65e0908671de5ec9efc6de4e1e9f65ff69131b89,0,97785030,69.54616971203947,1748265865078622,Balanced Dollar,0.02221895,bnUSD,0,1,2025-05-26
cx07b184a37f03c6ab681fcbd0b45aec6dc3eafbeb,cx21e94c08c03daee80c25d8ee3ea22a20786ec231,hx4dc7903504bb800a462378348a42f53742759e0b,0x23f078c95e235,0x14b1b644b4dc3767333526835b056c286319f302bcc073f3317b81749e393e23,13,97785028,0.000632251609375285,1748265861031033,Bitcoin,0.2621361625,BTC,0,2,2025-05-26
cx88fd7df7ddff82f7cc735c871dc519838cb235bb,cxa0af3165c08318e988cb30993b3048335b94af6c,cx5faae53c4dbd1fbe4a2eb4aab6565030f10da5c6,0x172bedd18f3e7c8,0x14b1b644b4dc3767333526835b056c286319f302bcc073f3317b81749e393e23,11,97785028,0.10435559819863034,1748265861031033,Balanced Dollar,0.2621361625,bnUSD,0,2,2025-05-26
cx07b184a37f03c6ab681fcbd0b45aec6dc3eafbeb,cxa0af3165c08318e988cb30993b3048335b94af6c,cx21e94c08c03daee80c25d8ee3ea22a20786ec231,0x23f078c95e235,0x14b1b644b4dc3767333526835b056c286319f302bcc073f3317b81749e393e23,10,97785028,0.000632251609375285,1748265861031033,Bitcoin,0.2621361625,BTC,0,2,2025-05-26
cx88fd7df7ddff82f7cc735c871dc519838cb235bb,cx21e94c08c03daee80c25d8ee3ea22a20786ec231,cxa0af3165c08318e988cb30993b3048335b94af6c,0x3c57bb51ba5d6440b,0x14b1b644b4dc3767333526835b056c286319f302bcc073f3317b81749e393e23,9,97785028,69.5703987990869,1748265861031033,Balanced Dollar,0.2621361625,bnUSD,0,2,2025-05-26
cx88fd7df7ddff82f7cc735c871dc519838cb235bb,cxa0af3165c08318e988cb30993b3048335b94af6c,cx5faae53c4dbd1fbe4a2eb4aab6565030f10da5c6,0x173d5390e0dc0bb,0x14b1b644b4dc3767333526835b056c286319f302bcc073f3317b81749e393e23,7,97785028,0.10466165738528786,1748265861031033,Balanced Dollar,0.2621361625,bnUSD,0,2,2025-05-26
cx88fd7df7ddff82f7cc735c871dc519838cb235bb,cxa0af3165c08318e988cb30993b3048335b94af6c,cx21e94c08c03daee80c25d8ee3ea22a20786ec231,0x3c57bb51ba5d6440b,0x14b1b644b4dc3767333526835b056c286319f302bcc073f3317b81749e393e23,6,97785028,69.5703987990869,1748265861031033,Balanced Dollar,0.2621361625,bnUSD,0,2,2025-05-26
cx2609b924e33ef00b648a409245c7ea394c467824,cx21e94c08c03daee80c25d8ee3ea22a20786ec231,cxa0af3165c08318e988cb30993b3048335b94af6c,0x1898c1cc019f9d87fb,0x14b1b644b4dc3767333526835b056c286319f302bcc073f3317b81749e393e23,5,97785028,453.7291610406444,1748265861031033,Staked ICX,0.2621361625,sICX,0,2,2025-05-26
cx2609b924e33ef00b648a409245c7ea394c467824,hx0000000000000000000000000000000000000000,cx21e94c08c03daee80c25d8ee3ea22a20786ec231,0x1898c1cc019f9d87fb,0x14b1b644b4dc3767333526835b056c286319f302bcc073f3317b81749e393e23,3,97785028,453.7291610406444,1748265861031033,Staked ICX,0.2621361625,sICX,0,2,2025-05-26
cx88fd7df7ddff82f7cc735c871dc519838cb235bb,cx21e94c08c03daee80c25d8ee3ea22a20786ec231,hx4dc7903504bb800a462378348a42f53742759e0b,0x3c5a13aa398f90037,0xe3d20077f5afba7a644c945c8b62d83c21ab668b8141b252b7356055cb0ac002,14,97785028,69.5809601921714,1748265861031033,Balanced Dollar,0.2467022,bnUSD,0,1,2025-05-26
cx88fd7df7ddff82f7cc735c871dc519838cb235bb,cx203d9cd2a669be67177e997b8948ce2c35caffae,cx835b300dcfe01f0bdb794e134a0c5628384f4367,0xcae5de102de4811,0xe3d20077f5afba7a644c945c8b62d83c21ab668b8141b252b7356055cb0ac002,11,97785028,0.913770995399936,1748265861031033,Balanced Dollar,0.2467022,bnUSD,0,1,2025-05-26
cx88fd7df7ddff82f7cc735c871dc519838cb235bb,cx5faae53c4dbd1fbe4a2eb4aab6565030f10da5c6,cx203d9cd2a669be67177e997b8948ce2c35caffae,0x121daaaf28ab4262,0xe3d20077f5afba7a644c945c8b62d83c21ab668b8141b252b7356055cb0ac002,9,97785028,1.3053871362856229,1748265861031033,Balanced Dollar,0.2467022,bnUSD,0,1,2025-05-26
cx88fd7df7ddff82f7cc735c871dc519838cb235bb,cx5faae53c4dbd1fbe4a2eb4aab6565030f10da5c6,cxdc30a0d3a1f131565c071272a20bc0b06fd4c17b,0x121daaaf28ab4261,0xe3d20077f5afba7a644c945c8b62d83c21ab668b8141b252b7356055cb0ac002,8,97785028,1.3053871362856229,1748265861031033,Balanced Dollar,0.2467022,bnUSD,0,1,2025-05-26
cx88fd7df7ddff82f7cc735c871dc519838cb235bb,cxa0af3165c08318e988cb30993b3048335b94af6c,cx5faae53c4dbd1fbe4a2eb4aab6565030f10da5c6,0x173e3ac418f8049,0xe3d20077f5afba7a644c945c8b62d83c21ab668b8141b252b7356055cb0ac002,7,97785028,0.10467754533345697,1748265861031033,Balanced Dollar,0.2467022,bnUSD,0,1,2025-05-26
cx88fd7df7ddff82f7cc735c871dc519838cb235bb,cxa0af3165c08318e988cb30993b3048335b94af6c,cx21e94c08c03daee80c25d8ee3ea22a20786ec231,0x3c5a13aa398f90037,0xe3d20077f5afba7a644c945c8b62d83c21ab668b8141b252b7356055cb0ac002,6,97785028,69.5809601921714,1748265861031033,Balanced Dollar,0.2467022,bnUSD,0,1,2025-05-26
cx2609b924e33ef00b648a409245c7ea394c467824,cx21e94c08c03daee80c25d8ee3ea22a20786ec231,cxa0af3165c08318e988cb30993b3048335b94af6c,0x1898c1cc019f9d87fb,0xe3d20077f5afba7a644c945c8b62d83c21ab668b8141b252b7356055cb0ac002,5,97785028,453.7291610406444,1748265861031033,Staked ICX,0.2467022,sICX,0,1,2025-05-26
cx2609b924e33ef00b648a409245c7ea394c467824,hx0000000000000000000000000000000000000000,cx21e94c08c03daee80c25d8ee3ea22a20786ec231,0x1898c1cc019f9d87fb,0xe3d20077f5afba7a644c945c8b62d83c21ab668b8141b252b7356055cb0ac002,3,97785028,453.7291610406444,1748265861031033,Staked ICX,0.2467022,sICX,0,1,2025-05-26
cx88fd7df7ddff82f7cc735c871dc519838cb235bb,cxa0af3165c08318e988cb30993b3048335b94af6c,cx5faae53c4dbd1fbe4a2eb4aab6565030f10da5c6,0x2e952e4bb6de018,0x9fb528a44d18705b55c88ff56d36895b65999a93ce7ad9bee490520668ab6282,2,97784825,0.20979000000000003,1748265452611673,Balanced Dollar,0.0563762625,bnUSD,0,1,2025-05-26
cx4297f4b63262507623b6ad575d0d8dd2db980e4e,cxa0af3165c08318e988cb30993b3048335b94af6c,hxd75467e3e4ce64e3424c747dfb71503017440433,0x8b422530af94a47d,0x9fb528a44d18705b55c88ff56d36895b65999a93ce7ad9bee490520668ab6282,1,97784825,10.034623810769299,1748265452611673,Injective,0.0563762625,INJ,0,1,2025-05-26
cx88fd7df7ddff82f7cc735c871dc519838cb235bb,hxd75467e3e4ce64e3424c747dfb71503017440433,cxa0af3165c08318e988cb30993b3048335b94af6c,0x794f288fd6e224000,0x9fb528a44d18705b55c88ff56d36895b65999a93ce7ad9bee490520668ab6282,0,97784825,139.86,1748265452611673,Balanced Dollar,0.0563762625,bnUSD,0,1,2025-05-26
cx88fd7df7ddff82f7cc735c871dc519838cb235bb,cxa0af3165c08318e988cb30993b3048335b94af6c,cx5faae53c4dbd1fbe4a2eb4aab6565030f10da5c6,0x2e842516363d800,0x53ace2a9bc6af7ed6929a0a2c4ea6f4b7a4d1372688937fb538a6afe091b4976,2,97784820,0.2094903,1748265442501549,Balanced Dollar,0.0563762625,bnUSD,0,1,2025-05-26
cx4297f4b63262507623b6ad575d0d8dd2db980e4e,cxa0af3165c08318e988cb30993b3048335b94af6c,hxd75467e3e4ce64e3424c747dfb71503017440433,0x8b3d064838c6fcd4,0x53ace2a9bc6af7ed6929a0a2c4ea6f4b7a4d1372688937fb538a6afe091b4976,1,97784820,10.03318245211131,1748265442501549,Injective,0.0563762625,INJ,0,1,2025-05-26
cx88fd7df7ddff82f7cc735c871dc519838cb235bb,hxd75467e3e4ce64e3424c747dfb71503017440433,cxa0af3165c08318e988cb30993b3048335b94af6c,0x7922cb3f2d4028000,0x53ace2a9bc6af7ed6929a0a2c4ea6f4b7a4d1372688937fb538a6afe091b4976,0,97784820,139.6602,1748265442501549,Balanced Dollar,0.0563762625,bnUSD,0,1,2025-05-26
cx88fd7df7ddff82f7cc735c871dc519838cb235bb,cxa0af3165c08318e988cb30993b3048335b94af6c,cx5faae53c4dbd1fbe4a2eb4aab6565030f10da5c6,0x2e731be0b59d018,0xcd75a160152fd5cce977427bb88ead84b386ddd10d22e093a6e2c54b975a8c6d,2,97784784,0.20919060000000003,1748265370449395,Balanced Dollar,0.0563762625,bnUSD,0,1,2025-05-26
cx4297f4b63262507623b6ad575d0d8dd2db980e4e,cxa0af3165c08318e988cb30993b3048335b94af6c,hxd75467e3e4ce64e3424c747dfb71503017440433,0x8b37cba77682b587,0xcd75a160152fd5cce977427bb88ead84b386ddd10d22e093a6e2c54b975a8c6d,1,97784784,10.031710615099323,1748265370449395,Injective,0.0563762625,INJ,0,1,2025-05-26
cx88fd7df7ddff82f7cc735c871dc519838cb235bb,hxd75467e3e4ce64e3424c747dfb71503017440433,cxa0af3165c08318e988cb30993b3048335b94af6c,0x78f66dee839e34000,0xcd75a160152fd5cce977427bb88ead84b386ddd10d22e093a6e2c54b975a8c6d,0,97784784,139.46040000000002,1748265370449395,Balanced Dollar,0.0563762625,bnUSD,0,1,2025-05-26
cx88fd7df7ddff82f7cc735c871dc519838cb235bb,cxa0af3165c08318e988cb30993b3048335b94af6c,cx5faae53c4dbd1fbe4a2eb4aab6565030f10da5c6,0x2e598e1074ac418,0xd6c406eae0110e122c4c9da4c927d7586397877359ec428c3b11588e4ad655b0,2,97784643,0.20874105,1748265088359431,Balanced Dollar,0.0563762625,bnUSD,0,1,2025-05-26
cx4297f4b63262507623b6ad575d0d8dd2db980e4e,cxa0af3165c08318e988cb30993b3048335b94af6c,hxd75467e3e4ce64e3424c747dfb71503017440433,0x8b18e0faf74e9c7c,0xd6c406eae0110e122c4c9da4c927d7586397877359ec428c3b11588e4ad655b0,1,97784643,10.023008339208609,1748265088359431,Injective,0.0563762625,INJ,0,1,2025-05-26
cx88fd7df7ddff82f7cc735c871dc519838cb235bb,hxd75467e3e4ce64e3424c747dfb71503017440433,cxa0af3165c08318e988cb30993b3048335b94af6c,0x78b3e1f5852b40000,0xd6c406eae0110e122c4c9da4c927d7586397877359ec428c3b11588e4ad655b0,0,97784643,139.16070000000002,1748265088359431,Balanced Dollar,0.0563762625,bnUSD,0,1,2025-05-26
cx88fd7df7ddff82f7cc735c871dc519838cb235bb,cxa0af3165c08318e988cb30993b3048335b94af6c,cx5faae53c4dbd1fbe4a2eb4aab6565030f10da5c6,0x2e598e1074ac418,0x65d4b66da9f3d8a926e3feb51ce81363b4bd0c6ab9fc4672d1c636630efd5854,2,97784423,0.20874105,1748264648200050,Balanced Dollar,0.0563762625,bnUSD,0,1,2025-05-26
cx4297f4b63262507623b6ad575d0d8dd2db980e4e,cxa0af3165c08318e988cb30993b3048335b94af6c,hxd75467e3e4ce64e3424c747dfb71503017440433,0x8b46973ea6a3bd16,0x65d4b66da9f3d8a926e3feb51ce81363b4bd0c6ab9fc4672d1c636630efd5854,1,97784423,10.035875114981245,1748264648200050,Injective,0.0563762625,INJ,0,1,2025-05-26
cx88fd7df7ddff82f7cc735c871dc519838cb235bb,hxd75467e3e4ce64e3424c747dfb71503017440433,cxa0af3165c08318e988cb30993b3048335b94af6c,0x78b3e1f5852b40000,0x65d4b66da9f3d8a926e3feb51ce81363b4bd0c6ab9fc4672d1c636630efd5854,0,97784423,139.16070000000002,1748264648200050,Balanced Dollar,0.0563762625,bnUSD,0,1,2025-05-26
cx88fd7df7ddff82f7cc735c871dc519838cb235bb,cxa0af3165c08318e988cb30993b3048335b94af6c,cx5faae53c4dbd1fbe4a2eb4aab6565030f10da5c6,0x2e6212ab34fc818,0x059a311372106a5771191cab6fc568ab6a228e8f8e1e067c99f7bd965a054762,2,97784417,0.20889090000000002,1748264636168634,Balanced Dollar,0.0563762625,bnUSD,0,1,2025-05-26
cx4297f4b63262507623b6ad575d0d8dd2db980e4e,cxa0af3165c08318e988cb30993b3048335b94af6c,hxd75467e3e4ce64e3424c747dfb71503017440433,0x8b8e0928ae16390f,0x059a311372106a5771191cab6fc568ab6a228e8f8e1e067c99f7bd965a054762,1,97784417,10.05598508828893,1748264636168634,Injective,0.0563762625,INJ,0,1,2025-05-26
cx88fd7df7ddff82f7cc735c871dc519838cb235bb,hxd75467e3e4ce64e3424c747dfb71503017440433,cxa0af3165c08318e988cb30993b3048335b94af6c,0x78ca109dd9fc3c000,0x059a311372106a5771191cab6fc568ab6a228e8f8e1e067c99f7bd965a054762,0,97784417,139.2606,1748264636168634,Balanced Dollar,0.0563762625,bnUSD,0,1,2025-05-26
cx88fd7df7ddff82f7cc735c871dc519838cb235bb,cxa0af3165c08318e988cb30993b3048335b94af6c,cx5faae53c4dbd1fbe4a2eb4aab6565030f10da5c6,0x2e598e1074ac418,0x66822cc94e304fe31007ebd609e59cf3edaaf99227e3ac3f4a713611f57a078b,2,97784411,0.20874105,1748264624113981,Balanced Dollar,0.0563762625,bnUSD,0,1,2025-05-26
cx4297f4b63262507623b6ad575d0d8dd2db980e4e,cxa0af3165c08318e988cb30993b3048335b94af6c,hxd75467e3e4ce64e3424c747dfb71503017440433,0x8ba24fef345e2a24,0x66822cc94e304fe31007ebd609e59cf3edaaf99227e3ac3f4a713611f57a078b,1,97784411,10.061692406293474,1748264624113981,Injective,0.0563762625,INJ,0,1,2025-05-26
cx88fd7df7ddff82f7cc735c871dc519838cb235bb,hxd75467e3e4ce64e3424c747dfb71503017440433,cxa0af3165c08318e988cb30993b3048335b94af6c,0x78b3e1f5852b40000,0x66822cc94e304fe31007ebd609e59cf3edaaf99227e3ac3f4a713611f57a078b,0,97784411,139.16070000000002,1748264624113981,Balanced Dollar,0.0563762625,bnUSD,0,1,2025-05-26
cx88fd7df7ddff82f7cc735c871dc519838cb235bb,cxa0af3165c08318e988cb30993b3048335b94af6c,cx5faae53c4dbd1fbe4a2eb4aab6565030f10da5c6,0x2fa25965da5f800,0xc7cea53b34bf5de3050374eed7be6fea77f7cfa384ec8d49b3f6feb69fa5d5ef,2,97784406,0.21452526,1748264614126504,Balanced Dollar,0.0563089625,bnUSD,0,1,2025-05-26
cx66a031cc3bd305c76371fb586e93801b948254f0,cxa0af3165c08318e988cb30993b3048335b94af6c,hxd75467e3e4ce64e3424c747dfb71503017440433,0x536fdfd016f8df2c,0xc7cea53b34bf5de3050374eed7be6fea77f7cfa384ec8d49b3f6feb69fa5d5ef,1,97784406,6.012270112394502,1748264614126504,Avalanche,0.0563089625,AVAX,0,1,2025-05-26
cx88fd7df7ddff82f7cc735c871dc519838cb235bb,hxd75467e3e4ce64e3424c747dfb71503017440433,cxa0af3165c08318e988cb30993b3048335b94af6c,0x7c0c1e23e8ae08000,0xc7cea53b34bf5de3050374eed7be6fea77f7cfa384ec8d49b3f6feb69fa5d5ef,0,97784406,143.01684,1748264614126504,Balanced Dollar,0.0563089625,bnUSD,0,1,2025-05-26
cx88fd7df7ddff82f7cc735c871dc519838cb235bb,cxa0af3165c08318e988cb30993b3048335b94af6c,cx5faae53c4dbd1fbe4a2eb4aab6565030f10da5c6,0x2e2ef70ab31b000,0x78fd66459204a1999898cf372e39d8cbe84f8d3ba7898527cfb787197a058e47,2,97784370,0.2079918,1748264542091308,Balanced Dollar,0.0563762625,bnUSD,0,1,2025-05-26
cx4297f4b63262507623b6ad575d0d8dd2db980e4e,cxa0af3165c08318e988cb30993b3048335b94af6c,hxd75467e3e4ce64e3424c747dfb71503017440433,0x8b4fbc23214f010c,0x78fd66459204a1999898cf372e39d8cbe84f8d3ba7898527cfb787197a058e47,1,97784370,10.038448953500827,1748264542091308,Injective,0.0563762625,INJ,0,1,2025-05-26
cx88fd7df7ddff82f7cc735c871dc519838cb235bb,hxd75467e3e4ce64e3424c747dfb71503017440433,cxa0af3165c08318e988cb30993b3048335b94af6c,0x7844f8abdd1650000,0x78fd66459204a1999898cf372e39d8cbe84f8d3ba7898527cfb787197a058e47,0,97784370,138.6612,1748264542091308,Balanced Dollar,0.0563762625,bnUSD,0,1,2025-05-26
cx4297f4b63262507623b6ad575d0d8dd2db980e4e,cx21e94c08c03daee80c25d8ee3ea22a20786ec231,hx2debd9ec927cca1639da8d3518dd9dbf1cdfb357,0x1a05473f5548e996f,0x468d85011a5abbea1d5fe111c25eedbeadf0d13f6810c2ae7af9a1d7ddb34c03,5,97784116,29.99973051534453,1748264031658535,Injective,0.0884047375,INJ,0,1,2025-05-26
cx88fd7df7ddff82f7cc735c871dc519838cb235bb,cxa0af3165c08318e988cb30993b3048335b94af6c,cx5faae53c4dbd1fbe4a2eb4aab6565030f10da5c6,0x89aa9e91393bfea,0x468d85011a5abbea1d5fe111c25eedbeadf0d13f6810c2ae7af9a1d7ddb34c03,3,97784116,0.6199947172377887,1748264031658535,Balanced Dollar,0.0884047375,bnUSD,0,1,2025-05-26
cx4297f4b63262507623b6ad575d0d8dd2db980e4e,cxa0af3165c08318e988cb30993b3048335b94af6c,cx21e94c08c03daee80c25d8ee3ea22a20786ec231,0x1a05473f5548e996f,0x468d85011a5abbea1d5fe111c25eedbeadf0d13f6810c2ae7af9a1d7ddb34c03,2,97784116,29.99973051534453,1748264031658535,Injective,0.0884047375,INJ,0,1,2025-05-26
cx88fd7df7ddff82f7cc735c871dc519838cb235bb,cx21e94c08c03daee80c25d8ee3ea22a20786ec231,cxa0af3165c08318e988cb30993b3048335b94af6c,0x16681a79a2fb6e7160,0x468d85011a5abbea1d5fe111c25eedbeadf0d13f6810c2ae7af9a1d7ddb34c03,1,97784116,413.3298114918591,1748264031658535,Balanced Dollar,0.0884047375,bnUSD,0,1,2025-05-26
cx88fd7df7ddff82f7cc735c871dc519838cb235bb,hx2debd9ec927cca1639da8d3518dd9dbf1cdfb357,cx21e94c08c03daee80c25d8ee3ea22a20786ec231,0x16681a79a2fb6e7160,0x468d85011a5abbea1d5fe111c25eedbeadf0d13f6810c2ae7af9a1d7ddb34c03,0,97784116,413.3298114918591,1748264031658535,Balanced Dollar,0.0884047375,bnUSD,0,1,2025-05-26
cx4297f4b63262507623b6ad575d0d8dd2db980e4e,cx21e94c08c03daee80c25d8ee3ea22a20786ec231,hx2debd9ec927cca1639da8d3518dd9dbf1cdfb357,0x1a05473f51a0f444e,0xe40fff6244cf93d555307aec38945e70ef2c44b616d1f0e03496a67e8fa387e8,10,97784020,29.999730514363108,1748263838375091,Injective,0.130509075,INJ,0,1,2025-05-26
cx88fd7df7ddff82f7cc735c871dc519838cb235bb,cx203d9cd2a669be67177e997b8948ce2c35caffae,cx835b300dcfe01f0bdb794e134a0c5628384f4367,0xf6949b33e0aa691,0xe40fff6244cf93d555307aec38945e70ef2c44b616d1f0e03496a67e8fa387e8,7,97784020,1.110499817312397,1748263838375091,Balanced Dollar,0.130509075,bnUSD,0,1,2025-05-26
cx88fd7df7ddff82f7cc735c871dc519838cb235bb,cx5faae53c4dbd1fbe4a2eb4aab6565030f10da5c6,cx203d9cd2a669be67177e997b8948ce2c35caffae,0x16042024a1c61286,0xe40fff6244cf93d555307aec38945e70ef2c44b616d1f0e03496a67e8fa387e8,5,97784020,1.5864283104462813,1748263838375091,Balanced Dollar,0.130509075,bnUSD,0,1,2025-05-26
cx88fd7df7ddff82f7cc735c871dc519838cb235bb,cx5faae53c4dbd1fbe4a2eb4aab6565030f10da5c6,cxdc30a0d3a1f131565c071272a20bc0b06fd4c17b,0x16042024a1c61285,0xe40fff6244cf93d555307aec38945e70ef2c44b616d1f0e03496a67e8fa387e8,4,97784020,1.5864283104462813,1748263838375091,Balanced Dollar,0.130509075,bnUSD,0,1,2025-05-26
cx88fd7df7ddff82f7cc735c871dc519838cb235bb,cxa0af3165c08318e988cb30993b3048335b94af6c,cx5faae53c4dbd1fbe4a2eb4aab6565030f10da5c6,0x89243dc193a1ba9,0xe40fff6244cf93d555307aec38945e70ef2c44b616d1f0e03496a67e8fa387e8,3,97784020,0.617630711498284,1748263838375091,Balanced Dollar,0.130509075,bnUSD,0,1,2025-05-26
cx4297f4b63262507623b6ad575d0d8dd2db980e4e,cxa0af3165c08318e988cb30993b3048335b94af6c,cx21e94c08c03daee80c25d8ee3ea22a20786ec231,0x1a05473f51a0f444e,0xe40fff6244cf93d555307aec38945e70ef2c44b616d1f0e03496a67e8fa387e8,2,97784020,29.999730514363108,1748263838375091,Injective,0.130509075,INJ,0,1,2025-05-26
cx88fd7df7ddff82f7cc735c871dc519838cb235bb,cx21e94c08c03daee80c25d8ee3ea22a20786ec231,cxa0af3165c08318e988cb30993b3048335b94af6c,0x16523b6281b1fd5d70,0xe40fff6244cf93d555307aec38945e70ef2c44b616d1f0e03496a67e8fa387e8,1,97784020,411.75380766552263,1748263838375091,Balanced Dollar,0.130509075,bnUSD,0,1,2025-05-26
cx88fd7df7ddff82f7cc735c871dc519838cb235bb,hx2debd9ec927cca1639da8d3518dd9dbf1cdfb357,cx21e94c08c03daee80c25d8ee3ea22a20786ec231,0x16523b6281b1fd5d70,0xe40fff6244cf93d555307aec38945e70ef2c44b616d1f0e03496a67e8fa387e8,0,97784020,411.75380766552263,1748263838375091,Balanced Dollar,0.130509075,bnUSD,0,1,2025-05-26
cx7baf94bd53b505353285ee4c4c050f9703581703,hxee5c1d04f36e46fb4a9c5b0de1e0d10b03a8ed9c,hxee5c1d04f36e46fb4a9c5b0de1e0d10b03a8ed9c,0x0,0xa568da3171c292ec485140bbece6efd14a4a2eb0dd131b1bef3295ffbd335b9d,3,97783557,0.0,1748262906131401,unknown_token,0.1338706625,$unknown,31,1,2025-05-26
cx7baf94bd53b505353285ee4c4c050f9703581703,hxee5c1d04f36e46fb4a9c5b0de1e0d10b03a8ed9c,hxee5c1d04f36e46fb4a9c5b0de1e0d10b03a8ed9c,0x0,0xa568da3171c292ec485140bbece6efd14a4a2eb0dd131b1bef3295ffbd335b9d,2,97783557,0.0,1748262906131401,unknown_token,0.1338706625,$unknown,26,1,2025-05-26
cx7baf94bd53b505353285ee4c4c050f9703581703,hxee5c1d04f36e46fb4a9c5b0de1e0d10b03a8ed9c,hxee5c1d04f36e46fb4a9c5b0de1e0d10b03a8ed9c,0x0,0xa568da3171c292ec485140bbece6efd14a4a2eb0dd131b1bef3295ffbd335b9d,1,97783557,0.0,1748262906131401,unknown_token,0.1338706625,$unknown,11,1,2025-05-26
cxf61cd5a45dc9f91c15aa65831a30a90d59a09619,hxe76a8703a40e86a119a1e1e5a392afa628d94923,cxe0252e6c1fe4040412811d83d13979e335287e45,0x19352bdc530ca40000,0x26e8609569e8f8e0bf7016695e73909ac667c01719820a73aeadd304806c6a15,0,97783390,465.0,1748262572046562,Balance Token,0.076927,BALN,0,1,2025-05-26
cxf61cd5a45dc9f91c15aa65831a30a90d59a09619,cx21e94c08c03daee80c25d8ee3ea22a20786ec231,hxe76a8703a40e86a119a1e1e5a392afa628d94923,0x18e2be47338a6f445f,0x1b55ed40089bca846feaf0985418d6dbe1b2e0cd82dc76f789eb84ab0ff16ef4,6,97783370,459.06043255386743,1748262532035518,Balance Token,0.167079375,BALN,0,1,2025-05-26
cx2609b924e33ef00b648a409245c7ea394c467824,cxa0af3165c08318e988cb30993b3048335b94af6c,cx5faae53c4dbd1fbe4a2eb4aab6565030f10da5c6,0x466149ab725ed3c,0x1b55ed40089bca846feaf0985418d6dbe1b2e0cd82dc76f789eb84ab0ff16ef4,4,97783370,0.31696347850643386,1748262532035518,Staked ICX,0.167079375,sICX,0,1,2025-05-26
cxf61cd5a45dc9f91c15aa65831a30a90d59a09619,cxa0af3165c08318e988cb30993b3048335b94af6c,cx21e94c08c03daee80c25d8ee3ea22a20786ec231,0x18e2be47338a6f445f,0x1b55ed40089bca846feaf0985418d6dbe1b2e0cd82dc76f789eb84ab0ff16ef4,3,97783370,459.06043255386743,1748262532035518,Balance Token,0.167079375,BALN,0,1,2025-05-26
cx2609b924e33ef00b648a409245c7ea394c467824,cx21e94c08c03daee80c25d8ee3ea22a20786ec231,cxa0af3165c08318e988cb30993b3048335b94af6c,0xb748052e79d6f2298,0x1b55ed40089bca846feaf0985418d6dbe1b2e0cd82dc76f789eb84ab0ff16ef4,2,97783370,211.3089856709559,1748262532035518,Staked ICX,0.167079375,sICX,0,1,2025-05-26
cx2609b924e33ef00b648a409245c7ea394c467824,hxe76a8703a40e86a119a1e1e5a392afa628d94923,cx21e94c08c03daee80c25d8ee3ea22a20786ec231,0xb748052e79d6f2298,0x1b55ed40089bca846feaf0985418d6dbe1b2e0cd82dc76f789eb84ab0ff16ef4,1,97783370,211.3089856709559,1748262532035518,Staked ICX,0.167079375,sICX,0,1,2025-05-26
cxf61cd5a45dc9f91c15aa65831a30a90d59a09619,cx10d59e8103ab44635190bd4139dbfd682fa2d07e,hxe76a8703a40e86a119a1e1e5a392afa628d94923,0x4c586ac45d4ae397,0x77de88d1114e5deb1cddab4c84b3cebc60b5f715c00482ee6c51d0514b9a6c21,4,97783289,5.501264336444384,1748262369964166,Balance Token,0.1340418125,BALN,0,1,2025-05-26
cx2609b924e33ef00b648a409245c7ea394c467824,cx10d59e8103ab44635190bd4139dbfd682fa2d07e,hxe76a8703a40e86a119a1e1e5a392afa628d94923,0xb748052e79d6f2298,0x77de88d1114e5deb1cddab4c84b3cebc60b5f715c00482ee6c51d0514b9a6c21,2,97783289,211.3089856709559,1748262369964166,Staked ICX,0.1340418125,sICX,0,1,2025-05-26
cx88fd7df7ddff82f7cc735c871dc519838cb235bb,cxa0af3165c08318e988cb30993b3048335b94af6c,hx4dc7903504bb800a462378348a42f53742759e0b,0x3f2f4be195a6a27,0x12fda2372bbe60ae9b22faef8797f017f2f619468b91cae58cbed1227b7742b9,3,97783247,0.284558823784082,1748262285946807,Balanced Dollar,0.0347379625,bnUSD,0,3,2025-05-26
cx65c9e3d4fea842e00add0d32a5b4c5e4e04c7a6b,hx4dc7903504bb800a462378348a42f53742759e0b,cxa0af3165c08318e988cb30993b3048335b94af6c,0x2203eddb,0x382da1421be32b7fa98e58be6d81f49c80b950168b8707c56a752519a744a735,0,97783247,0.570682843,1748262285946807,Solana,0.0215575125,SOL,0,2,2025-05-26
cx88fd7df7ddff82f7cc735c871dc519838cb235bb,hx4dc7903504bb800a462378348a42f53742759e0b,cxa0af3165c08318e988cb30993b3048335b94af6c,0x58205e70f734a0000,0xbff4a55b1ec1001e592f84690d15bd9798e8e885fd762927a4b5b0b79027f1b5,0,97783247,101.6028690219067,1748262285946807,Balanced Dollar,0.02221895,bnUSD,0,1,2025-05-26
cx65c9e3d4fea842e00add0d32a5b4c5e4e04c7a6b,cx21e94c08c03daee80c25d8ee3ea22a20786ec231,hx4dc7903504bb800a462378348a42f53742759e0b,0x2208484b,0xf1a2ba3eea74d3989816a83f57e20bcb1200956f075baa01aab6b08a3b79b67d,13,97783245,0.570968139,1748262281891651,Solana,0.2548275375,SOL,0,2,2025-05-26
cx88fd7df7ddff82f7cc735c871dc519838cb235bb,cxa0af3165c08318e988cb30993b3048335b94af6c,cx5faae53c4dbd1fbe4a2eb4aab6565030f10da5c6,0x21d9980945ccb61,0xf1a2ba3eea74d3989816a83f57e20bcb1200956f075baa01aab6b08a3b79b67d,11,97783245,0.15244673992443786,1748262281891651,Balanced Dollar,0.2548275375,bnUSD,0,2,2025-05-26
cx65c9e3d4fea842e00add0d32a5b4c5e4e04c7a6b,cxa0af3165c08318e988cb30993b3048335b94af6c,cx21e94c08c03daee80c25d8ee3ea22a20786ec231,0x2208484b,0xf1a2ba3eea74d3989816a83f57e20bcb1200956f075baa01aab6b08a3b79b67d,10,97783245,0.570968139,1748262281891651,Solana,0.2548275375,SOL,0,2,2025-05-26
cx88fd7df7ddff82f7cc735c871dc519838cb235bb,cx21e94c08c03daee80c25d8ee3ea22a20786ec231,cxa0af3165c08318e988cb30993b3048335b94af6c,0x5826a69825c51a358,0xf1a2ba3eea74d3989816a83f57e20bcb1200956f075baa01aab6b08a3b79b67d,9,97783245,101.63115994962524,1748262281891651,Balanced Dollar,0.2548275375,bnUSD,0,2,2025-05-26
cx88fd7df7ddff82f7cc735c871dc519838cb235bb,cxa0af3165c08318e988cb30993b3048335b94af6c,cx5faae53c4dbd1fbe4a2eb4aab6565030f10da5c6,0x21f2b469710a145,0xf1a2ba3eea74d3989816a83f57e20bcb1200956f075baa01aab6b08a3b79b67d,7,97783245,0.15288849453604078,1748262281891651,Balanced Dollar,0.2548275375,bnUSD,0,2,2025-05-26
cx88fd7df7ddff82f7cc735c871dc519838cb235bb,cxa0af3165c08318e988cb30993b3048335b94af6c,cx21e94c08c03daee80c25d8ee3ea22a20786ec231,0x5826a69825c51a358,0xf1a2ba3eea74d3989816a83f57e20bcb1200956f075baa01aab6b08a3b79b67d,6,97783245,101.63115994962524,1748262281891651,Balanced Dollar,0.2548275375,bnUSD,0,2,2025-05-26
cx2609b924e33ef00b648a409245c7ea394c467824,cx21e94c08c03daee80c25d8ee3ea22a20786ec231,cxa0af3165c08318e988cb30993b3048335b94af6c,0x23eb6f4109de6b556e,0xf1a2ba3eea74d3989816a83f57e20bcb1200956f075baa01aab6b08a3b79b67d,5,97783245,662.6008924118044,1748262281891651,Staked ICX,0.2548275375,sICX,0,2,2025-05-26
cx2609b924e33ef00b648a409245c7ea394c467824,hx0000000000000000000000000000000000000000,cx21e94c08c03daee80c25d8ee3ea22a20786ec231,0x23eb6f4109de6b556e,0xf1a2ba3eea74d3989816a83f57e20bcb1200956f075baa01aab6b08a3b79b67d,3,97783245,662.6008924118044,1748262281891651,Staked ICX,0.2548275375,sICX,0,2,2025-05-26
cx88fd7df7ddff82f7cc735c871dc519838cb235bb,cx21e94c08c03daee80c25d8ee3ea22a20786ec231,hx4dc7903504bb800a462378348a42f53742759e0b,0x582ba79cf2766ae90,0x1af2b0923ccb1dda40c86e35aa01a9c593f107a28025e76b04ba844a55e7fcd3,9,97783245,101.6536958697728,1748262281891651,Balanced Dollar,0.2055357875,bnUSD,0,1,2025-05-26
cx88fd7df7ddff82f7cc735c871dc519838cb235bb,cxa0af3165c08318e988cb30993b3048335b94af6c,cx5faae53c4dbd1fbe4a2eb4aab6565030f10da5c6,0x21f4a1b89c32625,0x1af2b0923ccb1dda40c86e35aa01a9c593f107a28025e76b04ba844a55e7fcd3,7,97783245,0.1529223944897265,1748262281891651,Balanced Dollar,0.2055357875,bnUSD,0,1,2025-05-26
cx88fd7df7ddff82f7cc735c871dc519838cb235bb,cxa0af3165c08318e988cb30993b3048335b94af6c,cx21e94c08c03daee80c25d8ee3ea22a20786ec231,0x582ba79cf2766ae90,0x1af2b0923ccb1dda40c86e35aa01a9c593f107a28025e76b04ba844a55e7fcd3,6,97783245,101.6536958697728,1748262281891651,Balanced Dollar,0.2055357875,bnUSD,0,1,2025-05-26
cx2609b924e33ef00b648a409245c7ea394c467824,cx21e94c08c03daee80c25d8ee3ea22a20786ec231,cxa0af3165c08318e988cb30993b3048335b94af6c,0x23eb6f4109de6b556e,0x1af2b0923ccb1dda40c86e35aa01a9c593f107a28025e76b04ba844a55e7fcd3,5,97783245,662.6008924118044,1748262281891651,Staked ICX,0.2055357875,sICX,0,1,2025-05-26
cx2609b924e33ef00b648a409245c7ea394c467824,hx0000000000000000000000000000000000000000,cx21e94c08c03daee80c25d8ee3ea22a20786ec231,0x23eb6f4109de6b556e,0x1af2b0923ccb1dda40c86e35aa01a9c593f107a28025e76b04ba844a55e7fcd3,3,97783245,662.6008924118044,1748262281891651,Staked ICX,0.2055357875,sICX,0,1,2025-05-26
cx88fd7df7ddff82f7cc735c871dc519838cb235bb,cxa0af3165c08318e988cb30993b3048335b94af6c,hx4dc7903504bb800a462378348a42f53742759e0b,0x3e71d5abb756c61,0xd8a1b9c2c7ab9cd740a059bcb7658c2d361b8d4944a16156c62a7283770141e9,3,97783242,0.2812257772632423,1748262274708171,Balanced Dollar,0.0347552125,bnUSD,0,3,2025-05-26
cx07b184a37f03c6ab681fcbd0b45aec6dc3eafbeb,hx4dc7903504bb800a462378348a42f53742759e0b,cxa0af3165c08318e988cb30993b3048335b94af6c,0x2f37e412362da,0x4f03f8c875d4fe1d4521b0390db2e21f31d9513d535dc3cdfdcd5152870f0521,0,97783242,0.000830673537688282,1748262274708171,Bitcoin,0.0215962625,BTC,0,2,2025-05-26
cx88fd7df7ddff82f7cc735c871dc519838cb235bb,hx4dc7903504bb800a462378348a42f53742759e0b,cxa0af3165c08318e988cb30993b3048335b94af6c,0x4f476ed276e2cc000,0xc4a0ef62f41dbfdbed443a96f0aa87a1409e9533baf98529df682adb9dbcd6b9,0,97783242,91.40250404095241,1748262274708171,Balanced Dollar,0.02221895,bnUSD,0,1,2025-05-26
cx07b184a37f03c6ab681fcbd0b45aec6dc3eafbeb,cx21e94c08c03daee80c25d8ee3ea22a20786ec231,hx4dc7903504bb800a462378348a42f53742759e0b,0x2f3def2b24ddf,0xe9a243257ba9d12d42ca015516b2d7452bad2cdd592071bcbd1f58db609032b5,13,97783240,0.000831088833482207,1748262270738629,Bitcoin,0.2630674,BTC,0,2,2025-05-26
cx88fd7df7ddff82f7cc735c871dc519838cb235bb,cxa0af3165c08318e988cb30993b3048335b94af6c,cx5faae53c4dbd1fbe4a2eb4aab6565030f10da5c6,0x1e73ca45976c3ce,0xe9a243257ba9d12d42ca015516b2d7452bad2cdd592071bcbd1f58db609032b5,11,97783240,0.13714499023134819,1748262270738629,Balanced Dollar,0.2630674,bnUSD,0,2,2025-05-26
cx07b184a37f03c6ab681fcbd0b45aec6dc3eafbeb,cxa0af3165c08318e988cb30993b3048335b94af6c,cx21e94c08c03daee80c25d8ee3ea22a20786ec231,0x2f3def2b24ddf,0xe9a243257ba9d12d42ca015516b2d7452bad2cdd592071bcbd1f58db609032b5,10,97783240,0.000831088833482207,1748262270738629,Bitcoin,0.2630674,BTC,0,2,2025-05-26
cx88fd7df7ddff82f7cc735c871dc519838cb235bb,cx21e94c08c03daee80c25d8ee3ea22a20786ec231,cxa0af3165c08318e988cb30993b3048335b94af6c,0x4f4d896a8fa9de93f,0xe9a243257ba9d12d42ca015516b2d7452bad2cdd592071bcbd1f58db609032b5,9,97783240,91.42999348756545,1748262270738629,Balanced Dollar,0.2630674,bnUSD,0,2,2025-05-26
cx88fd7df7ddff82f7cc735c871dc519838cb235bb,cxa0af3165c08318e988cb30993b3048335b94af6c,cx5faae53c4dbd1fbe4a2eb4aab6565030f10da5c6,0x1e8a77bbc1e3572,0xe9a243257ba9d12d42ca015516b2d7452bad2cdd592071bcbd1f58db609032b5,7,97783240,0.1375439385137125,1748262270738629,Balanced Dollar,0.2630674,bnUSD,0,2,2025-05-26
cx88fd7df7ddff82f7cc735c871dc519838cb235bb,cxa0af3165c08318e988cb30993b3048335b94af6c,cx21e94c08c03daee80c25d8ee3ea22a20786ec231,0x4f4d896a8fa9de93f,0xe9a243257ba9d12d42ca015516b2d7452bad2cdd592071bcbd1f58db609032b5,6,97783240,91.42999348756545,1748262270738629,Balanced Dollar,0.2630674,bnUSD,0,2,2025-05-26
cx2609b924e33ef00b648a409245c7ea394c467824,cx21e94c08c03daee80c25d8ee3ea22a20786ec231,cxa0af3165c08318e988cb30993b3048335b94af6c,0x204cdf8fc444ca25db,0xe9a243257ba9d12d42ca015516b2d7452bad2cdd592071bcbd1f58db609032b5,5,97783240,595.8351144985251,1748262270738629,Staked ICX,0.2630674,sICX,0,2,2025-05-26
cx2609b924e33ef00b648a409245c7ea394c467824,hx0000000000000000000000000000000000000000,cx21e94c08c03daee80c25d8ee3ea22a20786ec231,0x204cdf8fc444ca25db,0xe9a243257ba9d12d42ca015516b2d7452bad2cdd592071bcbd1f58db609032b5,3,97783240,595.8351144985251,1748262270738629,Staked ICX,0.2630674,sICX,0,2,2025-05-26
cx88fd7df7ddff82f7cc735c871dc519838cb235bb,cx21e94c08c03daee80c25d8ee3ea22a20786ec231,hx4dc7903504bb800a462378348a42f53742759e0b,0x4f5195efe557b16dc,0x25da28b0d71da5ae23763a233dd28a3428b89eb7c6e023fe9e72da18bf6ed67b,9,97783240,91.44822815499715,1748262270738629,Balanced Dollar,0.2055320375,bnUSD,0,1,2025-05-26
cx88fd7df7ddff82f7cc735c871dc519838cb235bb,cxa0af3165c08318e988cb30993b3048335b94af6c,cx5faae53c4dbd1fbe4a2eb4aab6565030f10da5c6,0x1e8c06e5344d110,0x25da28b0d71da5ae23763a233dd28a3428b89eb7c6e023fe9e72da18bf6ed67b,7,97783240,0.13757136871075457,1748262270738629,Balanced Dollar,0.2055320375,bnUSD,0,1,2025-05-26
cx88fd7df7ddff82f7cc735c871dc519838cb235bb,cxa0af3165c08318e988cb30993b3048335b94af6c,cx21e94c08c03daee80c25d8ee3ea22a20786ec231,0x4f5195efe557b16dc,0x25da28b0d71da5ae23763a233dd28a3428b89eb7c6e023fe9e72da18bf6ed67b,6,97783240,91.44822815499715,1748262270738629,Balanced Dollar,0.2055320375,bnUSD,0,1,2025-05-26
cx2609b924e33ef00b648a409245c7ea394c467824,cx21e94c08c03daee80c25d8ee3ea22a20786ec231,cxa0af3165c08318e988cb30993b3048335b94af6c,0x204cdf8fc444ca25db,0x25da28b0d71da5ae23763a233dd28a3428b89eb7c6e023fe9e72da18bf6ed67b,5,97783240,595.8351144985251,1748262270738629,Staked ICX,0.2055320375,sICX,0,1,2025-05-26
cx2609b924e33ef00b648a409245c7ea394c467824,hx0000000000000000000000000000000000000000,cx21e94c08c03daee80c25d8ee3ea22a20786ec231,0x204cdf8fc444ca25db,0x25da28b0d71da5ae23763a233dd28a3428b89eb7c6e023fe9e72da18bf6ed67b,3,97783240,595.8351144985251,1748262270738629,Staked ICX,0.2055320375,sICX,0,1,2025-05-26
cx88fd7df7ddff82f7cc735c871dc519838cb235bb,cxa0af3165c08318e988cb30993b3048335b94af6c,hx4dc7903504bb800a462378348a42f53742759e0b,0x45aa46774a181f4,0xfc399e1d1c2fe83286b86799d57b62333860b43ca3f896cc4a653792836b2d59,3,97783237,0.31374388830099914,1748262264706960,Balanced Dollar,0.0347552125,bnUSD,0,3,2025-05-26
cx07b184a37f03c6ab681fcbd0b45aec6dc3eafbeb,hx4dc7903504bb800a462378348a42f53742759e0b,cxa0af3165c08318e988cb30993b3048335b94af6c,0x348b5eab57442,0x9c4b88681acab675b27279dfe9f0cc17821bcbe2f87dded06f294ad5bc342dcd,0,97783237,0.000924371094172738,1748262264706960,Bitcoin,0.0215962625,BTC,0,2,2025-05-26
cx88fd7df7ddff82f7cc735c871dc519838cb235bb,hx4dc7903504bb800a462378348a42f53742759e0b,cxa0af3165c08318e988cb30993b3048335b94af6c,0x583361cef2cd90000,0xfdfb332644b3d6a296a2185c3c99036cd64f94756465a5bc5829e68d86093a05,0,97783237,101.68849664983388,1748262264706960,Balanced Dollar,0.02221895,bnUSD,0,1,2025-05-26
cx07b184a37f03c6ab681fcbd0b45aec6dc3eafbeb,cx21e94c08c03daee80c25d8ee3ea22a20786ec231,hx4dc7903504bb800a462378348a42f53742759e0b,0x34921828b4b94,0x182f501917ace8bc4092be4adda12ffaceeaba20e74f605092c5231f0e4f5fca,13,97783235,0.000924833203047316,1748262260705991,Bitcoin,0.263071525,BTC,0,2,2025-05-26
cx88fd7df7ddff82f7cc735c871dc519838cb235bb,cxa0af3165c08318e988cb30993b3048335b94af6c,cx5faae53c4dbd1fbe4a2eb4aab6565030f10da5c6,0x21e0e56b0839bcf,0x182f501917ace8bc4092be4adda12ffaceeaba20e74f605092c5231f0e4f5fca,11,97783235,0.152575202868567,1748262260705991,Balanced Dollar,0.263071525,bnUSD,0,2,2025-05-26
cx07b184a37f03c6ab681fcbd0b45aec6dc3eafbeb,cxa0af3165c08318e988cb30993b3048335b94af6c,cx21e94c08c03daee80c25d8ee3ea22a20786ec231,0x34921828b4b94,0x182f501917ace8bc4092be4adda12ffaceeaba20e74f605092c5231f0e4f5fca,10,97783235,0.000924833203047316,1748262260705991,Bitcoin,0.263071525,BTC,0,2,2025-05-26
cx88fd7df7ddff82f7cc735c871dc519838cb235bb,cx21e94c08c03daee80c25d8ee3ea22a20786ec231,cxa0af3165c08318e988cb30993b3048335b94af6c,0x5839aac6bac106b32,0x182f501917ace8bc4092be4adda12ffaceeaba20e74f605092c5231f0e4f5fca,9,97783235,101.71680191237799,1748262260705991,Balanced Dollar,0.263071525,bnUSD,0,2,2025-05-26
cx88fd7df7ddff82f7cc735c871dc519838cb235bb,cxa0af3165c08318e988cb30993b3048335b94af6c,cx5faae53c4dbd1fbe4a2eb4aab6565030f10da5c6,0x21fa071b4d229f4,0x182f501917ace8bc4092be4adda12ffaceeaba20e74f605092c5231f0e4f5fca,7,97783235,0.153017322579307,1748262260705991,Balanced Dollar,0.263071525,bnUSD,0,2,2025-05-26
cx88fd7df7ddff82f7cc735c871dc519838cb235bb,cxa0af3165c08318e988cb30993b3048335b94af6c,cx21e94c08c03daee80c25d8ee3ea22a20786ec231,0x5839aac6bac106b32,0x182f501917ace8bc4092be4adda12ffaceeaba20e74f605092c5231f0e4f5fca,6,97783235,101.71680191237799,1748262260705991,Balanced Dollar,0.263071525,bnUSD,0,2,2025-05-26
cx2609b924e33ef00b648a409245c7ea394c467824,cx21e94c08c03daee80c25d8ee3ea22a20786ec231,cxa0af3165c08318e988cb30993b3048335b94af6c,0x23eb6f4109de6b556e,0x182f501917ace8bc4092be4adda12ffaceeaba20e74f605092c5231f0e4f5fca,5,97783235,662.6008924118044,1748262260705991,Staked ICX,0.263071525,sICX,0,2,2025-05-26
cx2609b924e33ef00b648a409245c7ea394c467824,hx0000000000000000000000000000000000000000,cx21e94c08c03daee80c25d8ee3ea22a20786ec231,0x23eb6f4109de6b556e,0x182f501917ace8bc4092be4adda12ffaceeaba20e74f605092c5231f0e4f5fca,3,97783235,662.6008924118044,1748262260705991,Staked ICX,0.263071525,sICX,0,2,2025-05-26
cx88fd7df7ddff82f7cc735c871dc519838cb235bb,cx21e94c08c03daee80c25d8ee3ea22a20786ec231,hx4dc7903504bb800a462378348a42f53742759e0b,0x583ead6a439e2012c,0x77bae5cc94ab6b4b6754b6985ff1417eb9b7abb99f68f1b501b438d113aed3bd,9,97783235,101.7393663329007,1748262260705991,Balanced Dollar,0.20553835,bnUSD,0,1,2025-05-26
cx88fd7df7ddff82f7cc735c871dc519838cb235bb,cxa0af3165c08318e988cb30993b3048335b94af6c,cx5faae53c4dbd1fbe4a2eb4aab6565030f10da5c6,0x21fbf50a2c01bda,0x77bae5cc94ab6b4b6754b6985ff1417eb9b7abb99f68f1b501b438d113aed3bd,7,97783235,0.15305126540267414,1748262260705991,Balanced Dollar,0.20553835,bnUSD,0,1,2025-05-26
cx88fd7df7ddff82f7cc735c871dc519838cb235bb,cxa0af3165c08318e988cb30993b3048335b94af6c,cx21e94c08c03daee80c25d8ee3ea22a20786ec231,0x583ead6a439e2012c,0x77bae5cc94ab6b4b6754b6985ff1417eb9b7abb99f68f1b501b438d113aed3bd,6,97783235,101.7393663329007,1748262260705991,Balanced Dollar,0.20553835,bnUSD,0,1,2025-05-26
cx2609b924e33ef00b648a409245c7ea394c467824,cx21e94c08c03daee80c25d8ee3ea22a20786ec231,cxa0af3165c08318e988cb30993b3048335b94af6c,0x23eb6f4109de6b556e,0x77bae5cc94ab6b4b6754b6985ff1417eb9b7abb99f68f1b501b438d113aed3bd,5,97783235,662.6008924118044,1748262260705991,Staked ICX,0.20553835,sICX,0,1,2025-05-26
cx2609b924e33ef00b648a409245c7ea394c467824,hx0000000000000000000000000000000000000000,cx21e94c08c03daee80c25d8ee3ea22a20786ec231,0x23eb6f4109de6b556e,0x77bae5cc94ab6b4b6754b6985ff1417eb9b7abb99f68f1b501b438d113aed3bd,3,97783235,662.6008924118044,1748262260705991,Staked ICX,0.20553835,sICX,0,1,2025-05-26
cx88fd7df7ddff82f7cc735c871dc519838cb235bb,cxa0af3165c08318e988cb30993b3048335b94af6c,cx5faae53c4dbd1fbe4a2eb4aab6565030f10da5c6,0x7aec266ae7fbd,0x66bf4f1f36c382347b7848b3da7cd6f9e0ca95ae81655b870093864f87c5702e,16,97783191,0.002162474806575037,1748262171459231,Balanced Dollar,0.3937855625,bnUSD,0,1,2025-05-26
cx88fd7df7ddff82f7cc735c871dc519838cb235bb,cxa0af3165c08318e988cb30993b3048335b94af6c,cx21e94c08c03daee80c25d8ee3ea22a20786ec231,0x13f26973558089ed,0x66bf4f1f36c382347b7848b3da7cd6f9e0ca95ae81655b870093864f87c5702e,15,97783191,1.4373271751612524,1748262171459231,Balanced Dollar,0.3937855625,bnUSD,0,1,2025-05-26
cx2609b924e33ef00b648a409245c7ea394c467824,cx21e94c08c03daee80c25d8ee3ea22a20786ec231,cxa0af3165c08318e988cb30993b3048335b94af6c,0x81e4f17877c13db1,0x66bf4f1f36c382347b7848b3da7cd6f9e0ca95ae81655b870093864f87c5702e,14,97783191,9.359871425290256,1748262171459231,Staked ICX,0.3937855625,sICX,0,1,2025-05-26
cx2609b924e33ef00b648a409245c7ea394c467824,cx203d9cd2a669be67177e997b8948ce2c35caffae,cx835b300dcfe01f0bdb794e134a0c5628384f4367,0x2dfec9ee430d5d85,0x66bf4f1f36c382347b7848b3da7cd6f9e0ca95ae81655b870093864f87c5702e,11,97783191,3.3143084009556127,1748262171459231,Staked ICX,0.3937855625,sICX,0,1,2025-05-26
cx2609b924e33ef00b648a409245c7ea394c467824,cx5faae53c4dbd1fbe4a2eb4aab6565030f10da5c6,cx203d9cd2a669be67177e997b8948ce2c35caffae,0x41b52078f21317e3,0x66bf4f1f36c382347b7848b3da7cd6f9e0ca95ae81655b870093864f87c5702e,8,97783191,4.734726287079447,1748262171459231,Staked ICX,0.3937855625,sICX,0,1,2025-05-26
cx2609b924e33ef00b648a409245c7ea394c467824,cx5faae53c4dbd1fbe4a2eb4aab6565030f10da5c6,cxdc30a0d3a1f131565c071272a20bc0b06fd4c17b,0x41b52078f21317e2,0x66bf4f1f36c382347b7848b3da7cd6f9e0ca95ae81655b870093864f87c5702e,6,97783191,4.734726287079447,1748262171459231,Staked ICX,0.3937855625,sICX,0,1,2025-05-26
cx2609b924e33ef00b648a409245c7ea394c467824,cxa0af3165c08318e988cb30993b3048335b94af6c,cx5faae53c4dbd1fbe4a2eb4aab6565030f10da5c6,0x320758f43b47a4,0x66bf4f1f36c382347b7848b3da7cd6f9e0ca95ae81655b870093864f87c5702e,5,97783191,0.014081827471574947,1748262171459231,Staked ICX,0.3937855625,sICX,0,1,2025-05-26
cx2609b924e33ef00b648a409245c7ea394c467824,cxa0af3165c08318e988cb30993b3048335b94af6c,cx21e94c08c03daee80c25d8ee3ea22a20786ec231,0x81e4f17877c13db1,0x66bf4f1f36c382347b7848b3da7cd6f9e0ca95ae81655b870093864f87c5702e,4,97783191,9.359871425290256,1748262171459231,Staked ICX,0.3937855625,sICX,0,1,2025-05-26
cx518f64edcd35db9044a2de63fdc10abfd5f7d611,cx21e94c08c03daee80c25d8ee3ea22a20786ec231,cxa0af3165c08318e988cb30993b3048335b94af6c,0x2faf080,0x66bf4f1f36c382347b7848b3da7cd6f9e0ca95ae81655b870093864f87c5702e,3,97783191,5.0,1748262171459231,Stellar,0.3937855625,XLM,0,1,2025-05-26
cx518f64edcd35db9044a2de63fdc10abfd5f7d611,hx0000000000000000000000000000000000000000,cx21e94c08c03daee80c25d8ee3ea22a20786ec231,0x2faf080,0x66bf4f1f36c382347b7848b3da7cd6f9e0ca95ae81655b870093864f87c5702e,1,97783191,5.0,1748262171459231,Stellar,0.3937855625,XLM,0,1,2025-05-26
cx88fd7df7ddff82f7cc735c871dc519838cb235bb,cxa0af3165c08318e988cb30993b3048335b94af6c,hx4dc7903504bb800a462378348a42f53742759e0b,0x3f3fcb11e87b6f5,0xf831b56af516f9afb814c6de5b521ff01410fb8b14715becf549ac3851d3a027,3,97783130,0.2848490391060948,1748262047008958,Balanced Dollar,0.0347379625,bnUSD,0,3,2025-05-26
cx65c9e3d4fea842e00add0d32a5b4c5e4e04c7a6b,hx4dc7903504bb800a462378348a42f53742759e0b,cxa0af3165c08318e988cb30993b3048335b94af6c,0x22168370,0xb224c383657cc38fbd1a16ca692aa24036d860407379221f42c985a064a7ba7e,0,97783130,0.571900784,1748262047008958,Solana,0.0215575125,SOL,0,2,2025-05-26
cx88fd7df7ddff82f7cc735c871dc519838cb235bb,hx4dc7903504bb800a462378348a42f53742759e0b,cxa0af3165c08318e988cb30993b3048335b94af6c,0x583d793555adac000,0x8a7100b57b84b4c95d8f1390ad68f3de344de12b127f0edf4b6bf038fcbf2c2a,0,97783130,101.7339443023149,1748262047008958,Balanced Dollar,0.02221895,bnUSD,0,1,2025-05-26
cx65c9e3d4fea842e00add0d32a5b4c5e4e04c7a6b,cx21e94c08c03daee80c25d8ee3ea22a20786ec231,hx4dc7903504bb800a462378348a42f53742759e0b,0x221ae040,0xcac86ebd91cd0d72b05fe5bfb864e541f2472ba1a954d464710e8ec89d6e4210,13,97783128,0.572186688,1748262043005797,Solana,0.2557826,SOL,0,2,2025-05-26
cx88fd7df7ddff82f7cc735c871dc519838cb235bb,cxa0af3165c08318e988cb30993b3048335b94af6c,cx5faae53c4dbd1fbe4a2eb4aab6565030f10da5c6,0x21e4c59c11a085c,0xcac86ebd91cd0d72b05fe5bfb864e541f2472ba1a954d464710e8ec89d6e4210,11,97783128,0.15264338575268463,1748262043005797,Balanced Dollar,0.2557826,bnUSD,0,2,2025-05-26
cx65c9e3d4fea842e00add0d32a5b4c5e4e04c7a6b,cxa0af3165c08318e988cb30993b3048335b94af6c,cx21e94c08c03daee80c25d8ee3ea22a20786ec231,0x221ae040,0xcac86ebd91cd0d72b05fe5bfb864e541f2472ba1a954d464710e8ec89d6e4210,10,97783128,0.572186688,1748262043005797,Solana,0.2557826,SOL,0,2,2025-05-26
cx88fd7df7ddff82f7cc735c871dc519838cb235bb,cx21e94c08c03daee80c25d8ee3ea22a20786ec231,cxa0af3165c08318e988cb30993b3048335b94af6c,0x5843c29bc33cb1c7c,0xcac86ebd91cd0d72b05fe5bfb864e541f2472ba1a954d464710e8ec89d6e4210,9,97783128,101.76225716845643,1748262043005797,Balanced Dollar,0.2557826,bnUSD,0,2,2025-05-26
cx88fd7df7ddff82f7cc735c871dc519838cb235bb,cxa0af3165c08318e988cb30993b3048335b94af6c,cx5faae53c4dbd1fbe4a2eb4aab6565030f10da5c6,0x21fdea1e35c4b1f,0xcac86ebd91cd0d72b05fe5bfb864e541f2472ba1a954d464710e8ec89d6e4210,7,97783128,0.15308569923946372,1748262043005797,Balanced Dollar,0.2557826,bnUSD,0,2,2025-05-26
cx88fd7df7ddff82f7cc735c871dc519838cb235bb,cxa0af3165c08318e988cb30993b3048335b94af6c,cx21e94c08c03daee80c25d8ee3ea22a20786ec231,0x5843c29bc33cb1c7c,0xcac86ebd91cd0d72b05fe5bfb864e541f2472ba1a954d464710e8ec89d6e4210,6,97783128,101.76225716845643,1748262043005797,Balanced Dollar,0.2557826,bnUSD,0,2,2025-05-26
cx2609b924e33ef00b648a409245c7ea394c467824,cx21e94c08c03daee80c25d8ee3ea22a20786ec231,cxa0af3165c08318e988cb30993b3048335b94af6c,0x23eb6f4109de6b556e,0xcac86ebd91cd0d72b05fe5bfb864e541f2472ba1a954d464710e8ec89d6e4210,5,97783128,662.6008924118044,1748262043005797,Staked ICX,0.2557826,sICX,0,2,2025-05-26
cx2609b924e33ef00b648a409245c7ea394c467824,hx0000000000000000000000000000000000000000,cx21e94c08c03daee80c25d8ee3ea22a20786ec231,0x23eb6f4109de6b556e,0xcac86ebd91cd0d72b05fe5bfb864e541f2472ba1a954d464710e8ec89d6e4210,3,97783128,662.6008924118044,1748262043005797,Staked ICX,0.2557826,sICX,0,2,2025-05-26
cx88fd7df7ddff82f7cc735c871dc519838cb235bb,cx21e94c08c03daee80c25d8ee3ea22a20786ec231,hx4dc7903504bb800a462378348a42f53742759e0b,0x5848c61b7e21fcc49,0x84242462320be69fa03849d833d24bb503f56718211ee65f2537d9c0930fb3bd,9,97783128,101.78483672069439,1748262043005797,Balanced Dollar,0.20648595,bnUSD,0,1,2025-05-26
cx88fd7df7ddff82f7cc735c871dc519838cb235bb,cxa0af3165c08318e988cb30993b3048335b94af6c,cx5faae53c4dbd1fbe4a2eb4aab6565030f10da5c6,0x21ffd861df0b684,0x84242462320be69fa03849d833d24bb503f56718211ee65f2537d9c0930fb3bd,7,97783128,0.15311966482364583,1748262043005797,Balanced Dollar,0.20648595,bnUSD,0,1,2025-05-26
cx88fd7df7ddff82f7cc735c871dc519838cb235bb,cxa0af3165c08318e988cb30993b3048335b94af6c,cx21e94c08c03daee80c25d8ee3ea22a20786ec231,0x5848c61b7e21fcc49,0x84242462320be69fa03849d833d24bb503f56718211ee65f2537d9c0930fb3bd,6,97783128,101.78483672069439,1748262043005797,Balanced Dollar,0.20648595,bnUSD,0,1,2025-05-26
cx2609b924e33ef00b648a409245c7ea394c467824,cx21e94c08c03daee80c25d8ee3ea22a20786ec231,cxa0af3165c08318e988cb30993b3048335b94af6c,0x23eb6f4109de6b556e,0x84242462320be69fa03849d833d24bb503f56718211ee65f2537d9c0930fb3bd,5,97783128,662.6008924118044,1748262043005797,Staked ICX,0.20648595,sICX,0,1,2025-05-26
cx2609b924e33ef00b648a409245c7ea394c467824,hx0000000000000000000000000000000000000000,cx21e94c08c03daee80c25d8ee3ea22a20786ec231,0x23eb6f4109de6b556e,0x84242462320be69fa03849d833d24bb503f56718211ee65f2537d9c0930fb3bd,3,97783128,662.6008924118044,1748262043005797,Staked ICX,0.20648595,sICX,0,1,2025-05-26
cx88fd7df7ddff82f7cc735c871dc519838cb235bb,cxa0af3165c08318e988cb30993b3048335b94af6c,hx4dc7903504bb800a462378348a42f53742759e0b,0x45b9d2f31bae168,0x1adeb129933ef99fe5bc77d1f9aee83af81b792ac3ef544d1094a813dd92249b,3,97783090,0.31401742505573615,1748261966977908,Balanced Dollar,0.0347552125,bnUSD,0,3,2025-05-26
cx07b184a37f03c6ab681fcbd0b45aec6dc3eafbeb,hx4dc7903504bb800a462378348a42f53742759e0b,cxa0af3165c08318e988cb30993b3048335b94af6c,0x349b0331f5801,0x01b69cb1449e7e12ec01c14231040f43f12d95815da15ef39c95a754842e4120,0,97783090,0.000925446050895873,1748261966977908,Bitcoin,0.0215962625,BTC,0,2,2025-05-26
cx88fd7df7ddff82f7cc735c871dc519838cb235bb,hx4dc7903504bb800a462378348a42f53742759e0b,cxa0af3165c08318e988cb30993b3048335b94af6c,0x584780344ca504000,0xcbe79f443dcf18f89026cf50f09a78df2278e794b8e84b14dd9845ba74e65e20,0,97783090,101.77910337274643,1748261966977908,Balanced Dollar,0.02221895,bnUSD,0,1,2025-05-26
cx07b184a37f03c6ab681fcbd0b45aec6dc3eafbeb,cx21e94c08c03daee80c25d8ee3ea22a20786ec231,hx4dc7903504bb800a462378348a42f53742759e0b,0x34a1beafb0988,0x12b7678ccd20feb9ae086422f5a79d627c859d7cf916898eeab7d35c319e384b,13,97783088,0.000925908697024904,1748261962956654,Bitcoin,0.264024025,BTC,0,2,2025-05-26
cx88fd7df7ddff82f7cc735c871dc519838cb235bb,cxa0af3165c08318e988cb30993b3048335b94af6c,cx5faae53c4dbd1fbe4a2eb4aab6565030f10da5c6,0x21e89f803d17f67,0x12b7678ccd20feb9ae086422f5a79d627c859d7cf916898eeab7d35c319e384b,11,97783088,0.15271113568613157,1748261962956654,Balanced Dollar,0.264024025,bnUSD,0,2,2025-05-26
cx07b184a37f03c6ab681fcbd0b45aec6dc3eafbeb,cxa0af3165c08318e988cb30993b3048335b94af6c,cx21e94c08c03daee80c25d8ee3ea22a20786ec231,0x34a1beafb0988,0x12b7678ccd20feb9ae086422f5a79d627c859d7cf916898eeab7d35c319e384b,10,97783088,0.000925908697024904,1748261962956654,Bitcoin,0.264024025,BTC,0,2,2025-05-26
cx88fd7df7ddff82f7cc735c871dc519838cb235bb,cx21e94c08c03daee80c25d8ee3ea22a20786ec231,cxa0af3165c08318e988cb30993b3048335b94af6c,0x584dca089f1911d58,0x12b7678ccd20feb9ae086422f5a79d627c859d7cf916898eeab7d35c319e384b,9,97783088,101.80742379075437,1748261962956654,Balanced Dollar,0.264024025,bnUSD,0,2,2025-05-26
cx88fd7df7ddff82f7cc735c871dc519838cb235bb,cxa0af3165c08318e988cb30993b3048335b94af6c,cx5faae53c4dbd1fbe4a2eb4aab6565030f10da5c6,0x2201c6cfa89da42,0x12b7678ccd20feb9ae086422f5a79d627c859d7cf916898eeab7d35c319e384b,7,97783088,0.15315364171598086,1748261962956654,Balanced Dollar,0.264024025,bnUSD,0,2,2025-05-26
cx88fd7df7ddff82f7cc735c871dc519838cb235bb,cxa0af3165c08318e988cb30993b3048335b94af6c,cx21e94c08c03daee80c25d8ee3ea22a20786ec231,0x584dca089f1911d58,0x12b7678ccd20feb9ae086422f5a79d627c859d7cf916898eeab7d35c319e384b,6,97783088,101.80742379075437,1748261962956654,Balanced Dollar,0.264024025,bnUSD,0,2,2025-05-26
cx2609b924e33ef00b648a409245c7ea394c467824,cx21e94c08c03daee80c25d8ee3ea22a20786ec231,cxa0af3165c08318e988cb30993b3048335b94af6c,0x23eb6f4109de6b556e,0x12b7678ccd20feb9ae086422f5a79d627c859d7cf916898eeab7d35c319e384b,5,97783088,662.6008924118044,1748261962956654,Staked ICX,0.264024025,sICX,0,2,2025-05-26
cx2609b924e33ef00b648a409245c7ea394c467824,hx0000000000000000000000000000000000000000,cx21e94c08c03daee80c25d8ee3ea22a20786ec231,0x23eb6f4109de6b556e,0x12b7678ccd20feb9ae086422f5a79d627c859d7cf916898eeab7d35c319e384b,3,97783088,662.6008924118044,1748261962956654,Staked ICX,0.264024025,sICX,0,2,2025-05-26
cx88fd7df7ddff82f7cc735c871dc519838cb235bb,cx21e94c08c03daee80c25d8ee3ea22a20786ec231,hx4dc7903504bb800a462378348a42f53742759e0b,0x5852ce6332917ada3,0xefbabf7fa6c64809650780baaee4f9ae877d13f9460f9d446008533ade2aeedc,9,97783088,101.83001838197458,1748261962956654,Balanced Dollar,0.2064838875,bnUSD,0,1,2025-05-26
cx88fd7df7ddff82f7cc735c871dc519838cb235bb,cxa0af3165c08318e988cb30993b3048335b94af6c,cx5faae53c4dbd1fbe4a2eb4aab6565030f10da5c6,0x2203b567974536d,0xefbabf7fa6c64809650780baaee4f9ae877d13f9460f9d446008533ade2aeedc,7,97783088,0.15318762992148977,1748261962956654,Balanced Dollar,0.2064838875,bnUSD,0,1,2025-05-26
cx88fd7df7ddff82f7cc735c871dc519838cb235bb,cxa0af3165c08318e988cb30993b3048335b94af6c,cx21e94c08c03daee80c25d8ee3ea22a20786ec231,0x5852ce6332917ada3,0xefbabf7fa6c64809650780baaee4f9ae877d13f9460f9d446008533ade2aeedc,6,97783088,101.83001838197458,1748261962956654,Balanced Dollar,0.2064838875,bnUSD,0,1,2025-05-26
cx2609b924e33ef00b648a409245c7ea394c467824,cx21e94c08c03daee80c25d8ee3ea22a20786ec231,cxa0af3165c08318e988cb30993b3048335b94af6c,0x23eb6f4109de6b556e,0xefbabf7fa6c64809650780baaee4f9ae877d13f9460f9d446008533ade2aeedc,5,97783088,662.6008924118044,1748261962956654,Staked ICX,0.2064838875,sICX,0,1,2025-05-26
cx2609b924e33ef00b648a409245c7ea394c467824,hx0000000000000000000000000000000000000000,cx21e94c08c03daee80c25d8ee3ea22a20786ec231,0x23eb6f4109de6b556e,0xefbabf7fa6c64809650780baaee4f9ae877d13f9460f9d446008533ade2aeedc,3,97783088,662.6008924118044,1748261962956654,Staked ICX,0.2064838875,sICX,0,1,2025-05-26
cxd17316e24ee40f2ef8ed6f3a497311db1b35206d,hx9645117f1b0c7181a126c7f4f222caefc6ee7a61,hx0000000000000000000000000000000000000000,0x0,0x3b8c8fa8a2eec2763d5f211ff5a7b0f787d5ec7e6cff458390a957393ac58103,18,97782818,0.0,1748261420343279,unknown_token,0.081465775,$unknown,5,1,2025-05-26
cxd17316e24ee40f2ef8ed6f3a497311db1b35206d,hxf662476d85bc58ee7aa203810238e0b791afc1c8,hx0000000000000000000000000000000000000000,0x0,0x3b8c8fa8a2eec2763d5f211ff5a7b0f787d5ec7e6cff458390a957393ac58103,17,97782818,0.0,1748261420343279,unknown_token,0.081465775,$unknown,6,1,2025-05-26
cxd17316e24ee40f2ef8ed6f3a497311db1b35206d,hx66b0a5c1aa35aa0d4ce16bd81e89b6da5f2a379f,hx0000000000000000000000000000000000000000,0x0,0x3b8c8fa8a2eec2763d5f211ff5a7b0f787d5ec7e6cff458390a957393ac58103,16,97782818,0.0,1748261420343279,unknown_token,0.081465775,$unknown,34,1,2025-05-26
cxd17316e24ee40f2ef8ed6f3a497311db1b35206d,hx5f75e7ea5a055f6700716a2487b44261ed02dd72,hx0000000000000000000000000000000000000000,0x0,0x3b8c8fa8a2eec2763d5f211ff5a7b0f787d5ec7e6cff458390a957393ac58103,15,97782818,0.0,1748261420343279,unknown_token,0.081465775,$unknown,34,1,2025-05-26
cxd17316e24ee40f2ef8ed6f3a497311db1b35206d,hx3c72c692480ee86cef5aa9dcf48fdb3d6dd05e14,hx0000000000000000000000000000000000000000,0x0,0x3b8c8fa8a2eec2763d5f211ff5a7b0f787d5ec7e6cff458390a957393ac58103,14,97782818,0.0,1748261420343279,unknown_token,0.081465775,$unknown,34,1,2025-05-26
cxd17316e24ee40f2ef8ed6f3a497311db1b35206d,hx8026678e3d08ba3203ce6161ee8e9e3b9793491f,hx0000000000000000000000000000000000000000,0x0,0x3b8c8fa8a2eec2763d5f211ff5a7b0f787d5ec7e6cff458390a957393ac58103,13,97782818,0.0,1748261420343279,unknown_token,0.081465775,$unknown,34,1,2025-05-26
cxd17316e24ee40f2ef8ed6f3a497311db1b35206d,hx9645117f1b0c7181a126c7f4f222caefc6ee7a61,hx0000000000000000000000000000000000000000,0x0,0x3b8c8fa8a2eec2763d5f211ff5a7b0f787d5ec7e6cff458390a957393ac58103,12,97782818,0.0,1748261420343279,unknown_token,0.081465775,$unknown,34,1,2025-05-26
cx88fd7df7ddff82f7cc735c871dc519838cb235bb,cxa0af3165c08318e988cb30993b3048335b94af6c,hx4dc7903504bb800a462378348a42f53742759e0b,0x3f4a85cbf128cfb,0x4ba38e274ad5e881b652fe51baef8b276a510ba642e6628a070b03aa8a40fcf5,3,97782642,0.28503779272730545,1748261066017945,Balanced Dollar,0.0347379625,bnUSD,0,3,2025-05-26
cx65c9e3d4fea842e00add0d32a5b4c5e4e04c7a6b,hx4dc7903504bb800a462378348a42f53742759e0b,cxa0af3165c08318e988cb30993b3048335b94af6c,0x2225a41d,0x0918190224f5bb7226abd3801245d489de6fc941c1b8fcbbbb1d99e099f2647c,0,97782642,0.572892189,1748261066017945,Solana,0.0215575125,SOL,0,2,2025-05-26
cx88fd7df7ddff82f7cc735c871dc519838cb235bb,hx4dc7903504bb800a462378348a42f53742759e0b,cxa0af3165c08318e988cb30993b3048335b94af6c,0x585188e907d58c000,0xa0fa076b0707af9ec929826a190f0c345855d323c54db0cf94b99c9144dc51bf,0,97782642,101.82429252626264,1748261066017945,Balanced Dollar,0.02221895,bnUSD,0,1,2025-05-26
cx65c9e3d4fea842e00add0d32a5b4c5e4e04c7a6b,cx21e94c08c03daee80c25d8ee3ea22a20786ec231,hx4dc7903504bb800a462378348a42f53742759e0b,0x222a02dd,0x9b60f3253539cb3d1dbf28e95ac1598b1072815db75edd9f240191ad54f16757,13,97782640,0.573178589,1748261062021186,Solana,0.2534640125,SOL,0,2,2025-05-26
cx88fd7df7ddff82f7cc735c871dc519838cb235bb,cxa0af3165c08318e988cb30993b3048335b94af6c,cx5faae53c4dbd1fbe4a2eb4aab6565030f10da5c6,0x21ec7a0c84fc9e0,0x9b60f3253539cb3d1dbf28e95ac1598b1072815db75edd9f240191ad54f16757,11,97782640,0.15277893074654256,1748261062021186,Balanced Dollar,0.2534640125,bnUSD,0,2,2025-05-26
cx65c9e3d4fea842e00add0d32a5b4c5e4e04c7a6b,cxa0af3165c08318e988cb30993b3048335b94af6c,cx21e94c08c03daee80c25d8ee3ea22a20786ec231,0x222a02dd,0x9b60f3253539cb3d1dbf28e95ac1598b1072815db75edd9f240191ad54f16757,10,97782640,0.573178589,1748261062021186,Solana,0.2534640125,SOL,0,2,2025-05-26
cx88fd7df7ddff82f7cc735c871dc519838cb235bb,cx21e94c08c03daee80c25d8ee3ea22a20786ec231,cxa0af3165c08318e988cb30993b3048335b94af6c,0x5857d32b44fc86226,0x9b60f3253539cb3d1dbf28e95ac1598b1072815db75edd9f240191ad54f16757,9,97782640,101.85262049769504,1748261062021186,Balanced Dollar,0.2534640125,bnUSD,0,2,2025-05-26
cx88fd7df7ddff82f7cc735c871dc519838cb235bb,cxa0af3165c08318e988cb30993b3048335b94af6c,cx5faae53c4dbd1fbe4a2eb4aab6565030f10da5c6,0x2205a429afcc9f8,0x9b60f3253539cb3d1dbf28e95ac1598b1072815db75edd9f240191ad54f16757,7,97782640,0.15322162944519627,1748261062021186,Balanced Dollar,0.2534640125,bnUSD,0,2,2025-05-26
cx88fd7df7ddff82f7cc735c871dc519838cb235bb,cxa0af3165c08318e988cb30993b3048335b94af6c,cx21e94c08c03daee80c25d8ee3ea22a20786ec231,0x5857d32b44fc86226,0x9b60f3253539cb3d1dbf28e95ac1598b1072815db75edd9f240191ad54f16757,6,97782640,101.85262049769504,1748261062021186,Balanced Dollar,0.2534640125,bnUSD,0,2,2025-05-26
cx2609b924e33ef00b648a409245c7ea394c467824,cx21e94c08c03daee80c25d8ee3ea22a20786ec231,cxa0af3165c08318e988cb30993b3048335b94af6c,0x23eb6f4109de6b556e,0x9b60f3253539cb3d1dbf28e95ac1598b1072815db75edd9f240191ad54f16757,5,97782640,662.6008924118044,1748261062021186,Staked ICX,0.2534640125,sICX,0,2,2025-05-26
cx2609b924e33ef00b648a409245c7ea394c467824,hx0000000000000000000000000000000000000000,cx21e94c08c03daee80c25d8ee3ea22a20786ec231,0x23eb6f4109de6b556e,0x9b60f3253539cb3d1dbf28e95ac1598b1072815db75edd9f240191ad54f16757,3,97782640,662.6008924118044,1748261062021186,Staked ICX,0.2534640125,sICX,0,2,2025-05-26
cx88fd7df7ddff82f7cc735c871dc519838cb235bb,cx21e94c08c03daee80c25d8ee3ea22a20786ec231,hx4dc7903504bb800a462378348a42f53742759e0b,0x585cd860e2cd46bb1,0xe69a671f7964b09f5a37e762d43d30d280a8dc92007bb8e64ccd4548d855157b,14,97782640,101.87523014125765,1748261062021186,Balanced Dollar,0.2482506625,bnUSD,0,1,2025-05-26
cx88fd7df7ddff82f7cc735c871dc519838cb235bb,cx203d9cd2a669be67177e997b8948ce2c35caffae,cx835b300dcfe01f0bdb794e134a0c5628384f4367,0xdc7d4e205d7bbd7,0xe69a671f7964b09f5a37e762d43d30d280a8dc92007bb8e64ccd4548d855157b,11,97782640,0.9929963100842055,1748261062021186,Balanced Dollar,0.2482506625,bnUSD,0,1,2025-05-26
cx88fd7df7ddff82f7cc735c871dc519838cb235bb,cx5faae53c4dbd1fbe4a2eb4aab6565030f10da5c6,cx203d9cd2a669be67177e997b8948ce2c35caffae,0x13afc267760f9ea1,0xe69a671f7964b09f5a37e762d43d30d280a8dc92007bb8e64ccd4548d855157b,9,97782640,1.4185661572631507,1748261062021186,Balanced Dollar,0.2482506625,bnUSD,0,1,2025-05-26
cx88fd7df7ddff82f7cc735c871dc519838cb235bb,cx5faae53c4dbd1fbe4a2eb4aab6565030f10da5c6,cxdc30a0d3a1f131565c071272a20bc0b06fd4c17b,0x13afc267760f9ea1,0xe69a671f7964b09f5a37e762d43d30d280a8dc92007bb8e64ccd4548d855157b,8,97782640,1.4185661572631507,1748261062021186,Balanced Dollar,0.2482506625,bnUSD,0,1,2025-05-26
cx88fd7df7ddff82f7cc735c871dc519838cb235bb,cxa0af3165c08318e988cb30993b3048335b94af6c,cx5faae53c4dbd1fbe4a2eb4aab6565030f10da5c6,0x22079315f6ff0be,0xe69a671f7964b09f5a37e762d43d30d280a8dc92007bb8e64ccd4548d855157b,7,97782640,0.1532556402921269,1748261062021186,Balanced Dollar,0.2482506625,bnUSD,0,1,2025-05-26
cx88fd7df7ddff82f7cc735c871dc519838cb235bb,cxa0af3165c08318e988cb30993b3048335b94af6c,cx21e94c08c03daee80c25d8ee3ea22a20786ec231,0x585cd860e2cd46bb1,0xe69a671f7964b09f5a37e762d43d30d280a8dc92007bb8e64ccd4548d855157b,6,97782640,101.87523014125765,1748261062021186,Balanced Dollar,0.2482506625,bnUSD,0,1,2025-05-26
cx2609b924e33ef00b648a409245c7ea394c467824,cx21e94c08c03daee80c25d8ee3ea22a20786ec231,cxa0af3165c08318e988cb30993b3048335b94af6c,0x23eb6f4109de6b556e,0xe69a671f7964b09f5a37e762d43d30d280a8dc92007bb8e64ccd4548d855157b,5,97782640,662.6008924118044,1748261062021186,Staked ICX,0.2482506625,sICX,0,1,2025-05-26
cx2609b924e33ef00b648a409245c7ea394c467824,hx0000000000000000000000000000000000000000,cx21e94c08c03daee80c25d8ee3ea22a20786ec231,0x23eb6f4109de6b556e,0xe69a671f7964b09f5a37e762d43d30d280a8dc92007bb8e64ccd4548d855157b,3,97782640,662.6008924118044,1748261062021186,Staked ICX,0.2482506625,sICX,0,1,2025-05-26
cx88fd7df7ddff82f7cc735c871dc519838cb235bb,cxa0af3165c08318e988cb30993b3048335b94af6c,hx4dc7903504bb800a462378348a42f53742759e0b,0x3f4eda47c3c92d2,0xfde058a6c8c731b252ddf495fc6ef94d445c13dc17489be1e049d44a2e684003,3,97782533,0.28511396714594783,1748260846905497,Balanced Dollar,0.0347379625,bnUSD,0,3,2025-05-26
cx65c9e3d4fea842e00add0d32a5b4c5e4e04c7a6b,hx4dc7903504bb800a462378348a42f53742759e0b,cxa0af3165c08318e988cb30993b3048335b94af6c,0x2230ec0b,0x5a62c3ceb2af8258205ecd9f519dba04563f79d62c6056cadd83e89c1e734865,0,97782533,0.573631499,1748260846905497,Solana,0.0215575125,SOL,0,2,2025-05-26
cx88fd7df7ddff82f7cc735c871dc519838cb235bb,hx4dc7903504bb800a462378348a42f53742759e0b,cxa0af3165c08318e988cb30993b3048335b94af6c,0x585b9353e9a4c0000,0xffeed763291a5cf6b7c439b700c18e22872cc628e64a27b240d901353a993e65,0,97782533,101.86951178927656,1748260846905497,Balanced Dollar,0.02221895,bnUSD,0,1,2025-05-26
cx65c9e3d4fea842e00add0d32a5b4c5e4e04c7a6b,cx21e94c08c03daee80c25d8ee3ea22a20786ec231,hx4dc7903504bb800a462378348a42f53742759e0b,0x22354c3c,0xdbf5da198f3099c7fb0ea82adf316cf15ad8650640789c1440fe62910488f04e,13,97782531,0.573918268,1748260842774828,Solana,0.2534452,SOL,0,2,2025-05-26
cx88fd7df7ddff82f7cc735c871dc519838cb235bb,cxa0af3165c08318e988cb30993b3048335b94af6c,cx5faae53c4dbd1fbe4a2eb4aab6565030f10da5c6,0x21f055410f8a768,0xdbf5da198f3099c7fb0ea82adf316cf15ad8650640789c1440fe62910488f04e,11,97782531,0.1528467709740092,1748260842774828,Balanced Dollar,0.2534452,bnUSD,0,2,2025-05-26
cx65c9e3d4fea842e00add0d32a5b4c5e4e04c7a6b,cxa0af3165c08318e988cb30993b3048335b94af6c,cx21e94c08c03daee80c25d8ee3ea22a20786ec231,0x22354c3c,0xdbf5da198f3099c7fb0ea82adf316cf15ad8650640789c1440fe62910488f04e,10,97782531,0.573918268,1748260842774828,Solana,0.2534452,SOL,0,2,2025-05-26
cx88fd7df7ddff82f7cc735c871dc519838cb235bb,cx21e94c08c03daee80c25d8ee3ea22a20786ec231,cxa0af3165c08318e988cb30993b3048335b94af6c,0x5861de04187894bbb,0xdbf5da198f3099c7fb0ea82adf316cf15ad8650640789c1440fe62910488f04e,9,97782531,101.89784731600614,1748260842774828,Balanced Dollar,0.2534452,bnUSD,0,2,2025-05-26
cx88fd7df7ddff82f7cc735c871dc519838cb235bb,cxa0af3165c08318e988cb30993b3048335b94af6c,cx5faae53c4dbd1fbe4a2eb4aab6565030f10da5c6,0x2209822c71a8580,0xdbf5da198f3099c7fb0ea82adf316cf15ad8650640789c1440fe62910488f04e,7,97782531,0.153289662467311,1748260842774828,Balanced Dollar,0.2534452,bnUSD,0,2,2025-05-26
cx88fd7df7ddff82f7cc735c871dc519838cb235bb,cxa0af3165c08318e988cb30993b3048335b94af6c,cx21e94c08c03daee80c25d8ee3ea22a20786ec231,0x5861de04187894bbb,0xdbf5da198f3099c7fb0ea82adf316cf15ad8650640789c1440fe62910488f04e,6,97782531,101.89784731600614,1748260842774828,Balanced Dollar,0.2534452,bnUSD,0,2,2025-05-26
cx2609b924e33ef00b648a409245c7ea394c467824,cx21e94c08c03daee80c25d8ee3ea22a20786ec231,cxa0af3165c08318e988cb30993b3048335b94af6c,0x23eb6f4109de6b556e,0xdbf5da198f3099c7fb0ea82adf316cf15ad8650640789c1440fe62910488f04e,5,97782531,662.6008924118044,1748260842774828,Staked ICX,0.2534452,sICX,0,2,2025-05-26
cx2609b924e33ef00b648a409245c7ea394c467824,hx0000000000000000000000000000000000000000,cx21e94c08c03daee80c25d8ee3ea22a20786ec231,0x23eb6f4109de6b556e,0xdbf5da198f3099c7fb0ea82adf316cf15ad8650640789c1440fe62910488f04e,3,97782531,662.6008924118044,1748260842774828,Staked ICX,0.2534452,sICX,0,2,2025-05-26
cx88fd7df7ddff82f7cc735c871dc519838cb235bb,cx21e94c08c03daee80c25d8ee3ea22a20786ec231,hx4dc7903504bb800a462378348a42f53742759e0b,0x5866e414f2750d939,0x5f9f1624a208f95d53abbf690f29fe22d4aed43688a3fb085188c3a24e762aa7,9,97782531,101.9204720252861,1748260842774828,Balanced Dollar,0.2061325125,bnUSD,0,1,2025-05-26
cx88fd7df7ddff82f7cc735c871dc519838cb235bb,cxa0af3165c08318e988cb30993b3048335b94af6c,cx5faae53c4dbd1fbe4a2eb4aab6565030f10da5c6,0x220b716d24950e7,0x5f9f1624a208f95d53abbf690f29fe22d4aed43688a3fb085188c3a24e762aa7,7,97782531,0.15332369597578058,1748260842774828,Balanced Dollar,0.2061325125,bnUSD,0,1,2025-05-26
cx88fd7df7ddff82f7cc735c871dc519838cb235bb,cxa0af3165c08318e988cb30993b3048335b94af6c,cx21e94c08c03daee80c25d8ee3ea22a20786ec231,0x5866e414f2750d939,0x5f9f1624a208f95d53abbf690f29fe22d4aed43688a3fb085188c3a24e762aa7,6,97782531,101.9204720252861,1748260842774828,Balanced Dollar,0.2061325125,bnUSD,0,1,2025-05-26
cx2609b924e33ef00b648a409245c7ea394c467824,cx21e94c08c03daee80c25d8ee3ea22a20786ec231,cxa0af3165c08318e988cb30993b3048335b94af6c,0x23eb6f4109de6b556e,0x5f9f1624a208f95d53abbf690f29fe22d4aed43688a3fb085188c3a24e762aa7,5,97782531,662.6008924118044,1748260842774828,Staked ICX,0.2061325125,sICX,0,1,2025-05-26
cx2609b924e33ef00b648a409245c7ea394c467824,hx0000000000000000000000000000000000000000,cx21e94c08c03daee80c25d8ee3ea22a20786ec231,0x23eb6f4109de6b556e,0x5f9f1624a208f95d53abbf690f29fe22d4aed43688a3fb085188c3a24e762aa7,3,97782531,662.6008924118044,1748260842774828,Staked ICX,0.2061325125,sICX,0,1,2025-05-26
cx7baf94bd53b505353285ee4c4c050f9703581703,hx57d3b7ed838ee62c6cf00f327c4904b229075261,hx57d3b7ed838ee62c6cf00f327c4904b229075261,0x0,0xb3eec79f624859d7927a520226cac1080d0537a166d354c05dd80e6b27090572,1,97782522,0.0,1748260824743692,unknown_token,0.085071125,$unknown,15,1,2025-05-26
cx7baf94bd53b505353285ee4c4c050f9703581703,hxd2ab70a9d09d60aabec1b6c3dadc35e4bf33b6f1,hxd2ab70a9d09d60aabec1b6c3dadc35e4bf33b6f1,0x0,0x2734960d24c1bc261b61c9bb2d51f56cb08b9613568aa2db9dc9cdc2f08dd7af,1,97782494,0.0,1748260769478548,unknown_token,0.0837051875,$unknown,5,1,2025-05-26
cx88fd7df7ddff82f7cc735c871dc519838cb235bb,cxa0af3165c08318e988cb30993b3048335b94af6c,hx4dc7903504bb800a462378348a42f53742759e0b,0x3f532d55f9f1168,0x1e928d578054479f4f6e18dc3517b7af347f24e4effd2172ded016b2679fb967,3,97782234,0.28519004342157755,1748260247247403,Balanced Dollar,0.0347379625,bnUSD,0,3,2025-05-26
cx65c9e3d4fea842e00add0d32a5b4c5e4e04c7a6b,hx4dc7903504bb800a462378348a42f53742759e0b,cxa0af3165c08318e988cb30993b3048335b94af6c,0x223c3a5f,0x065a6a5464194717be1b6c6201cdcdaa32df041d13567212936585b40be2b1d9,0,97782234,0.574372447,1748260247247403,Solana,0.0215575125,SOL,0,2,2025-05-26
cx88fd7df7ddff82f7cc735c871dc519838cb235bb,hx4dc7903504bb800a462378348a42f53742759e0b,cxa0af3165c08318e988cb30993b3048335b94af6c,0x58659f7556a2e4000,0x5618cc96ba0b92df839396d643cb7d16e593c43982bcb05a1db56726dbb3ad6a,0,97782234,101.91476118878305,1748260247247403,Balanced Dollar,0.02221895,bnUSD,0,1,2025-05-26
cx65c9e3d4fea842e00add0d32a5b4c5e4e04c7a6b,cx21e94c08c03daee80c25d8ee3ea22a20786ec231,hx4dc7903504bb800a462378348a42f53742759e0b,0x22409c03,0x210b76615232c5ad338bd2e490937d948ee29746a9719ab590aaf93479f0ba72,13,97782232,0.574659587,1748260243281320,Solana,0.2534452,SOL,0,2,2025-05-26
cx88fd7df7ddff82f7cc735c871dc519838cb235bb,cxa0af3165c08318e988cb30993b3048335b94af6c,cx5faae53c4dbd1fbe4a2eb4aab6565030f10da5c6,0x21f4311e030859b,0x210b76615232c5ad338bd2e490937d948ee29746a9719ab590aaf93479f0ba72,11,97782232,0.15291465640866755,1748260243281320,Balanced Dollar,0.2534452,bnUSD,0,2,2025-05-26
cx65c9e3d4fea842e00add0d32a5b4c5e4e04c7a6b,cxa0af3165c08318e988cb30993b3048335b94af6c,cx21e94c08c03daee80c25d8ee3ea22a20786ec231,0x22409c03,0x210b76615232c5ad338bd2e490937d948ee29746a9719ab590aaf93479f0ba72,10,97782232,0.574659587,1748260243281320,Solana,0.2534452,SOL,0,2,2025-05-26
cx88fd7df7ddff82f7cc735c871dc519838cb235bb,cx21e94c08c03daee80c25d8ee3ea22a20786ec231,cxa0af3165c08318e988cb30993b3048335b94af6c,0x586bea937d3b14571,0x210b76615232c5ad338bd2e490937d948ee29746a9719ab590aaf93479f0ba72,9,97782232,101.94310427244503,1748260243281320,Balanced Dollar,0.2534452,bnUSD,0,2,2025-05-26
cx88fd7df7ddff82f7cc735c871dc519838cb235bb,cxa0af3165c08318e988cb30993b3048335b94af6c,cx5faae53c4dbd1fbe4a2eb4aab6565030f10da5c6,0x220d60d81492688,0x210b76615232c5ad338bd2e490937d948ee29746a9719ab590aaf93479f0ba72,7,97782232,0.15335774082257064,1748260243281320,Balanced Dollar,0.2534452,bnUSD,0,2,2025-05-26
cx88fd7df7ddff82f7cc735c871dc519838cb235bb,cxa0af3165c08318e988cb30993b3048335b94af6c,cx21e94c08c03daee80c25d8ee3ea22a20786ec231,0x586bea937d3b14571,0x210b76615232c5ad338bd2e490937d948ee29746a9719ab590aaf93479f0ba72,6,97782232,101.94310427244503,1748260243281320,Balanced Dollar,0.2534452,bnUSD,0,2,2025-05-26
cx2609b924e33ef00b648a409245c7ea394c467824,cx21e94c08c03daee80c25d8ee3ea22a20786ec231,cxa0af3165c08318e988cb30993b3048335b94af6c,0x23eb6f4109de6b556e,0x210b76615232c5ad338bd2e490937d948ee29746a9719ab590aaf93479f0ba72,5,97782232,662.6008924118044,1748260243281320,Staked ICX,0.2534452,sICX,0,2,2025-05-26
cx2609b924e33ef00b648a409245c7ea394c467824,hx0000000000000000000000000000000000000000,cx21e94c08c03daee80c25d8ee3ea22a20786ec231,0x23eb6f4109de6b556e,0x210b76615232c5ad338bd2e490937d948ee29746a9719ab590aaf93479f0ba72,3,97782232,662.6008924118044,1748260243281320,Staked ICX,0.2534452,sICX,0,2,2025-05-26
cx88fd7df7ddff82f7cc735c871dc519838cb235bb,cx21e94c08c03daee80c25d8ee3ea22a20786ec231,hx4dc7903504bb800a462378348a42f53742759e0b,0x5870f17fc544d20d1,0xf144a23e4e6c2e5ba049c96263b98b6bfde014c840f32341c4cfbec4363ebbf3,9,97782232,101.96574406083222,1748260243281320,Balanced Dollar,0.2061325125,bnUSD,0,1,2025-05-26
cx88fd7df7ddff82f7cc735c871dc519838cb235bb,cxa0af3165c08318e988cb30993b3048335b94af6c,cx5faae53c4dbd1fbe4a2eb4aab6565030f10da5c6,0x220f506d466e4e3,0xf144a23e4e6c2e5ba049c96263b98b6bfde014c840f32341c4cfbec4363ebbf3,7,97782232,0.15339179701271882,1748260243281320,Balanced Dollar,0.2061325125,bnUSD,0,1,2025-05-26
cx88fd7df7ddff82f7cc735c871dc519838cb235bb,cxa0af3165c08318e988cb30993b3048335b94af6c,cx21e94c08c03daee80c25d8ee3ea22a20786ec231,0x5870f17fc544d20d1,0xf144a23e4e6c2e5ba049c96263b98b6bfde014c840f32341c4cfbec4363ebbf3,6,97782232,101.96574406083222,1748260243281320,Balanced Dollar,0.2061325125,bnUSD,0,1,2025-05-26
cx2609b924e33ef00b648a409245c7ea394c467824,cx21e94c08c03daee80c25d8ee3ea22a20786ec231,cxa0af3165c08318e988cb30993b3048335b94af6c,0x23eb6f4109de6b556e,0xf144a23e4e6c2e5ba049c96263b98b6bfde014c840f32341c4cfbec4363ebbf3,5,97782232,662.6008924118044,1748260243281320,Staked ICX,0.2061325125,sICX,0,1,2025-05-26
cx2609b924e33ef00b648a409245c7ea394c467824,hx0000000000000000000000000000000000000000,cx21e94c08c03daee80c25d8ee3ea22a20786ec231,0x23eb6f4109de6b556e,0xf144a23e4e6c2e5ba049c96263b98b6bfde014c840f32341c4cfbec4363ebbf3,3,97782232,662.6008924118044,1748260243281320,Staked ICX,0.2061325125,sICX,0,1,2025-05-26
cx88fd7df7ddff82f7cc735c871dc519838cb235bb,cxa0af3165c08318e988cb30993b3048335b94af6c,hx4dc7903504bb800a462378348a42f53742759e0b,0x3f577d27022115e,0x905326e8bdfd62af4f93b12e4c9758ee9bbad70a8ab55eef055bcf6678b4d34c,3,97781940,0.2852658971160129,1748259656644083,Balanced Dollar,0.0347379625,bnUSD,0,3,2025-05-26
cx65c9e3d4fea842e00add0d32a5b4c5e4e04c7a6b,hx4dc7903504bb800a462378348a42f53742759e0b,cxa0af3165c08318e988cb30993b3048335b94af6c,0x22478f1f,0xdae840cd5b100047d13512a79dd6d2665f37e58927e9d14e0d4623c8fe46c1bd,0,97781940,0.575115039,1748259656644083,Solana,0.0215575125,SOL,0,2,2025-05-26
cx88fd7df7ddff82f7cc735c871dc519838cb235bb,hx4dc7903504bb800a462378348a42f53742759e0b,cxa0af3165c08318e988cb30993b3048335b94af6c,0x586fad4db28258000,0x3b586e5462454fc6d4689d124e182f6439172a999f7e7d465ab6177132a3f594,0,97781940,101.96004075154424,1748259656644083,Balanced Dollar,0.02221895,bnUSD,0,1,2025-05-26
cx65c9e3d4fea842e00add0d32a5b4c5e4e04c7a6b,cx21e94c08c03daee80c25d8ee3ea22a20786ec231,hx4dc7903504bb800a462378348a42f53742759e0b,0x224bf235,0xb0dcacd6b57c2020f0539b10847ea9febab9d76ef16264b51beb8f8555aee0df,13,97781938,0.575402549,1748259652582814,Solana,0.2534452,SOL,0,2,2025-05-26
cx88fd7df7ddff82f7cc735c871dc519838cb235bb,cxa0af3165c08318e988cb30993b3048335b94af6c,cx5faae53c4dbd1fbe4a2eb4aab6565030f10da5c6,0x21f80da385c8045,0xb0dcacd6b57c2020f0539b10847ea9febab9d76ef16264b51beb8f8555aee0df,11,97781938,0.1529825870906983,1748259652582814,Balanced Dollar,0.2534452,bnUSD,0,2,2025-05-26
cx65c9e3d4fea842e00add0d32a5b4c5e4e04c7a6b,cxa0af3165c08318e988cb30993b3048335b94af6c,cx21e94c08c03daee80c25d8ee3ea22a20786ec231,0x224bf235,0xb0dcacd6b57c2020f0539b10847ea9febab9d76ef16264b51beb8f8555aee0df,10,97781938,0.575402549,1748259652582814,Solana,0.2534452,SOL,0,2,2025-05-26
cx88fd7df7ddff82f7cc735c871dc519838cb235bb,cx21e94c08c03daee80c25d8ee3ea22a20786ec231,cxa0af3165c08318e988cb30993b3048335b94af6c,0x5875f8d9d70e35fc8,0xb0dcacd6b57c2020f0539b10847ea9febab9d76ef16264b51beb8f8555aee0df,9,97781938,101.98839139379888,1748259652582814,Balanced Dollar,0.2534452,bnUSD,0,2,2025-05-26
cx88fd7df7ddff82f7cc735c871dc519838cb235bb,cxa0af3165c08318e988cb30993b3048335b94af6c,cx5faae53c4dbd1fbe4a2eb4aab6565030f10da5c6,0x2211402cbef7569,0xb0dcacd6b57c2020f0539b10847ea9febab9d76ef16264b51beb8f8555aee0df,7,97781938,0.15342586455126564,1748259652582814,Balanced Dollar,0.2534452,bnUSD,0,2,2025-05-26
cx88fd7df7ddff82f7cc735c871dc519838cb235bb,cxa0af3165c08318e988cb30993b3048335b94af6c,cx21e94c08c03daee80c25d8ee3ea22a20786ec231,0x5875f8d9d70e35fc8,0xb0dcacd6b57c2020f0539b10847ea9febab9d76ef16264b51beb8f8555aee0df,6,97781938,101.98839139379888,1748259652582814,Balanced Dollar,0.2534452,bnUSD,0,2,2025-05-26
cx2609b924e33ef00b648a409245c7ea394c467824,cx21e94c08c03daee80c25d8ee3ea22a20786ec231,cxa0af3165c08318e988cb30993b3048335b94af6c,0x23eb6f4109de6b556e,0xb0dcacd6b57c2020f0539b10847ea9febab9d76ef16264b51beb8f8555aee0df,5,97781938,662.6008924118044,1748259652582814,Staked ICX,0.2534452,sICX,0,2,2025-05-26
cx2609b924e33ef00b648a409245c7ea394c467824,hx0000000000000000000000000000000000000000,cx21e94c08c03daee80c25d8ee3ea22a20786ec231,0x23eb6f4109de6b556e,0xb0dcacd6b57c2020f0539b10847ea9febab9d76ef16264b51beb8f8555aee0df,3,97781938,662.6008924118044,1748259652582814,Staked ICX,0.2534452,sICX,0,2,2025-05-26
cx88fd7df7ddff82f7cc735c871dc519838cb235bb,cx21e94c08c03daee80c25d8ee3ea22a20786ec231,hx4dc7903504bb800a462378348a42f53742759e0b,0x587b00a1bf14f5f9e,0x5a9d65ddbf4466842413e752cadb54a247bd3b978ef2b18ba4aef7a4dcac28e7,9,97781938,102.01104627469802,1748259652582814,Balanced Dollar,0.2061325125,bnUSD,0,1,2025-05-26
cx88fd7df7ddff82f7cc735c871dc519838cb235bb,cxa0af3165c08318e988cb30993b3048335b94af6c,cx5faae53c4dbd1fbe4a2eb4aab6565030f10da5c6,0x2213301682fcc78,0x5a9d65ddbf4466842413e752cadb54a247bd3b978ef2b18ba4aef7a4dcac28e7,7,97781938,0.1534599434432544,1748259652582814,Balanced Dollar,0.2061325125,bnUSD,0,1,2025-05-26
cx88fd7df7ddff82f7cc735c871dc519838cb235bb,cxa0af3165c08318e988cb30993b3048335b94af6c,cx21e94c08c03daee80c25d8ee3ea22a20786ec231,0x587b00a1bf14f5f9e,0x5a9d65ddbf4466842413e752cadb54a247bd3b978ef2b18ba4aef7a4dcac28e7,6,97781938,102.01104627469802,1748259652582814,Balanced Dollar,0.2061325125,bnUSD,0,1,2025-05-26
cx2609b924e33ef00b648a409245c7ea394c467824,cx21e94c08c03daee80c25d8ee3ea22a20786ec231,cxa0af3165c08318e988cb30993b3048335b94af6c,0x23eb6f4109de6b556e,0x5a9d65ddbf4466842413e752cadb54a247bd3b978ef2b18ba4aef7a4dcac28e7,5,97781938,662.6008924118044,1748259652582814,Staked ICX,0.2061325125,sICX,0,1,2025-05-26
cx2609b924e33ef00b648a409245c7ea394c467824,hx0000000000000000000000000000000000000000,cx21e94c08c03daee80c25d8ee3ea22a20786ec231,0x23eb6f4109de6b556e,0x5a9d65ddbf4466842413e752cadb54a247bd3b978ef2b18ba4aef7a4dcac28e7,3,97781938,662.6008924118044,1748259652582814,Staked ICX,0.2061325125,sICX,0,1,2025-05-26
cx88fd7df7ddff82f7cc735c871dc519838cb235bb,cxa0af3165c08318e988cb30993b3048335b94af6c,hx4dc7903504bb800a462378348a42f53742759e0b,0x3f5bcd1f241ae18,0x0c8574ef9abc02e409c1c73cd638b42c809f5d25de07f56d829b38ff08b67c95,3,97781935,0.285341761306472,1748259646575955,Balanced Dollar,0.0347379625,bnUSD,0,3,2025-05-26
cx65c9e3d4fea842e00add0d32a5b4c5e4e04c7a6b,hx4dc7903504bb800a462378348a42f53742759e0b,cxa0af3165c08318e988cb30993b3048335b94af6c,0x2252ea4f,0x69002ba106a5d49b50812833a5ab682021cee76135081c5a92e75d95719c140e,0,97781935,0.575859279,1748259646575955,Solana,0.0215575125,SOL,0,2,2025-05-26
cx88fd7df7ddff82f7cc735c871dc519838cb235bb,hx4dc7903504bb800a462378348a42f53742759e0b,cxa0af3165c08318e988cb30993b3048335b94af6c,0x5879bcdd60f57c000,0xcea031003812cfd14b612ee3dae03d93f4975772963e2d033bba342c7c103fc7,0,97781935,102.00535050432228,1748259646575955,Balanced Dollar,0.02221895,bnUSD,0,1,2025-05-26
cx65c9e3d4fea842e00add0d32a5b4c5e4e04c7a6b,cx21e94c08c03daee80c25d8ee3ea22a20786ec231,hx4dc7903504bb800a462378348a42f53742759e0b,0x22574ed9,0xfa487bf315869ce13f749fc71691f2c10963263bbf9f0a4aa4af20a047689fc0,13,97781933,0.576147161,1748259642982362,Solana,0.2534452,SOL,0,2,2025-05-26
cx88fd7df7ddff82f7cc735c871dc519838cb235bb,cxa0af3165c08318e988cb30993b3048335b94af6c,cx5faae53c4dbd1fbe4a2eb4aab6565030f10da5c6,0x21fbead1be261a2,0xfa487bf315869ce13f749fc71691f2c10963263bbf9f0a4aa4af20a047689fc0,11,97781933,0.15305056306032683,1748259642982362,Balanced Dollar,0.2534452,bnUSD,0,2,2025-05-26
cx65c9e3d4fea842e00add0d32a5b4c5e4e04c7a6b,cxa0af3165c08318e988cb30993b3048335b94af6c,cx21e94c08c03daee80c25d8ee3ea22a20786ec231,0x22574ed9,0xfa487bf315869ce13f749fc71691f2c10963263bbf9f0a4aa4af20a047689fc0,10,97781933,0.576147161,1748259642982362,Solana,0.2534452,SOL,0,2,2025-05-26
cx88fd7df7ddff82f7cc735c871dc519838cb235bb,cx21e94c08c03daee80c25d8ee3ea22a20786ec231,cxa0af3165c08318e988cb30993b3048335b94af6c,0x588008d789d88eb4d,0xfa487bf315869ce13f749fc71691f2c10963263bbf9f0a4aa4af20a047689fc0,9,97781933,102.03370870688454,1748259642982362,Balanced Dollar,0.2534452,bnUSD,0,2,2025-05-26
cx88fd7df7ddff82f7cc735c871dc519838cb235bb,cxa0af3165c08318e988cb30993b3048335b94af6c,cx5faae53c4dbd1fbe4a2eb4aab6565030f10da5c6,0x2215202a974e962,0xfa487bf315869ce13f749fc71691f2c10963263bbf9f0a4aa4af20a047689fc0,7,97781933,0.15349403369373116,1748259642982362,Balanced Dollar,0.2534452,bnUSD,0,2,2025-05-26
cx88fd7df7ddff82f7cc735c871dc519838cb235bb,cxa0af3165c08318e988cb30993b3048335b94af6c,cx21e94c08c03daee80c25d8ee3ea22a20786ec231,0x588008d789d88eb4d,0xfa487bf315869ce13f749fc71691f2c10963263bbf9f0a4aa4af20a047689fc0,6,97781933,102.03370870688454,1748259642982362,Balanced Dollar,0.2534452,bnUSD,0,2,2025-05-26
cx2609b924e33ef00b648a409245c7ea394c467824,cx21e94c08c03daee80c25d8ee3ea22a20786ec231,cxa0af3165c08318e988cb30993b3048335b94af6c,0x23eb6f4109de6b556e,0xfa487bf315869ce13f749fc71691f2c10963263bbf9f0a4aa4af20a047689fc0,5,97781933,662.6008924118044,1748259642982362,Staked ICX,0.2534452,sICX,0,2,2025-05-26
cx2609b924e33ef00b648a409245c7ea394c467824,hx0000000000000000000000000000000000000000,cx21e94c08c03daee80c25d8ee3ea22a20786ec231,0x23eb6f4109de6b556e,0xfa487bf315869ce13f749fc71691f2c10963263bbf9f0a4aa4af20a047689fc0,3,97781933,662.6008924118044,1748259642982362,Staked ICX,0.2534452,sICX,0,2,2025-05-26
cx88fd7df7ddff82f7cc735c871dc519838cb235bb,cx21e94c08c03daee80c25d8ee3ea22a20786ec231,hx4dc7903504bb800a462378348a42f53742759e0b,0x5885117b43da4405b,0x3951e72ad0d1be188cfc6cb7a814eb1915b3c3c88c69985147f129cb97e226c0,9,97781933,102.05637869371525,1748259642982362,Balanced Dollar,0.2061325125,bnUSD,0,1,2025-05-26
cx88fd7df7ddff82f7cc735c871dc519838cb235bb,cxa0af3165c08318e988cb30993b3048335b94af6c,cx5faae53c4dbd1fbe4a2eb4aab6565030f10da5c6,0x2217106900bd66c,0x3951e72ad0d1be188cfc6cb7a814eb1915b3c3c88c69985147f129cb97e226c0,7,97781933,0.15352813530774487,1748259642982362,Balanced Dollar,0.2061325125,bnUSD,0,1,2025-05-26
cx88fd7df7ddff82f7cc735c871dc519838cb235bb,cxa0af3165c08318e988cb30993b3048335b94af6c,cx21e94c08c03daee80c25d8ee3ea22a20786ec231,0x5885117b43da4405b,0x3951e72ad0d1be188cfc6cb7a814eb1915b3c3c88c69985147f129cb97e226c0,6,97781933,102.05637869371525,1748259642982362,Balanced Dollar,0.2061325125,bnUSD,0,1,2025-05-26
cx2609b924e33ef00b648a409245c7ea394c467824,cx21e94c08c03daee80c25d8ee3ea22a20786ec231,cxa0af3165c08318e988cb30993b3048335b94af6c,0x23eb6f4109de6b556e,0x3951e72ad0d1be188cfc6cb7a814eb1915b3c3c88c69985147f129cb97e226c0,5,97781933,662.6008924118044,1748259642982362,Staked ICX,0.2061325125,sICX,0,1,2025-05-26
cx2609b924e33ef00b648a409245c7ea394c467824,hx0000000000000000000000000000000000000000,cx21e94c08c03daee80c25d8ee3ea22a20786ec231,0x23eb6f4109de6b556e,0x3951e72ad0d1be188cfc6cb7a814eb1915b3c3c88c69985147f129cb97e226c0,3,97781933,662.6008924118044,1748259642982362,Staked ICX,0.2061325125,sICX,0,1,2025-05-26
cx88fd7df7ddff82f7cc735c871dc519838cb235bb,cxa0af3165c08318e988cb30993b3048335b94af6c,cx5faae53c4dbd1fbe4a2eb4aab6565030f10da5c6,0x3bb5835920da042,0xad80da911ff3292772f2e2032d5b693a4e51511451984cdd02e2ea4d29e0211d,2,97781779,0.26890558986555396,1748259332105348,Balanced Dollar,0.04738125,bnUSD,0,1,2025-05-26
cx88fd7df7ddff82f7cc735c871dc519838cb235bb,cxa0af3165c08318e988cb30993b3048335b94af6c,hxd75467e3e4ce64e3424c747dfb71503017440433,0x9b1e2bf6c08c98a05,0xad80da911ff3292772f2e2032d5b693a4e51511451984cdd02e2ea4d29e0211d,1,97781779,178.8387146235606,1748259332105348,Balanced Dollar,0.04738125,bnUSD,0,1,2025-05-26
cx508002ec116fbf3ab406329c0df28e70d7e75fb3,hxd75467e3e4ce64e3424c747dfb71503017440433,cxa0af3165c08318e988cb30993b3048335b94af6c,0xba43b7400,0xad80da911ff3292772f2e2032d5b693a4e51511451984cdd02e2ea4d29e0211d,0,97781779,50.0,1748259332105348,Sui,0.04738125,SUI,0,1,2025-05-26
cx88fd7df7ddff82f7cc735c871dc519838cb235bb,cxa0af3165c08318e988cb30993b3048335b94af6c,cx5faae53c4dbd1fbe4a2eb4aab6565030f10da5c6,0x3bc7a87af1b6e6e,0x6d6ee3969ac0a4e96cf80ecf74502e4a7f6ab21611eb711e113517be64695ea3,2,97781758,0.26922480091237133,1748259290283326,Balanced Dollar,0.04738525,bnUSD,0,1,2025-05-26
cx88fd7df7ddff82f7cc735c871dc519838cb235bb,cxa0af3165c08318e988cb30993b3048335b94af6c,hxd75467e3e4ce64e3424c747dfb71503017440433,0x9b4d531f4d0d47151,0x6d6ee3969ac0a4e96cf80ecf74502e4a7f6ab21611eb711e113517be64695ea3,1,97781758,179.05107268779773,1748259290283326,Balanced Dollar,0.04738525,bnUSD,0,1,2025-05-26
cx508002ec116fbf3ab406329c0df28e70d7e75fb3,hxd75467e3e4ce64e3424c747dfb71503017440433,cxa0af3165c08318e988cb30993b3048335b94af6c,0xba43b7400,0x6d6ee3969ac0a4e96cf80ecf74502e4a7f6ab21611eb711e113517be64695ea3,0,97781758,50.0,1748259290283326,Sui,0.04738525,SUI,0,1,2025-05-26
cx88fd7df7ddff82f7cc735c871dc519838cb235bb,cxa0af3165c08318e988cb30993b3048335b94af6c,hx4dc7903504bb800a462378348a42f53742759e0b,0x3f601e1e79cc7c3,0x85a191555e06e80722f01f8daf405d0a66c9b9f5ea4c95e3455192fae8dee003,3,97781637,0.2854176961496862,1748259046710147,Balanced Dollar,0.0347379625,bnUSD,0,3,2025-05-26
cx65c9e3d4fea842e00add0d32a5b4c5e4e04c7a6b,hx4dc7903504bb800a462378348a42f53742759e0b,cxa0af3165c08318e988cb30993b3048335b94af6c,0x225e4bf4,0x51f9b08e9176e20211f4ea6af23f5aa01eb788a350fed9cf22329791912cf60d,0,97781637,0.576605172,1748259046710147,Solana,0.0215575125,SOL,0,2,2025-05-26
cx88fd7df7ddff82f7cc735c871dc519838cb235bb,hx4dc7903504bb800a462378348a42f53742759e0b,cxa0af3165c08318e988cb30993b3048335b94af6c,0x5883ce24c68c94000,0xb813daaac6f54c9485cfbcb649fd7fab49a0029d71ccb28a3b4f459ee9e080eb,0,97781637,102.050690474112,1748259046710147,Balanced Dollar,0.02221895,bnUSD,0,1,2025-05-26
cx65c9e3d4fea842e00add0d32a5b4c5e4e04c7a6b,cx21e94c08c03daee80c25d8ee3ea22a20786ec231,hx4dc7903504bb800a462378348a42f53742759e0b,0x2262b1f4,0x2f693a056ffad5f960cab755f0c9e7fbf166e5bb07cf46de1d3b4bac7645b67b,13,97781635,0.576893428,1748259042704610,Solana,0.253523875,SOL,0,2,2025-05-26
cx88fd7df7ddff82f7cc735c871dc519838cb235bb,cxa0af3165c08318e988cb30993b3048335b94af6c,cx5faae53c4dbd1fbe4a2eb4aab6565030f10da5c6,0x21ffc8a8d28a296,0x2f693a056ffad5f960cab755f0c9e7fbf166e5bb07cf46de1d3b4bac7645b67b,11,97781635,0.15311858435782313,1748259042704610,Balanced Dollar,0.253523875,bnUSD,0,2,2025-05-26
cx65c9e3d4fea842e00add0d32a5b4c5e4e04c7a6b,cxa0af3165c08318e988cb30993b3048335b94af6c,cx21e94c08c03daee80c25d8ee3ea22a20786ec231,0x2262b1f4,0x2f693a056ffad5f960cab755f0c9e7fbf166e5bb07cf46de1d3b4bac7645b67b,10,97781635,0.576893428,1748259042704610,Solana,0.253523875,SOL,0,2,2025-05-26
cx88fd7df7ddff82f7cc735c871dc519838cb235bb,cx21e94c08c03daee80c25d8ee3ea22a20786ec231,cxa0af3165c08318e988cb30993b3048335b94af6c,0x588a1a8cf99d213b6,0x2f693a056ffad5f960cab755f0c9e7fbf166e5bb07cf46de1d3b4bac7645b67b,9,97781635,102.07905623854874,1748259042704610,Balanced Dollar,0.253523875,bnUSD,0,2,2025-05-26
cx88fd7df7ddff82f7cc735c871dc519838cb235bb,cxa0af3165c08318e988cb30993b3048335b94af6c,cx5faae53c4dbd1fbe4a2eb4aab6565030f10da5c6,0x221900d1c41a8d3,0x2f693a056ffad5f960cab755f0c9e7fbf166e5bb07cf46de1d3b4bac7645b67b,7,97781635,0.15356224829034723,1748259042704610,Balanced Dollar,0.253523875,bnUSD,0,2,2025-05-26
cx88fd7df7ddff82f7cc735c871dc519838cb235bb,cxa0af3165c08318e988cb30993b3048335b94af6c,cx21e94c08c03daee80c25d8ee3ea22a20786ec231,0x588a1a8cf99d213b6,0x2f693a056ffad5f960cab755f0c9e7fbf166e5bb07cf46de1d3b4bac7645b67b,6,97781635,102.07905623854874,1748259042704610,Balanced Dollar,0.253523875,bnUSD,0,2,2025-05-26
cx2609b924e33ef00b648a409245c7ea394c467824,cx21e94c08c03daee80c25d8ee3ea22a20786ec231,cxa0af3165c08318e988cb30993b3048335b94af6c,0x23eb6f4109de6b556e,0x2f693a056ffad5f960cab755f0c9e7fbf166e5bb07cf46de1d3b4bac7645b67b,5,97781635,662.6008924118044,1748259042704610,Staked ICX,0.253523875,sICX,0,2,2025-05-26
cx2609b924e33ef00b648a409245c7ea394c467824,hx0000000000000000000000000000000000000000,cx21e94c08c03daee80c25d8ee3ea22a20786ec231,0x23eb6f4109de6b556e,0x2f693a056ffad5f960cab755f0c9e7fbf166e5bb07cf46de1d3b4bac7645b67b,3,97781635,662.6008924118044,1748259042704610,Staked ICX,0.253523875,sICX,0,2,2025-05-26
cx88fd7df7ddff82f7cc735c871dc519838cb235bb,cx21e94c08c03daee80c25d8ee3ea22a20786ec231,hx4dc7903504bb800a462378348a42f53742759e0b,0x588f240cb7a5f9693,0xb3898ae1d84d087898a7abcfff82ffb5055780e6cf0104709e33ba711bc02c08,14,97781635,102.10174134474556,1748259042704610,Balanced Dollar,0.24833165,bnUSD,0,1,2025-05-26
cx88fd7df7ddff82f7cc735c871dc519838cb235bb,cx203d9cd2a669be67177e997b8948ce2c35caffae,cx835b300dcfe01f0bdb794e134a0c5628384f4367,0xfbe12f4203bd349,0xb3898ae1d84d087898a7abcfff82ffb5055780e6cf0104709e33ba711bc02c08,11,97781635,1.1343649958660555,1748259042704610,Balanced Dollar,0.24833165,bnUSD,0,1,2025-05-26
cx88fd7df7ddff82f7cc735c871dc519838cb235bb,cx5faae53c4dbd1fbe4a2eb4aab6565030f10da5c6,cx203d9cd2a669be67177e997b8948ce2c35caffae,0x167d3fa5e4e7c020,0xb3898ae1d84d087898a7abcfff82ffb5055780e6cf0104709e33ba711bc02c08,9,97781635,1.6205214226657936,1748259042704610,Balanced Dollar,0.24833165,bnUSD,0,1,2025-05-26
cx88fd7df7ddff82f7cc735c871dc519838cb235bb,cx5faae53c4dbd1fbe4a2eb4aab6565030f10da5c6,cxdc30a0d3a1f131565c071272a20bc0b06fd4c17b,0x167d3fa5e4e7c01f,0xb3898ae1d84d087898a7abcfff82ffb5055780e6cf0104709e33ba711bc02c08,8,97781635,1.6205214226657936,1748259042704610,Balanced Dollar,0.24833165,bnUSD,0,1,2025-05-26
cx88fd7df7ddff82f7cc735c871dc519838cb235bb,cxa0af3165c08318e988cb30993b3048335b94af6c,cx5faae53c4dbd1fbe4a2eb4aab6565030f10da5c6,0x221af164e6380c9,0xb3898ae1d84d087898a7abcfff82ffb5055780e6cf0104709e33ba711bc02c08,7,97781635,0.1535963726465927,1748259042704610,Balanced Dollar,0.24833165,bnUSD,0,1,2025-05-26
cx88fd7df7ddff82f7cc735c871dc519838cb235bb,cxa0af3165c08318e988cb30993b3048335b94af6c,cx21e94c08c03daee80c25d8ee3ea22a20786ec231,0x588f240cb7a5f9693,0xb3898ae1d84d087898a7abcfff82ffb5055780e6cf0104709e33ba711bc02c08,6,97781635,102.10174134474556,1748259042704610,Balanced Dollar,0.24833165,bnUSD,0,1,2025-05-26
cx2609b924e33ef00b648a409245c7ea394c467824,cx21e94c08c03daee80c25d8ee3ea22a20786ec231,cxa0af3165c08318e988cb30993b3048335b94af6c,0x23eb6f4109de6b556e,0xb3898ae1d84d087898a7abcfff82ffb5055780e6cf0104709e33ba711bc02c08,5,97781635,662.6008924118044,1748259042704610,Staked ICX,0.24833165,sICX,0,1,2025-05-26
cx2609b924e33ef00b648a409245c7ea394c467824,hx0000000000000000000000000000000000000000,cx21e94c08c03daee80c25d8ee3ea22a20786ec231,0x23eb6f4109de6b556e,0xb3898ae1d84d087898a7abcfff82ffb5055780e6cf0104709e33ba711bc02c08,3,97781635,662.6008924118044,1748259042704610,Staked ICX,0.24833165,sICX,0,1,2025-05-26
cx7baf94bd53b505353285ee4c4c050f9703581703,hx9645117f1b0c7181a126c7f4f222caefc6ee7a61,hx9645117f1b0c7181a126c7f4f222caefc6ee7a61,0x0,0xb830ca42e5838699e17017e6b745e3d6a6439aa9cb1e066e6592e5fb24338306,2,97781350,0.0,1748258470183629,unknown_token,0.09322735,$unknown,33,1,2025-05-26
cx7baf94bd53b505353285ee4c4c050f9703581703,hx9645117f1b0c7181a126c7f4f222caefc6ee7a61,hx9645117f1b0c7181a126c7f4f222caefc6ee7a61,0x0,0xb830ca42e5838699e17017e6b745e3d6a6439aa9cb1e066e6592e5fb24338306,1,97781350,0.0,1748258470183629,unknown_token,0.09322735,$unknown,5,1,2025-05-26
cx7baf94bd53b505353285ee4c4c050f9703581703,hx3c72c692480ee86cef5aa9dcf48fdb3d6dd05e14,hx3c72c692480ee86cef5aa9dcf48fdb3d6dd05e14,0x0,0x49814ac2f434e2d849144f338e9ba718101a6afce806f89cd13c7a081a476679,2,97781151,0.0,1748258069459271,unknown_token,0.0901658375,$unknown,31,1,2025-05-26
cx7baf94bd53b505353285ee4c4c050f9703581703,hx3c72c692480ee86cef5aa9dcf48fdb3d6dd05e14,hx3c72c692480ee86cef5aa9dcf48fdb3d6dd05e14,0x0,0x49814ac2f434e2d849144f338e9ba718101a6afce806f89cd13c7a081a476679,1,97781151,0.0,1748258069459271,unknown_token,0.0901658375,$unknown,21,1,2025-05-26
cxf61cd5a45dc9f91c15aa65831a30a90d59a09619,cx9345f80d6c98357ccbb70392b14162199c2c5f66,cxd82fb5d3effecd8c9071a4bba3856ad7222c4b91,0x218adb4d120309e,0x9b5e9621aff0bcd8cdde9a3ad848c29c5dd523efb09e584aa67deff3c326c83e,4,97780986,0.1510615796311779,1748257736907694,Balance Token,0.1306366125,BALN,0,1,2025-05-26
cx2609b924e33ef00b648a409245c7ea394c467824,cx9345f80d6c98357ccbb70392b14162199c2c5f66,cxd82fb5d3effecd8c9071a4bba3856ad7222c4b91,0x233a9aab62c13fe1,0x9b5e9621aff0bcd8cdde9a3ad848c29c5dd523efb09e584aa67deff3c326c83e,3,97780986,2.5385114008636127,1748257736907694,Staked ICX,0.1306366125,sICX,0,1,2025-05-26
cx88fd7df7ddff82f7cc735c871dc519838cb235bb,hx0000000000000000000000000000000000000000,cx5faae53c4dbd1fbe4a2eb4aab6565030f10da5c6,0x0,0x9b5e9621aff0bcd8cdde9a3ad848c29c5dd523efb09e584aa67deff3c326c83e,2,97780986,0.0,1748257736907694,Balanced Dollar,0.1306366125,bnUSD,0,1,2025-05-26
cx88fd7df7ddff82f7cc735c871dc519838cb235bb,hx0000000000000000000000000000000000000000,cxd82fb5d3effecd8c9071a4bba3856ad7222c4b91,0x35e505b185b1fa3,0x9b5e9621aff0bcd8cdde9a3ad848c29c5dd523efb09e584aa67deff3c326c83e,1,97780986,0.24271978210545656,1748257736907694,Balanced Dollar,0.1306366125,bnUSD,0,1,2025-05-26
cx88fd7df7ddff82f7cc735c871dc519838cb235bb,hxd75467e3e4ce64e3424c747dfb71503017440433,cxd82fb5d3effecd8c9071a4bba3856ad7222c4b91,0x4117a9439d05b40000,0x9b5e9621aff0bcd8cdde9a3ad848c29c5dd523efb09e584aa67deff3c326c83e,0,97780986,1200.7433330667418,1748257736907694,Balanced Dollar,0.1306366125,bnUSD,0,1,2025-05-26
cxf61cd5a45dc9f91c15aa65831a30a90d59a09619,cxd82fb5d3effecd8c9071a4bba3856ad7222c4b91,hx9617803890b0c6909ca34e07c7a4b5acd4514e51,0x426a222eb0d899,0x77a20298653792718316d81fae2f47a3f9ac862926bcb2c487da24001ba451a7,6,97780915,0.018694043507677338,1748257594866379,Balance Token,0.16103035,BALN,0,1,2025-05-26
cx88fd7df7ddff82f7cc735c871dc519838cb235bb,cxd82fb5d3effecd8c9071a4bba3856ad7222c4b91,hx9617803890b0c6909ca34e07c7a4b5acd4514e51,0x6ccb75d8696b09,0x77a20298653792718316d81fae2f47a3f9ac862926bcb2c487da24001ba451a7,5,97780915,0.030623004487150347,1748257594866379,Balanced Dollar,0.16103035,bnUSD,0,1,2025-05-26
cx2609b924e33ef00b648a409245c7ea394c467824,cxd82fb5d3effecd8c9071a4bba3856ad7222c4b91,hx9617803890b0c6909ca34e07c7a4b5acd4514e51,0x3fc18161beeb00e,0x77a20298653792718316d81fae2f47a3f9ac862926bcb2c487da24001ba451a7,4,97780915,0.28713095948184375,1748257594866379,Staked ICX,0.16103035,sICX,0,1,2025-05-26
cxf61cd5a45dc9f91c15aa65831a30a90d59a09619,cx9345f80d6c98357ccbb70392b14162199c2c5f66,cxd82fb5d3effecd8c9071a4bba3856ad7222c4b91,0x440798b9282302,0x77a20298653792718316d81fae2f47a3f9ac862926bcb2c487da24001ba451a7,3,97780915,0.019148650939163393,1748257594866379,Balance Token,0.16103035,BALN,0,1,2025-05-26
cx2609b924e33ef00b648a409245c7ea394c467824,cx9345f80d6c98357ccbb70392b14162199c2c5f66,cxd82fb5d3effecd8c9071a4bba3856ad7222c4b91,0x477340e83810f4f,0x77a20298653792718316d81fae2f47a3f9ac862926bcb2c487da24001ba451a7,2,97780915,0.32178313532073965,1748257594866379,Staked ICX,0.16103035,sICX,0,1,2025-05-26
cx88fd7df7ddff82f7cc735c871dc519838cb235bb,hx0000000000000000000000000000000000000000,cx5faae53c4dbd1fbe4a2eb4aab6565030f10da5c6,0x0,0x77a20298653792718316d81fae2f47a3f9ac862926bcb2c487da24001ba451a7,1,97780915,0.0,1748257594866379,Balanced Dollar,0.16103035,bnUSD,0,1,2025-05-26
cx88fd7df7ddff82f7cc735c871dc519838cb235bb,hx0000000000000000000000000000000000000000,cxd82fb5d3effecd8c9071a4bba3856ad7222c4b91,0x6d69e29fe01c1f,0x77a20298653792718316d81fae2f47a3f9ac862926bcb2c487da24001ba451a7,0,97780915,0.030797194527251485,1748257594866379,Balanced Dollar,0.16103035,bnUSD,0,1,2025-05-26
cxf61cd5a45dc9f91c15aa65831a30a90d59a09619,cx9345f80d6c98357ccbb70392b14162199c2c5f66,cxd82fb5d3effecd8c9071a4bba3856ad7222c4b91,0xae53775a76d9b52,0x8cabcc9e156edeb5d66bbef3fa17abdbbc694e8e8fe0b56be4c8b9b85e363138,4,97780906,0.7850946885056992,1748257576843645,Balance Token,0.13061205,BALN,0,1,2025-05-26
cx2609b924e33ef00b648a409245c7ea394c467824,cx9345f80d6c98357ccbb70392b14162199c2c5f66,cxd82fb5d3effecd8c9071a4bba3856ad7222c4b91,0x8f65879929692477,0x8cabcc9e156edeb5d66bbef3fa17abdbbc694e8e8fe0b56be4c8b9b85e363138,3,97780906,10.332814011965974,1748257576843645,Staked ICX,0.13061205,sICX,0,1,2025-05-26
cx88fd7df7ddff82f7cc735c871dc519838cb235bb,hx0000000000000000000000000000000000000000,cx5faae53c4dbd1fbe4a2eb4aab6565030f10da5c6,0x0,0x8cabcc9e156edeb5d66bbef3fa17abdbbc694e8e8fe0b56be4c8b9b85e363138,2,97780906,0.0,1748257576843645,Balanced Dollar,0.13061205,bnUSD,0,1,2025-05-26
cx88fd7df7ddff82f7cc735c871dc519838cb235bb,hx0000000000000000000000000000000000000000,cxd82fb5d3effecd8c9071a4bba3856ad7222c4b91,0x119ebafb40736229,0x8cabcc9e156edeb5d66bbef3fa17abdbbc694e8e8fe0b56be4c8b9b85e363138,1,97780906,1.2696577332459198,1748257576843645,Balanced Dollar,0.13061205,bnUSD,0,1,2025-05-26
cx88fd7df7ddff82f7cc735c871dc519838cb235bb,hx9617803890b0c6909ca34e07c7a4b5acd4514e51,cxd82fb5d3effecd8c9071a4bba3856ad7222c4b91,0x62f1126a28f268a,0x8cabcc9e156edeb5d66bbef3fa17abdbbc694e8e8fe0b56be4c8b9b85e363138,0,97780906,0.4455937457666884,1748257576843645,Balanced Dollar,0.13061205,bnUSD,0,1,2025-05-26
cx88fd7df7ddff82f7cc735c871dc519838cb235bb,cxa0af3165c08318e988cb30993b3048335b94af6c,cx5faae53c4dbd1fbe4a2eb4aab6565030f10da5c6,0x2d7d86f440dfff2,0x381dbcd0dfa333abaa64e3c9a69b18f15d6a3185369a90c2da2077c9a263a4d0,2,97780872,0.20487028046338457,1748257508823961,Balanced Dollar,0.0569592,bnUSD,0,1,2025-05-26
cx88fd7df7ddff82f7cc735c871dc519838cb235bb,cxa0af3165c08318e988cb30993b3048335b94af6c,hxd75467e3e4ce64e3424c747dfb71503017440433,0x762f2027bb9f33ac0,0x381dbcd0dfa333abaa64e3c9a69b18f15d6a3185369a90c2da2077c9a263a4d0,1,97780872,136.25697240647173,1748257508823961,Balanced Dollar,0.0569592,bnUSD,0,1,2025-05-26
cx4297f4b63262507623b6ad575d0d8dd2db980e4e,hxd75467e3e4ce64e3424c747dfb71503017440433,cxa0af3165c08318e988cb30993b3048335b94af6c,0x8ac7230489e80000,0x381dbcd0dfa333abaa64e3c9a69b18f15d6a3185369a90c2da2077c9a263a4d0,0,97780872,10.0,1748257508823961,Injective,0.0569592,INJ,0,1,2025-05-26
cx2609b924e33ef00b648a409245c7ea394c467824,cx203d9cd2a669be67177e997b8948ce2c35caffae,hx9617803890b0c6909ca34e07c7a4b5acd4514e51,0x2789304c4e93b9e,0x5ea12686ec0d73eee7eb7370982c494e93e71e56e9eff985187b5ebfe57c85b0,5,97780869,0.17805383397390634,1748257502921589,Staked ICX,0.1447879,sICX,0,1,2025-05-26
cx88fd7df7ddff82f7cc735c871dc519838cb235bb,cx203d9cd2a669be67177e997b8948ce2c35caffae,hx9617803890b0c6909ca34e07c7a4b5acd4514e51,0x62f1126a28f268a,0x5ea12686ec0d73eee7eb7370982c494e93e71e56e9eff985187b5ebfe57c85b0,2,97780869,0.4455937457666884,1748257502921589,Balanced Dollar,0.1447879,bnUSD,0,1,2025-05-26
cxf61cd5a45dc9f91c15aa65831a30a90d59a09619,cx203d9cd2a669be67177e997b8948ce2c35caffae,hx9617803890b0c6909ca34e07c7a4b5acd4514e51,0x11266cfea20cf,0x5ea12686ec0d73eee7eb7370982c494e93e71e56e9eff985187b5ebfe57c85b0,0,97780869,0.000301707760902351,1748257502921589,Balance Token,0.1447879,BALN,0,1,2025-05-26
cx88fd7df7ddff82f7cc735c871dc519838cb235bb,cxa0af3165c08318e988cb30993b3048335b94af6c,hx9092a3fc19763f078f069b5406c4433f37b7ea56,0x1,0x65886ae323413e363eab7568256d145846663c727f282486e21fa0a9c428480d,3,97780841,1e-18,1748257444300151,Balanced Dollar,0.0347382125,bnUSD,0,1,2025-05-26
cx2609b924e33ef00b648a409245c7ea394c467824,hx9092a3fc19763f078f069b5406c4433f37b7ea56,cxa0af3165c08318e988cb30993b3048335b94af6c,0xa0c728f630d4fe8e1,0xfad27d0e1f09bf0a3d42268b9f7d61fcab6f5f48275b89574e0ef8d135b0c87d,1,97780837,185.36437766848354,1748257436330331,Staked ICX,0.092681375,sICX,0,1,2025-05-26
cx88fd7df7ddff82f7cc735c871dc519838cb235bb,hx9092a3fc19763f078f069b5406c4433f37b7ea56,cxa0af3165c08318e988cb30993b3048335b94af6c,0x18da1a17e306aee19,0x5726b2ee66527d8cc76a370c36b1728559976ade2b88e8daa8cb303a2d27a3c2,0,97780836,28.65235986765807,1748257434360209,Balanced Dollar,0.02218695,bnUSD,0,1,2025-05-26
cx88fd7df7ddff82f7cc735c871dc519838cb235bb,cx21e94c08c03daee80c25d8ee3ea22a20786ec231,hx9092a3fc19763f078f069b5406c4433f37b7ea56,0x18da1a17e306aee18,0x280ac8344b59408a375c7cfab84e2185f7dea8923e8b4277b2f2a16f6e1bc3ec,10,97780830,28.65235986765807,1748257422356065,Balanced Dollar,0.155683875,bnUSD,0,1,2025-05-26
cx88fd7df7ddff82f7cc735c871dc519838cb235bb,cxa0af3165c08318e988cb30993b3048335b94af6c,cx5faae53c4dbd1fbe4a2eb4aab6565030f10da5c6,0x99252669cb9c32,0x280ac8344b59408a375c7cfab84e2185f7dea8923e8b4277b2f2a16f6e1bc3ec,8,97780830,0.043106518350666805,1748257422356065,Balanced Dollar,0.155683875,bnUSD,0,1,2025-05-26
cx88fd7df7ddff82f7cc735c871dc519838cb235bb,cxa0af3165c08318e988cb30993b3048335b94af6c,cx21e94c08c03daee80c25d8ee3ea22a20786ec231,0x18da1a17e306aee18,0x280ac8344b59408a375c7cfab84e2185f7dea8923e8b4277b2f2a16f6e1bc3ec,7,97780830,28.65235986765807,1748257422356065,Balanced Dollar,0.155683875,bnUSD,0,1,2025-05-26
cx2609b924e33ef00b648a409245c7ea394c467824,cx21e94c08c03daee80c25d8ee3ea22a20786ec231,cxa0af3165c08318e988cb30993b3048335b94af6c,0xa141b810559ea5707,0x280ac8344b59408a375c7cfab84e2185f7dea8923e8b4277b2f2a16f6e1bc3ec,6,97780830,185.9163343022086,1748257422356065,Staked ICX,0.155683875,sICX,0,1,2025-05-26
cx2609b924e33ef00b648a409245c7ea394c467824,cxa0af3165c08318e988cb30993b3048335b94af6c,cx5faae53c4dbd1fbe4a2eb4aab6565030f10da5c6,0x3e1b60f2f5e922b,0x280ac8344b59408a375c7cfab84e2185f7dea8923e8b4277b2f2a16f6e1bc3ec,4,97780830,0.27970482820917303,1748257422356065,Staked ICX,0.155683875,sICX,0,1,2025-05-26
cx2609b924e33ef00b648a409245c7ea394c467824,cxa0af3165c08318e988cb30993b3048335b94af6c,cx21e94c08c03daee80c25d8ee3ea22a20786ec231,0xa141b810559ea5707,0x280ac8344b59408a375c7cfab84e2185f7dea8923e8b4277b2f2a16f6e1bc3ec,3,97780830,185.9163343022086,1748257422356065,Staked ICX,0.155683875,sICX,0,1,2025-05-26
cx3975b43d260fb8ec802cef6e60c2f4d07486f11d,cx21e94c08c03daee80c25d8ee3ea22a20786ec231,cxa0af3165c08318e988cb30993b3048335b94af6c,0xd8d726b7177a80000,0x280ac8344b59408a375c7cfab84e2185f7dea8923e8b4277b2f2a16f6e1bc3ec,2,97780830,250.0,1748257422356065,Wrapped ICX,0.155683875,wICX,0,1,2025-05-26
cx3975b43d260fb8ec802cef6e60c2f4d07486f11d,hx9092a3fc19763f078f069b5406c4433f37b7ea56,cx21e94c08c03daee80c25d8ee3ea22a20786ec231,0xd8d726b7177a80000,0x280ac8344b59408a375c7cfab84e2185f7dea8923e8b4277b2f2a16f6e1bc3ec,1,97780830,250.0,1748257422356065,Wrapped ICX,0.155683875,wICX,0,1,2025-05-26
cx3975b43d260fb8ec802cef6e60c2f4d07486f11d,hx0000000000000000000000000000000000000000,hx9092a3fc19763f078f069b5406c4433f37b7ea56,0xd8d726b7177a80000,0x280ac8344b59408a375c7cfab84e2185f7dea8923e8b4277b2f2a16f6e1bc3ec,0,97780830,250.0,1748257422356065,Wrapped ICX,0.155683875,wICX,0,1,2025-05-26
cx2609b924e33ef00b648a409245c7ea394c467824,cx21e94c08c03daee80c25d8ee3ea22a20786ec231,hx9092a3fc19763f078f069b5406c4433f37b7ea56,0xa14451a393c606104,0x45548dc220e5473c26670699e316f3044f5d5fe53b2a0dafeda6839d84b261e0,7,97780825,185.92804322437553,1748257412477339,Staked ICX,0.1531044,sICX,0,1,2025-05-26
cx2609b924e33ef00b648a409245c7ea394c467824,cxa0af3165c08318e988cb30993b3048335b94af6c,cx5faae53c4dbd1fbe4a2eb4aab6565030f10da5c6,0x3e1c61496f916f0,0x45548dc220e5473c26670699e316f3044f5d5fe53b2a0dafeda6839d84b261e0,4,97780825,0.27972244360823373,1748257412477339,Staked ICX,0.1531044,sICX,0,1,2025-05-26
cx2609b924e33ef00b648a409245c7ea394c467824,cxa0af3165c08318e988cb30993b3048335b94af6c,cx21e94c08c03daee80c25d8ee3ea22a20786ec231,0xa14451a393c606104,0x45548dc220e5473c26670699e316f3044f5d5fe53b2a0dafeda6839d84b261e0,3,97780825,185.92804322437553,1748257412477339,Staked ICX,0.1531044,sICX,0,1,2025-05-26
cx3975b43d260fb8ec802cef6e60c2f4d07486f11d,cx21e94c08c03daee80c25d8ee3ea22a20786ec231,cxa0af3165c08318e988cb30993b3048335b94af6c,0xd8d726b7177a80000,0x45548dc220e5473c26670699e316f3044f5d5fe53b2a0dafeda6839d84b261e0,2,97780825,250.0,1748257412477339,Wrapped ICX,0.1531044,wICX,0,1,2025-05-26
cx3975b43d260fb8ec802cef6e60c2f4d07486f11d,hx9092a3fc19763f078f069b5406c4433f37b7ea56,cx21e94c08c03daee80c25d8ee3ea22a20786ec231,0xd8d726b7177a80000,0x45548dc220e5473c26670699e316f3044f5d5fe53b2a0dafeda6839d84b261e0,1,97780825,250.0,1748257412477339,Wrapped ICX,0.1531044,wICX,0,1,2025-05-26
cx3975b43d260fb8ec802cef6e60c2f4d07486f11d,hx0000000000000000000000000000000000000000,hx9092a3fc19763f078f069b5406c4433f37b7ea56,0xd8d726b7177a80000,0x45548dc220e5473c26670699e316f3044f5d5fe53b2a0dafeda6839d84b261e0,0,97780825,250.0,1748257412477339,Wrapped ICX,0.1531044,wICX,0,1,2025-05-26
cx88fd7df7ddff82f7cc735c871dc519838cb235bb,cxa0af3165c08318e988cb30993b3048335b94af6c,cx5faae53c4dbd1fbe4a2eb4aab6565030f10da5c6,0x2d8c520a0626ef3,0x4c54e61c84a6af9c9b5a2d670aa5a43298e899d87d698b6f3cb9bc5fadce5436,2,97780822,0.2051305269657884,1748257406358111,Balanced Dollar,0.0569592,bnUSD,0,1,2025-05-26
cx88fd7df7ddff82f7cc735c871dc519838cb235bb,cxa0af3165c08318e988cb30993b3048335b94af6c,hxd75467e3e4ce64e3424c747dfb71503017440433,0x76559225fb413ca34,0x4c54e61c84a6af9c9b5a2d670aa5a43298e899d87d698b6f3cb9bc5fadce5436,1,97780822,136.43011458116325,1748257406358111,Balanced Dollar,0.0569592,bnUSD,0,1,2025-05-26
cx4297f4b63262507623b6ad575d0d8dd2db980e4e,hxd75467e3e4ce64e3424c747dfb71503017440433,cxa0af3165c08318e988cb30993b3048335b94af6c,0x8ac7230489e80000,0x4c54e61c84a6af9c9b5a2d670aa5a43298e899d87d698b6f3cb9bc5fadce5436,0,97780822,10.0,1748257406358111,Injective,0.0569592,INJ,0,1,2025-05-26
cx88fd7df7ddff82f7cc735c871dc519838cb235bb,cxa0af3165c08318e988cb30993b3048335b94af6c,cx5faae53c4dbd1fbe4a2eb4aab6565030f10da5c6,0x2d9b2458c09c5a1,0x3d3b961a3824b40326a90ca3b79fa764a9b325dd537ff96cda088514e3d659c5,2,97780812,0.20539126979400643,1748257386318596,Balanced Dollar,0.0569592,bnUSD,0,1,2025-05-26
cx88fd7df7ddff82f7cc735c871dc519838cb235bb,cxa0af3165c08318e988cb30993b3048335b94af6c,hxd75467e3e4ce64e3424c747dfb71503017440433,0x767c16eae381658b6,0x3d3b961a3824b40326a90ca3b79fa764a9b325dd537ff96cda088514e3d659c5,1,97780812,136.60358706692296,1748257386318596,Balanced Dollar,0.0569592,bnUSD,0,1,2025-05-26
cx4297f4b63262507623b6ad575d0d8dd2db980e4e,hxd75467e3e4ce64e3424c747dfb71503017440433,cxa0af3165c08318e988cb30993b3048335b94af6c,0x8ac7230489e80000,0x3d3b961a3824b40326a90ca3b79fa764a9b325dd537ff96cda088514e3d659c5,0,97780812,10.0,1748257386318596,Injective,0.0569592,INJ,0,1,2025-05-26
cx2609b924e33ef00b648a409245c7ea394c467824,cx43e2eec79eb76293c298f2b17aec06097be606e0,hx0000000000000000000000000000000000000000,0x2728066005d9c9e5f7,0x49a80671fad93b5a5648c86caf55e05908b3c58cf3f01863b9ea13ffc18c2067,5,97780617,722.3071170642949,1748256994084676,Staked ICX,0.1784773375,sICX,0,2,2025-05-26
cx2609b924e33ef00b648a409245c7ea394c467824,cxdc30a0d3a1f131565c071272a20bc0b06fd4c17b,cx43e2eec79eb76293c298f2b17aec06097be606e0,0x2728066005d9c9e5f7,0x49a80671fad93b5a5648c86caf55e05908b3c58cf3f01863b9ea13ffc18c2067,4,97780617,722.3071170642949,1748256994084676,Staked ICX,0.1784773375,sICX,0,2,2025-05-26
cx88fd7df7ddff82f7cc735c871dc519838cb235bb,cxa0af3165c08318e988cb30993b3048335b94af6c,cx5faae53c4dbd1fbe4a2eb4aab6565030f10da5c6,0x22c88f495a8e5bd,0x49a80671fad93b5a5648c86caf55e05908b3c58cf3f01863b9ea13ffc18c2067,2,97780617,0.15665067111539654,1748256994084676,Balanced Dollar,0.1784773375,bnUSD,0,2,2025-05-26
cx2609b924e33ef00b648a409245c7ea394c467824,cxa0af3165c08318e988cb30993b3048335b94af6c,cxdc30a0d3a1f131565c071272a20bc0b06fd4c17b,0x24848d716e1e723f11,0x49a80671fad93b5a5648c86caf55e05908b3c58cf3f01863b9ea13ffc18c2067,1,97780617,673.6342017560377,1748256994084676,Staked ICX,0.1784773375,sICX,0,2,2025-05-26
cx88fd7df7ddff82f7cc735c871dc519838cb235bb,cxdc30a0d3a1f131565c071272a20bc0b06fd4c17b,cxa0af3165c08318e988cb30993b3048335b94af6c,0x5a94f5245bd2b9d0e,0x49a80671fad93b5a5648c86caf55e05908b3c58cf3f01863b9ea13ffc18c2067,0,97780617,104.4337807435977,1748256994084676,Balanced Dollar,0.1784773375,bnUSD,0,2,2025-05-26
cx2609b924e33ef00b648a409245c7ea394c467824,cx9345f80d6c98357ccbb70392b14162199c2c5f66,cxd82fb5d3effecd8c9071a4bba3856ad7222c4b91,0x27b96fcd98faf300,0x42e381fd414563a0d7640569d8f8d0ca5507700583091192066a9589940f96ed,6,97780617,2.8624419669962227,1748256994084676,Staked ICX,0.14497945,sICX,0,1,2025-05-26
cx2609b924e33ef00b648a409245c7ea394c467824,hx0000000000000000000000000000000000000000,cx9345f80d6c98357ccbb70392b14162199c2c5f66,0x47e6f6e5e12fca2002,0x42e381fd414563a0d7640569d8f8d0ca5507700583091192066a9589940f96ed,5,97780617,1326.3615714617047,1748256994084676,Staked ICX,0.14497945,sICX,0,1,2025-05-26
cx88fd7df7ddff82f7cc735c871dc519838cb235bb,cxa0af3165c08318e988cb30993b3048335b94af6c,cx5faae53c4dbd1fbe4a2eb4aab6565030f10da5c6,0x2f5eb2c18d1e76d,0x5ee904c2edabedb970deef9b59a9cd83289a5d8647d34f252a3664e5e2e14df4,2,97780570,0.21333513199746443,1748256899952004,Balanced Dollar,0.0569236375,bnUSD,0,1,2025-05-26
cx88fd7df7ddff82f7cc735c871dc519838cb235bb,cxa0af3165c08318e988cb30993b3048335b94af6c,hxd75467e3e4ce64e3424c747dfb71503017440433,0x7b0d6fda2b1364d6c,0x5ee904c2edabedb970deef9b59a9cd83289a5d8647d34f252a3664e5e2e14df4,1,97780570,141.86985958685793,1748256899952004,Balanced Dollar,0.0569236375,bnUSD,0,1,2025-05-26
cx66a031cc3bd305c76371fb586e93801b948254f0,hxd75467e3e4ce64e3424c747dfb71503017440433,cxa0af3165c08318e988cb30993b3048335b94af6c,0x53444835ec580000,0x5ee904c2edabedb970deef9b59a9cd83289a5d8647d34f252a3664e5e2e14df4,0,97780570,6.0,1748256899952004,Avalanche,0.0569236375,AVAX,0,1,2025-05-26
cx88fd7df7ddff82f7cc735c871dc519838cb235bb,cxa0af3165c08318e988cb30993b3048335b94af6c,cx5faae53c4dbd1fbe4a2eb4aab6565030f10da5c6,0x33743f603655224,0x309f3027e124ad22e0215bf52613a5a0967196a6970db9738263fa093e3b79a1,2,97780567,0.2317286297308575,1748256894039158,Balanced Dollar,0.056994075,bnUSD,0,1,2025-05-26
cx88fd7df7ddff82f7cc735c871dc519838cb235bb,cxa0af3165c08318e988cb30993b3048335b94af6c,hxd75467e3e4ce64e3424c747dfb71503017440433,0x85a13acbf212015a7,0x309f3027e124ad22e0215bf52613a5a0967196a6970db9738263fa093e3b79a1,1,97780567,154.0646740145419,1748256894039158,Balanced Dollar,0.056994075,bnUSD,0,1,2025-05-26
cx288d13e1b63563459a2ac6179f237711f6851cb5,hxd75467e3e4ce64e3424c747dfb71503017440433,cxa0af3165c08318e988cb30993b3048335b94af6c,0xd529ae9e860000,0x309f3027e124ad22e0215bf52613a5a0967196a6970db9738263fa093e3b79a1,0,97780567,0.06,1748256894039158,Ethereum,0.056994075,ETH,0,1,2025-05-26
cx88fd7df7ddff82f7cc735c871dc519838cb235bb,cxa0af3165c08318e988cb30993b3048335b94af6c,cx5faae53c4dbd1fbe4a2eb4aab6565030f10da5c6,0x3bd9d5e3f866209,0x5190f8285e81685f467328966a38d3e8c6ec52767dbe3fc1e16798feafa1ac69,2,97780557,0.269544580830356,1748256873848719,Balanced Dollar,0.04738525,bnUSD,0,1,2025-05-26
cx88fd7df7ddff82f7cc735c871dc519838cb235bb,cxa0af3165c08318e988cb30993b3048335b94af6c,hxd75467e3e4ce64e3424c747dfb71503017440433,0x9b7c8fcc9d14ac90f,0x5190f8285e81685f467328966a38d3e8c6ec52767dbe3fc1e16798feafa1ac69,1,97780557,179.2638093113989,1748256873848719,Balanced Dollar,0.04738525,bnUSD,0,1,2025-05-26
cx508002ec116fbf3ab406329c0df28e70d7e75fb3,hxd75467e3e4ce64e3424c747dfb71503017440433,cxa0af3165c08318e988cb30993b3048335b94af6c,0xba43b7400,0x5190f8285e81685f467328966a38d3e8c6ec52767dbe3fc1e16798feafa1ac69,0,97780557,50.0,1748256873848719,Sui,0.04738525,SUI,0,1,2025-05-26
cx88fd7df7ddff82f7cc735c871dc519838cb235bb,cxa0af3165c08318e988cb30993b3048335b94af6c,cx5faae53c4dbd1fbe4a2eb4aab6565030f10da5c6,0x3bec0b993ef0770,0x079ff3f845d96928eabb3b9e60fd234a3fb4d23afcb7d04233d8cab8f5ee3623,2,97780552,0.269864930972207,1748256863886053,Balanced Dollar,0.04738525,bnUSD,0,1,2025-05-26
cx88fd7df7ddff82f7cc735c871dc519838cb235bb,cxa0af3165c08318e988cb30993b3048335b94af6c,hxd75467e3e4ce64e3424c747dfb71503017440433,0x9babe20bcb00ead15,0x079ff3f845d96928eabb3b9e60fd234a3fb4d23afcb7d04233d8cab8f5ee3623,1,97780552,179.47692539479527,1748256863886053,Balanced Dollar,0.04738525,bnUSD,0,1,2025-05-26
cx508002ec116fbf3ab406329c0df28e70d7e75fb3,hxd75467e3e4ce64e3424c747dfb71503017440433,cxa0af3165c08318e988cb30993b3048335b94af6c,0xba43b7400,0x079ff3f845d96928eabb3b9e60fd234a3fb4d23afcb7d04233d8cab8f5ee3623,0,97780552,50.0,1748256863886053,Sui,0.04738525,SUI,0,1,2025-05-26
cx88fd7df7ddff82f7cc735c871dc519838cb235bb,cxa0af3165c08318e988cb30993b3048335b94af6c,cx5faae53c4dbd1fbe4a2eb4aab6565030f10da5c6,0x2da9fde524c8618,0xefea1f3e9f5294bc0edf358344996a73f20825a3ef64f37c5b39ae4e91b9ef36,2,97780549,0.20565251021108175,1748256857954698,Balanced Dollar,0.0569578875,bnUSD,0,1,2025-05-26
cx88fd7df7ddff82f7cc735c871dc519838cb235bb,cxa0af3165c08318e988cb30993b3048335b94af6c,hxd75467e3e4ce64e3424c747dfb71503017440433,0x76a2ae82b0be366d1,0xefea1f3e9f5294bc0edf358344996a73f20825a3ef64f37c5b39ae4e91b9ef36,1,97780549,136.77739070458975,1748256857954698,Balanced Dollar,0.0569578875,bnUSD,0,1,2025-05-26
cx4297f4b63262507623b6ad575d0d8dd2db980e4e,hxd75467e3e4ce64e3424c747dfb71503017440433,cxa0af3165c08318e988cb30993b3048335b94af6c,0x8ac7230489e80000,0xefea1f3e9f5294bc0edf358344996a73f20825a3ef64f37c5b39ae4e91b9ef36,0,97780549,10.0,1748256857954698,Injective,0.0569578875,INJ,0,1,2025-05-26
cxf61cd5a45dc9f91c15aa65831a30a90d59a09619,cx9345f80d6c98357ccbb70392b14162199c2c5f66,cxd82fb5d3effecd8c9071a4bba3856ad7222c4b91,0x395ed9cb41bca23e,0x615dc72849223324c43002afefcd151e2a1b49df093a9cbbf3eebb6ce618db93,4,97780537,4.133980974977164,1748256833830621,Balance Token,0.1306404875,BALN,0,1,2025-05-26
cx2609b924e33ef00b648a409245c7ea394c467824,cx9345f80d6c98357ccbb70392b14162199c2c5f66,cxd82fb5d3effecd8c9071a4bba3856ad7222c4b91,0x3c4ce31d173822110,0x615dc72849223324c43002afefcd151e2a1b49df093a9cbbf3eebb6ce618db93,3,97780537,69.52155927342076,1748256833830621,Staked ICX,0.1306404875,sICX,0,1,2025-05-26
cx88fd7df7ddff82f7cc735c871dc519838cb235bb,hx0000000000000000000000000000000000000000,cx5faae53c4dbd1fbe4a2eb4aab6565030f10da5c6,0x0,0x615dc72849223324c43002afefcd151e2a1b49df093a9cbbf3eebb6ce618db93,2,97780537,0.0,1748256833830621,Balanced Dollar,0.1306404875,bnUSD,0,1,2025-05-26
cx88fd7df7ddff82f7cc735c871dc519838cb235bb,hx0000000000000000000000000000000000000000,cxd82fb5d3effecd8c9071a4bba3856ad7222c4b91,0x5c62378092079b6d,0x615dc72849223324c43002afefcd151e2a1b49df093a9cbbf3eebb6ce618db93,1,97780537,6.656944224552328,1748256833830621,Balanced Dollar,0.1306404875,bnUSD,0,1,2025-05-26
cx88fd7df7ddff82f7cc735c871dc519838cb235bb,hxd75467e3e4ce64e3424c747dfb71503017440433,cxd82fb5d3effecd8c9071a4bba3856ad7222c4b91,0x4a8099079abe280000,0x615dc72849223324c43002afefcd151e2a1b49df093a9cbbf3eebb6ce618db93,0,97780537,1374.325507523995,1748256833830621,Balanced Dollar,0.1306404875,bnUSD,0,1,2025-05-26
cxf61cd5a45dc9f91c15aa65831a30a90d59a09619,hxe76a8703a40e86a119a1e1e5a392afa628d94923,cxe0252e6c1fe4040412811d83d13979e335287e45,0x220c1e3c21dbc640000,0x4d366bfa47741250210f174c732f2d04accb0f7d7b886d9d554cb57e471e8c16,0,97780501,10049.0,1748256761812439,Balance Token,0.07679075,BALN,0,1,2025-05-26
cx88fd7df7ddff82f7cc735c871dc519838cb235bb,cx21e94c08c03daee80c25d8ee3ea22a20786ec231,hx385a695da4288bf7d70df14d1201e832c2bcf2a6,0xafa044a2194c50d48,0x68f9f00a0e6e6860720679a26af292d53bb86de7ffb11de5c769f10ac20cef03,13,97780493,202.48304665457465,1748256745955390,Balanced Dollar,0.2236721625,bnUSD,0,1,2025-05-26
cx88fd7df7ddff82f7cc735c871dc519838cb235bb,cxa0af3165c08318e988cb30993b3048335b94af6c,cx5faae53c4dbd1fbe4a2eb4aab6565030f10da5c6,0x43a0e007dd884c1,0x68f9f00a0e6e6860720679a26af292d53bb86de7ffb11de5c769f10ac20cef03,11,97780493,0.30457132007506044,1748256745955390,Balanced Dollar,0.2236721625,bnUSD,0,1,2025-05-26
cx88fd7df7ddff82f7cc735c871dc519838cb235bb,cxa0af3165c08318e988cb30993b3048335b94af6c,cx21e94c08c03daee80c25d8ee3ea22a20786ec231,0xafa044a2194c50d48,0x68f9f00a0e6e6860720679a26af292d53bb86de7ffb11de5c769f10ac20cef03,10,97780493,202.48304665457465,1748256745955390,Balanced Dollar,0.2236721625,bnUSD,0,1,2025-05-26
cx2609b924e33ef00b648a409245c7ea394c467824,cx21e94c08c03daee80c25d8ee3ea22a20786ec231,cxa0af3165c08318e988cb30993b3048335b94af6c,0x4738dd67eb321cfa76,0x68f9f00a0e6e6860720679a26af292d53bb86de7ffb11de5c769f10ac20cef03,9,97780493,1313.816374729211,1748256745955390,Staked ICX,0.2236721625,sICX,0,1,2025-05-26
cx2609b924e33ef00b648a409245c7ea394c467824,cxa0af3165c08318e988cb30993b3048335b94af6c,cx5faae53c4dbd1fbe4a2eb4aab6565030f10da5c6,0x1b644af67ef41b3c,0x68f9f00a0e6e6860720679a26af292d53bb86de7ffb11de5c769f10ac20cef03,7,97780493,1.973784959247457,1748256745955390,Staked ICX,0.2236721625,sICX,0,1,2025-05-26
cx2609b924e33ef00b648a409245c7ea394c467824,cxa0af3165c08318e988cb30993b3048335b94af6c,cx21e94c08c03daee80c25d8ee3ea22a20786ec231,0x4738dd67eb321cfa76,0x68f9f00a0e6e6860720679a26af292d53bb86de7ffb11de5c769f10ac20cef03,6,97780493,1313.816374729211,1748256745955390,Staked ICX,0.2236721625,sICX,0,1,2025-05-26
cxf61cd5a45dc9f91c15aa65831a30a90d59a09619,cx21e94c08c03daee80c25d8ee3ea22a20786ec231,cxa0af3165c08318e988cb30993b3048335b94af6c,0x9b7839f3bd0bd34ee0,0x68f9f00a0e6e6860720679a26af292d53bb86de7ffb11de5c769f10ac20cef03,5,97780493,2867.908554776477,1748256745955390,Balance Token,0.2236721625,BALN,0,1,2025-05-26
cx88fd7df7ddff82f7cc735c871dc519838cb235bb,cxa0af3165c08318e988cb30993b3048335b94af6c,cx5faae53c4dbd1fbe4a2eb4aab6565030f10da5c6,0x42f24a70fc7c000,0x68f9f00a0e6e6860720679a26af292d53bb86de7ffb11de5c769f10ac20cef03,3,97780493,0.3015,1748256745955390,Balanced Dollar,0.2236721625,bnUSD,0,1,2025-05-26
cxf61cd5a45dc9f91c15aa65831a30a90d59a09619,cxa0af3165c08318e988cb30993b3048335b94af6c,cx21e94c08c03daee80c25d8ee3ea22a20786ec231,0x9b7839f3bd0bd34ee0,0x68f9f00a0e6e6860720679a26af292d53bb86de7ffb11de5c769f10ac20cef03,2,97780493,2867.908554776477,1748256745955390,Balance Token,0.2236721625,BALN,0,1,2025-05-26
cx88fd7df7ddff82f7cc735c871dc519838cb235bb,cx21e94c08c03daee80c25d8ee3ea22a20786ec231,cxa0af3165c08318e988cb30993b3048335b94af6c,0xae56f730e6d840000,0x68f9f00a0e6e6860720679a26af292d53bb86de7ffb11de5c769f10ac20cef03,1,97780493,201.0,1748256745955390,Balanced Dollar,0.2236721625,bnUSD,0,1,2025-05-26
cx88fd7df7ddff82f7cc735c871dc519838cb235bb,hx385a695da4288bf7d70df14d1201e832c2bcf2a6,cx21e94c08c03daee80c25d8ee3ea22a20786ec231,0xae56f730e6d840000,0x68f9f00a0e6e6860720679a26af292d53bb86de7ffb11de5c769f10ac20cef03,0,97780493,201.0,1748256745955390,Balanced Dollar,0.2236721625,bnUSD,0,1,2025-05-26
cxf61cd5a45dc9f91c15aa65831a30a90d59a09619,cx21e94c08c03daee80c25d8ee3ea22a20786ec231,hxe76a8703a40e86a119a1e1e5a392afa628d94923,0x220cb6161cedf4b3dce,0xfee14711d42001eb0dd03994ae42eda853a3f16f12edeca9ed4bc367d52f8f15,17,97780492,10049.683878301574,1748256744005758,Balance Token,0.347778375,BALN,0,1,2025-05-26
cx2609b924e33ef00b648a409245c7ea394c467824,cxa0af3165c08318e988cb30993b3048335b94af6c,cx5faae53c4dbd1fbe4a2eb4aab6565030f10da5c6,0x6010727eaa9f23ca,0xfee14711d42001eb0dd03994ae42eda853a3f16f12edeca9ed4bc367d52f8f15,15,97780492,6.9221585156224545,1748256744005758,Staked ICX,0.347778375,sICX,0,1,2025-05-26
cxf61cd5a45dc9f91c15aa65831a30a90d59a09619,cxa0af3165c08318e988cb30993b3048335b94af6c,cx21e94c08c03daee80c25d8ee3ea22a20786ec231,0x220cb6161cedf4b3dce,0xfee14711d42001eb0dd03994ae42eda853a3f16f12edeca9ed4bc367d52f8f15,14,97780492,10049.683878301574,1748256744005758,Balance Token,0.347778375,BALN,0,1,2025-05-26
cx2609b924e33ef00b648a409245c7ea394c467824,cx21e94c08c03daee80c25d8ee3ea22a20786ec231,cxa0af3165c08318e988cb30993b3048335b94af6c,0xfa2ad4d486fe6d3439,0xfee14711d42001eb0dd03994ae42eda853a3f16f12edeca9ed4bc367d52f8f15,13,97780492,4614.772343748303,1748256744005758,Staked ICX,0.347778375,sICX,0,1,2025-05-26
cx2609b924e33ef00b648a409245c7ea394c467824,cx203d9cd2a669be67177e997b8948ce2c35caffae,cx835b300dcfe01f0bdb794e134a0c5628384f4367,0x246f5dce58203ac8,0xfee14711d42001eb0dd03994ae42eda853a3f16f12edeca9ed4bc367d52f8f15,10,97780492,2.625420248603442,1748256744005758,Staked ICX,0.347778375,sICX,0,1,2025-05-26
cx2609b924e33ef00b648a409245c7ea394c467824,cx5faae53c4dbd1fbe4a2eb4aab6565030f10da5c6,cx203d9cd2a669be67177e997b8948ce2c35caffae,0x340ccf26c709788c,0xfee14711d42001eb0dd03994ae42eda853a3f16f12edeca9ed4bc367d52f8f15,7,97780492,3.7506003551477742,1748256744005758,Staked ICX,0.347778375,sICX,0,1,2025-05-26
cx2609b924e33ef00b648a409245c7ea394c467824,cx5faae53c4dbd1fbe4a2eb4aab6565030f10da5c6,cxdc30a0d3a1f131565c071272a20bc0b06fd4c17b,0x340ccf26c709788c,0xfee14711d42001eb0dd03994ae42eda853a3f16f12edeca9ed4bc367d52f8f15,5,97780492,3.7506003551477742,1748256744005758,Staked ICX,0.347778375,sICX,0,1,2025-05-26
cx2609b924e33ef00b648a409245c7ea394c467824,cxa0af3165c08318e988cb30993b3048335b94af6c,cx5faae53c4dbd1fbe4a2eb4aab6565030f10da5c6,0x60472b411b139244,0xfee14711d42001eb0dd03994ae42eda853a3f16f12edeca9ed4bc367d52f8f15,4,97780492,6.937561309614675,1748256744005758,Staked ICX,0.347778375,sICX,0,1,2025-05-26
cx2609b924e33ef00b648a409245c7ea394c467824,cxa0af3165c08318e988cb30993b3048335b94af6c,cx21e94c08c03daee80c25d8ee3ea22a20786ec231,0xfa2ad4d486fe6d3439,0xfee14711d42001eb0dd03994ae42eda853a3f16f12edeca9ed4bc367d52f8f15,3,97780492,4614.772343748303,1748256744005758,Staked ICX,0.347778375,sICX,0,1,2025-05-26
cx3975b43d260fb8ec802cef6e60c2f4d07486f11d,cx21e94c08c03daee80c25d8ee3ea22a20786ec231,cxa0af3165c08318e988cb30993b3048335b94af6c,0x1501a48cefdfde00000,0xfee14711d42001eb0dd03994ae42eda853a3f16f12edeca9ed4bc367d52f8f15,2,97780492,6200.0,1748256744005758,Wrapped ICX,0.347778375,wICX,0,1,2025-05-26
cx3975b43d260fb8ec802cef6e60c2f4d07486f11d,hxe76a8703a40e86a119a1e1e5a392afa628d94923,cx21e94c08c03daee80c25d8ee3ea22a20786ec231,0x1501a48cefdfde00000,0xfee14711d42001eb0dd03994ae42eda853a3f16f12edeca9ed4bc367d52f8f15,1,97780492,6200.0,1748256744005758,Wrapped ICX,0.347778375,wICX,0,1,2025-05-26
cx3975b43d260fb8ec802cef6e60c2f4d07486f11d,hx0000000000000000000000000000000000000000,hxe76a8703a40e86a119a1e1e5a392afa628d94923,0x1501a48cefdfde00000,0xfee14711d42001eb0dd03994ae42eda853a3f16f12edeca9ed4bc367d52f8f15,0,97780492,6200.0,1748256744005758,Wrapped ICX,0.347778375,wICX,0,1,2025-05-26
cx88fd7df7ddff82f7cc735c871dc519838cb235bb,cxa0af3165c08318e988cb30993b3048335b94af6c,cx5faae53c4dbd1fbe4a2eb4aab6565030f10da5c6,0x2db8deb3eb08bd8,0x93adb4e1f7b4e62ce4fc760916115ce0e4b7b910cbdc1e7765fb43cdf9168c95,2,97780490,0.20591424948407805,1748256739889235,Balanced Dollar,0.0569592,bnUSD,0,1,2025-05-26
cx88fd7df7ddff82f7cc735c871dc519838cb235bb,cxa0af3165c08318e988cb30993b3048335b94af6c,hxd75467e3e4ce64e3424c747dfb71503017440433,0x76c958f9a94fa2259,0x93adb4e1f7b4e62ce4fc760916115ce0e4b7b910cbdc1e7765fb43cdf9168c95,1,97780490,136.95152633768012,1748256739889235,Balanced Dollar,0.0569592,bnUSD,0,1,2025-05-26
cx4297f4b63262507623b6ad575d0d8dd2db980e4e,hxd75467e3e4ce64e3424c747dfb71503017440433,cxa0af3165c08318e988cb30993b3048335b94af6c,0x8ac7230489e80000,0x93adb4e1f7b4e62ce4fc760916115ce0e4b7b910cbdc1e7765fb43cdf9168c95,0,97780490,10.0,1748256739889235,Injective,0.0569592,INJ,0,1,2025-05-26
cx88fd7df7ddff82f7cc735c871dc519838cb235bb,cxa0af3165c08318e988cb30993b3048335b94af6c,cx5faae53c4dbd1fbe4a2eb4aab6565030f10da5c6,0x3bfe499fd334f46,0xb11a49e038067c9f8579b53d4121077f600a76eea19ad401a38e3f9c92e53f6f,2,97780487,0.2701858526946466,1748256733799132,Balanced Dollar,0.047405375,bnUSD,0,1,2025-05-26
cx88fd7df7ddff82f7cc735c871dc519838cb235bb,cxa0af3165c08318e988cb30993b3048335b94af6c,hxd75467e3e4ce64e3424c747dfb71503017440433,0x9bdb49e9fb2b01648,0xb11a49e038067c9f8579b53d4121077f600a76eea19ad401a38e3f9c92e53f6f,1,97780487,179.69042184109713,1748256733799132,Balanced Dollar,0.047405375,bnUSD,0,1,2025-05-26
cx508002ec116fbf3ab406329c0df28e70d7e75fb3,hxd75467e3e4ce64e3424c747dfb71503017440433,cxa0af3165c08318e988cb30993b3048335b94af6c,0xba43b7400,0xb11a49e038067c9f8579b53d4121077f600a76eea19ad401a38e3f9c92e53f6f,0,97780487,50.0,1748256733799132,Sui,0.047405375,SUI,0,1,2025-05-26
cx88fd7df7ddff82f7cc735c871dc519838cb235bb,cx21e94c08c03daee80c25d8ee3ea22a20786ec231,hx2debd9ec927cca1639da8d3518dd9dbf1cdfb357,0x165450a48d374444f7,0xe236329b105f51ed44a5e67837379a89e5f4b5e69faf571054c7ccdb0d86292b,10,97780376,411.9039064453575,1748256511727862,Balanced Dollar,0.1305226375,bnUSD,0,1,2025-05-26
cx88fd7df7ddff82f7cc735c871dc519838cb235bb,cx203d9cd2a669be67177e997b8948ce2c35caffae,cx835b300dcfe01f0bdb794e134a0c5628384f4367,0x539daadc7360790,0xe236329b105f51ed44a5e67837379a89e5f4b5e69faf571054c7ccdb0d86292b,7,97780376,0.3765724837685513,1748256511727862,Balanced Dollar,0.1305226375,bnUSD,0,1,2025-05-26
cx88fd7df7ddff82f7cc735c871dc519838cb235bb,cx5faae53c4dbd1fbe4a2eb4aab6565030f10da5c6,cx203d9cd2a669be67177e997b8948ce2c35caffae,0x7773865f8040ace,0xe236329b105f51ed44a5e67837379a89e5f4b5e69faf571054c7ccdb0d86292b,5,97780376,0.5379606910979304,1748256511727862,Balanced Dollar,0.1305226375,bnUSD,0,1,2025-05-26
cx88fd7df7ddff82f7cc735c871dc519838cb235bb,cx5faae53c4dbd1fbe4a2eb4aab6565030f10da5c6,cxdc30a0d3a1f131565c071272a20bc0b06fd4c17b,0x7773865f8040acd,0xe236329b105f51ed44a5e67837379a89e5f4b5e69faf571054c7ccdb0d86292b,4,97780376,0.5379606910979304,1748256511727862,Balanced Dollar,0.1305226375,bnUSD,0,1,2025-05-26
cx88fd7df7ddff82f7cc735c871dc519838cb235bb,cxa0af3165c08318e988cb30993b3048335b94af6c,cx5faae53c4dbd1fbe4a2eb4aab6565030f10da5c6,0x89576591130da10,0xe236329b105f51ed44a5e67837379a89e5f4b5e69faf571054c7ccdb0d86292b,3,97780376,0.6185306487458924,1748256511727862,Balanced Dollar,0.1305226375,bnUSD,0,1,2025-05-26
cx88fd7df7ddff82f7cc735c871dc519838cb235bb,cxa0af3165c08318e988cb30993b3048335b94af6c,cx21e94c08c03daee80c25d8ee3ea22a20786ec231,0x165450a48d374444f7,0xe236329b105f51ed44a5e67837379a89e5f4b5e69faf571054c7ccdb0d86292b,2,97780376,411.9039064453575,1748256511727862,Balanced Dollar,0.1305226375,bnUSD,0,1,2025-05-26
cx4297f4b63262507623b6ad575d0d8dd2db980e4e,cx21e94c08c03daee80c25d8ee3ea22a20786ec231,cxa0af3165c08318e988cb30993b3048335b94af6c,0x1a055690d9db80000,0xe236329b105f51ed44a5e67837379a89e5f4b5e69faf571054c7ccdb0d86292b,1,97780376,30.0,1748256511727862,Injective,0.1305226375,INJ,0,1,2025-05-26
cx4297f4b63262507623b6ad575d0d8dd2db980e4e,hx2debd9ec927cca1639da8d3518dd9dbf1cdfb357,cx21e94c08c03daee80c25d8ee3ea22a20786ec231,0x1a055690d9db80000,0xe236329b105f51ed44a5e67837379a89e5f4b5e69faf571054c7ccdb0d86292b,0,97780376,30.0,1748256511727862,Injective,0.1305226375,INJ,0,1,2025-05-26
cx7baf94bd53b505353285ee4c4c050f9703581703,hx9645117f1b0c7181a126c7f4f222caefc6ee7a61,hx9645117f1b0c7181a126c7f4f222caefc6ee7a61,0x0,0x632cd959563e16386dc410ac59204812a6df834446e3bcf0d91b38055caa6aed,2,97780221,0.0,1748256201656147,unknown_token,0.038023525,$unknown,22,1,2025-05-26
cx7baf94bd53b505353285ee4c4c050f9703581703,hx9645117f1b0c7181a126c7f4f222caefc6ee7a61,hx9645117f1b0c7181a126c7f4f222caefc6ee7a61,0x0,0x632cd959563e16386dc410ac59204812a6df834446e3bcf0d91b38055caa6aed,1,97780221,0.0,1748256201656147,unknown_token,0.038023525,$unknown,12,1,2025-05-26
cx7baf94bd53b505353285ee4c4c050f9703581703,hx9645117f1b0c7181a126c7f4f222caefc6ee7a61,hx9645117f1b0c7181a126c7f4f222caefc6ee7a61,0x0,0x632cd959563e16386dc410ac59204812a6df834446e3bcf0d91b38055caa6aed,0,97780221,0.0,1748256201656147,unknown_token,0.038023525,$unknown,4,1,2025-05-26
cx88fd7df7ddff82f7cc735c871dc519838cb235bb,cxa0af3165c08318e988cb30993b3048335b94af6c,cx5faae53c4dbd1fbe4a2eb4aab6565030f10da5c6,0x2df4aae72e65559,0x764abbc2c5046ab03691f457d4225479f264a560cce4c683362dd474a4990fe0,2,97780076,0.20696622099479484,1748255911540462,Balanced Dollar,0.0569592,bnUSD,0,1,2025-05-26
cx88fd7df7ddff82f7cc735c871dc519838cb235bb,cxa0af3165c08318e988cb30993b3048335b94af6c,hxd75467e3e4ce64e3424c747dfb71503017440433,0x7764c087c03f7f9a3,0x764abbc2c5046ab03691f457d4225479f264a560cce4c683362dd474a4990fe0,1,97780076,137.65140603940793,1748255911540462,Balanced Dollar,0.0569592,bnUSD,0,1,2025-05-26
cx4297f4b63262507623b6ad575d0d8dd2db980e4e,hxd75467e3e4ce64e3424c747dfb71503017440433,cxa0af3165c08318e988cb30993b3048335b94af6c,0x8ac7230489e80000,0x764abbc2c5046ab03691f457d4225479f264a560cce4c683362dd474a4990fe0,0,97780076,10.0,1748255911540462,Injective,0.0569592,INJ,0,1,2025-05-26
cx88fd7df7ddff82f7cc735c871dc519838cb235bb,cxa0af3165c08318e988cb30993b3048335b94af6c,cx5faae53c4dbd1fbe4a2eb4aab6565030f10da5c6,0x2e03b0493439a78,0x3e4559af9fce4d7c60fb8ad93d060b729a69a9e15ca9fbe8c475866bd32b3f6d,2,97779960,0.207230473695632,1748255679474680,Balanced Dollar,0.0569592,bnUSD,0,1,2025-05-26
cx88fd7df7ddff82f7cc735c871dc519838cb235bb,cxa0af3165c08318e988cb30993b3048335b94af6c,hxd75467e3e4ce64e3424c747dfb71503017440433,0x778bca141197d1235,0x3e4559af9fce4d7c60fb8ad93d060b729a69a9e15ca9fbe8c475866bd32b3f6d,1,97779960,137.82721439711239,1748255679474680,Balanced Dollar,0.0569592,bnUSD,0,1,2025-05-26
cx4297f4b63262507623b6ad575d0d8dd2db980e4e,hxd75467e3e4ce64e3424c747dfb71503017440433,cxa0af3165c08318e988cb30993b3048335b94af6c,0x8ac7230489e80000,0x3e4559af9fce4d7c60fb8ad93d060b729a69a9e15ca9fbe8c475866bd32b3f6d,0,97779960,10.0,1748255679474680,Injective,0.0569592,INJ,0,1,2025-05-26
cx88fd7df7ddff82f7cc735c871dc519838cb235bb,cxa0af3165c08318e988cb30993b3048335b94af6c,hx9092a3fc19763f078f069b5406c4433f37b7ea56,0x1,0x6810f3d6ed76fff17a27a53ca2c81cfca2a393ec65be183e8bdcd181dc2958a9,3,97779618,1e-18,1748254992818839,Balanced Dollar,0.0347382125,bnUSD,0,1,2025-05-26
cx2609b924e33ef00b648a409245c7ea394c467824,hx9092a3fc19763f078f069b5406c4433f37b7ea56,cxa0af3165c08318e988cb30993b3048335b94af6c,0xa10f510afc3ede50a,0xf60725ffddd7123399ee083ca3869c9160950cb5a500ae75a288cd9636bab0db,1,97779469,185.68934195808893,1748254695132419,Staked ICX,0.092676475,sICX,0,1,2025-05-26
cx88fd7df7ddff82f7cc735c871dc519838cb235bb,hx9092a3fc19763f078f069b5406c4433f37b7ea56,cxa0af3165c08318e988cb30993b3048335b94af6c,0x18e704fbe7f8f992a,0x451c6725f89f2c57ee5f9f483c65b2c1960dbc877518bfc22fa8516d1d00b8a8,0,97779468,28.71053530408941,1748254692707605,Balanced Dollar,0.02218695,bnUSD,0,1,2025-05-26
cx2609b924e33ef00b648a409245c7ea394c467824,cx21e94c08c03daee80c25d8ee3ea22a20786ec231,hx9092a3fc19763f078f069b5406c4433f37b7ea56,0xa1877b3fd55f84e8f,0xeec6d1d61d14e03c91645bf1ac5db66e868cf33d0a578184a411c34c3ac5b471,7,97779464,186.2305164168848,1748254684701880,Staked ICX,0.1530995,sICX,0,1,2025-05-26
cx2609b924e33ef00b648a409245c7ea394c467824,cxa0af3165c08318e988cb30993b3048335b94af6c,cx5faae53c4dbd1fbe4a2eb4aab6565030f10da5c6,0x3e363f2fc8a4045,0xeec6d1d61d14e03c91645bf1ac5db66e868cf33d0a578184a411c34c3ac5b471,4,97779464,0.28017749709725703,1748254684701880,Staked ICX,0.1530995,sICX,0,1,2025-05-26
cx2609b924e33ef00b648a409245c7ea394c467824,cxa0af3165c08318e988cb30993b3048335b94af6c,cx21e94c08c03daee80c25d8ee3ea22a20786ec231,0xa1877b3fd55f84e8f,0xeec6d1d61d14e03c91645bf1ac5db66e868cf33d0a578184a411c34c3ac5b471,3,97779464,186.2305164168848,1748254684701880,Staked ICX,0.1530995,sICX,0,1,2025-05-26
cx3975b43d260fb8ec802cef6e60c2f4d07486f11d,cx21e94c08c03daee80c25d8ee3ea22a20786ec231,cxa0af3165c08318e988cb30993b3048335b94af6c,0xd8d726b7177a80000,0xeec6d1d61d14e03c91645bf1ac5db66e868cf33d0a578184a411c34c3ac5b471,2,97779464,250.0,1748254684701880,Wrapped ICX,0.1530995,wICX,0,1,2025-05-26
cx3975b43d260fb8ec802cef6e60c2f4d07486f11d,hx9092a3fc19763f078f069b5406c4433f37b7ea56,cx21e94c08c03daee80c25d8ee3ea22a20786ec231,0xd8d726b7177a80000,0xeec6d1d61d14e03c91645bf1ac5db66e868cf33d0a578184a411c34c3ac5b471,1,97779464,250.0,1748254684701880,Wrapped ICX,0.1530995,wICX,0,1,2025-05-26
cx3975b43d260fb8ec802cef6e60c2f4d07486f11d,hx0000000000000000000000000000000000000000,hx9092a3fc19763f078f069b5406c4433f37b7ea56,0xd8d726b7177a80000,0xeec6d1d61d14e03c91645bf1ac5db66e868cf33d0a578184a411c34c3ac5b471,0,97779464,250.0,1748254684701880,Wrapped ICX,0.1530995,wICX,0,1,2025-05-26
cx88fd7df7ddff82f7cc735c871dc519838cb235bb,cx21e94c08c03daee80c25d8ee3ea22a20786ec231,hx9092a3fc19763f078f069b5406c4433f37b7ea56,0x18e704fbe7f8f9929,0x32c2a23d763a29c4a8ec5c70411e8fe78a5911a5b8bb41e263778407beb3a8b4,10,97779461,28.71053530408941,1748254678674492,Balanced Dollar,0.155701375,bnUSD,0,1,2025-05-26
cx88fd7df7ddff82f7cc735c871dc519838cb235bb,cxa0af3165c08318e988cb30993b3048335b94af6c,cx5faae53c4dbd1fbe4a2eb4aab6565030f10da5c6,0x9974bfd8ad4bba,0x32c2a23d763a29c4a8ec5c70411e8fe78a5911a5b8bb41e263778407beb3a8b4,8,97779461,0.04319403875954169,1748254678674492,Balanced Dollar,0.155701375,bnUSD,0,1,2025-05-26
cx88fd7df7ddff82f7cc735c871dc519838cb235bb,cxa0af3165c08318e988cb30993b3048335b94af6c,cx21e94c08c03daee80c25d8ee3ea22a20786ec231,0x18e704fbe7f8f9929,0x32c2a23d763a29c4a8ec5c70411e8fe78a5911a5b8bb41e263778407beb3a8b4,7,97779461,28.71053530408941,1748254678674492,Balanced Dollar,0.155701375,bnUSD,0,1,2025-05-26
cx2609b924e33ef00b648a409245c7ea394c467824,cx21e94c08c03daee80c25d8ee3ea22a20786ec231,cxa0af3165c08318e988cb30993b3048335b94af6c,0xa18a1683485fef280,0x32c2a23d763a29c4a8ec5c70411e8fe78a5911a5b8bb41e263778407beb3a8b4,6,97779461,186.24225504005187,1748254678674492,Staked ICX,0.155701375,sICX,0,1,2025-05-26
cx2609b924e33ef00b648a409245c7ea394c467824,cxa0af3165c08318e988cb30993b3048335b94af6c,cx5faae53c4dbd1fbe4a2eb4aab6565030f10da5c6,0x3e37402cb714026,0x32c2a23d763a29c4a8ec5c70411e8fe78a5911a5b8bb41e263778407beb3a8b4,4,97779461,0.2801951571790562,1748254678674492,Staked ICX,0.155701375,sICX,0,1,2025-05-26
cx2609b924e33ef00b648a409245c7ea394c467824,cxa0af3165c08318e988cb30993b3048335b94af6c,cx21e94c08c03daee80c25d8ee3ea22a20786ec231,0xa18a1683485fef280,0x32c2a23d763a29c4a8ec5c70411e8fe78a5911a5b8bb41e263778407beb3a8b4,3,97779461,186.24225504005187,1748254678674492,Staked ICX,0.155701375,sICX,0,1,2025-05-26
cx3975b43d260fb8ec802cef6e60c2f4d07486f11d,cx21e94c08c03daee80c25d8ee3ea22a20786ec231,cxa0af3165c08318e988cb30993b3048335b94af6c,0xd8d726b7177a80000,0x32c2a23d763a29c4a8ec5c70411e8fe78a5911a5b8bb41e263778407beb3a8b4,2,97779461,250.0,1748254678674492,Wrapped ICX,0.155701375,wICX,0,1,2025-05-26
cx3975b43d260fb8ec802cef6e60c2f4d07486f11d,hx9092a3fc19763f078f069b5406c4433f37b7ea56,cx21e94c08c03daee80c25d8ee3ea22a20786ec231,0xd8d726b7177a80000,0x32c2a23d763a29c4a8ec5c70411e8fe78a5911a5b8bb41e263778407beb3a8b4,1,97779461,250.0,1748254678674492,Wrapped ICX,0.155701375,wICX,0,1,2025-05-26
cx3975b43d260fb8ec802cef6e60c2f4d07486f11d,hx0000000000000000000000000000000000000000,hx9092a3fc19763f078f069b5406c4433f37b7ea56,0xd8d726b7177a80000,0x32c2a23d763a29c4a8ec5c70411e8fe78a5911a5b8bb41e263778407beb3a8b4,0,97779461,250.0,1748254678674492,Wrapped ICX,0.155701375,wICX,0,1,2025-05-26
cx88fd7df7ddff82f7cc735c871dc519838cb235bb,cx203d9cd2a669be67177e997b8948ce2c35caffae,cx835b300dcfe01f0bdb794e134a0c5628384f4367,0x6759866a73934b0,0xa53503776a74b0b639d21034c201dca53314017a632e7c15a937f7ed72a9fb0f,6,97779392,0.4654457031623446,1748254540757736,Balanced Dollar,0.0990749125,bnUSD,0,1,2025-05-26
cx88fd7df7ddff82f7cc735c871dc519838cb235bb,cx5faae53c4dbd1fbe4a2eb4aab6565030f10da5c6,cx203d9cd2a669be67177e997b8948ce2c35caffae,0x93a476e13764b45,0xa53503776a74b0b639d21034c201dca53314017a632e7c15a937f7ed72a9fb0f,4,97779392,0.6649224330890637,1748254540757736,Balanced Dollar,0.0990749125,bnUSD,0,1,2025-05-26
cx88fd7df7ddff82f7cc735c871dc519838cb235bb,cx5faae53c4dbd1fbe4a2eb4aab6565030f10da5c6,cxdc30a0d3a1f131565c071272a20bc0b06fd4c17b,0x93a476e13764b45,0xa53503776a74b0b639d21034c201dca53314017a632e7c15a937f7ed72a9fb0f,3,97779392,0.6649224330890637,1748254540757736,Balanced Dollar,0.0990749125,bnUSD,0,1,2025-05-26
cx88fd7df7ddff82f7cc735c871dc519838cb235bb,cxa0af3165c08318e988cb30993b3048335b94af6c,cx5faae53c4dbd1fbe4a2eb4aab6565030f10da5c6,0x2e12bd0a3fad747,0xa53503776a74b0b639d21034c201dca53314017a632e7c15a937f7ed72a9fb0f,2,97779392,0.20749523294007072,1748254540757736,Balanced Dollar,0.0990749125,bnUSD,0,1,2025-05-26
cx88fd7df7ddff82f7cc735c871dc519838cb235bb,cxa0af3165c08318e988cb30993b3048335b94af6c,hxd75467e3e4ce64e3424c747dfb71503017440433,0x77b2e6ca07f09b44d,0xa53503776a74b0b639d21034c201dca53314017a632e7c15a937f7ed72a9fb0f,1,97779392,138.0033598681426,1748254540757736,Balanced Dollar,0.0990749125,bnUSD,0,1,2025-05-26
cx4297f4b63262507623b6ad575d0d8dd2db980e4e,hxd75467e3e4ce64e3424c747dfb71503017440433,cxa0af3165c08318e988cb30993b3048335b94af6c,0x8ac7230489e80000,0xa53503776a74b0b639d21034c201dca53314017a632e7c15a937f7ed72a9fb0f,0,97779392,10.0,1748254540757736,Injective,0.0990749125,INJ,0,1,2025-05-26
cx88fd7df7ddff82f7cc735c871dc519838cb235bb,cxa0af3165c08318e988cb30993b3048335b94af6c,cx5faae53c4dbd1fbe4a2eb4aab6565030f10da5c6,0x3c108ffcc6ec691,0xc4cb89d9b11765ef297bfa4de69672fab233e715543731d2e3ab8d8d6b5d34af,2,97779067,0.27050734735843496,1748253889178486,Balanced Dollar,0.04738925,bnUSD,0,1,2025-05-26
cx88fd7df7ddff82f7cc735c871dc519838cb235bb,cxa0af3165c08318e988cb30993b3048335b94af6c,hxd75467e3e4ce64e3424c747dfb71503017440433,0x9c0ac7745befee474,0xc4cb89d9b11765ef297bfa4de69672fab233e715543731d2e3ab8d8d6b5d34af,1,97779067,179.90429955610318,1748253889178486,Balanced Dollar,0.04738925,bnUSD,0,1,2025-05-26
cx508002ec116fbf3ab406329c0df28e70d7e75fb3,hxd75467e3e4ce64e3424c747dfb71503017440433,cxa0af3165c08318e988cb30993b3048335b94af6c,0xba43b7400,0xc4cb89d9b11765ef297bfa4de69672fab233e715543731d2e3ab8d8d6b5d34af,0,97779067,50.0,1748253889178486,Sui,0.04738925,SUI,0,1,2025-05-26
cx88fd7df7ddff82f7cc735c871dc519838cb235bb,cxa0af3165c08318e988cb30993b3048335b94af6c,cx5faae53c4dbd1fbe4a2eb4aab6565030f10da5c6,0x2f6b3264159f1ff,0x57a7b5adf8e95130a5ec21e241c870f22733dba45945524113b421a5e52d9387,2,97779063,0.2135550092332201,1748253881153191,Balanced Dollar,0.056922325,bnUSD,0,1,2025-05-26
cx88fd7df7ddff82f7cc735c871dc519838cb235bb,cxa0af3165c08318e988cb30993b3048335b94af6c,hxd75467e3e4ce64e3424c747dfb71503017440433,0x7b2de9aaaffaa6c07,0x57a7b5adf8e95130a5ec21e241c870f22733dba45945524113b421a5e52d9387,1,97779063,142.01611775877228,1748253881153191,Balanced Dollar,0.056922325,bnUSD,0,1,2025-05-26
cx66a031cc3bd305c76371fb586e93801b948254f0,hxd75467e3e4ce64e3424c747dfb71503017440433,cxa0af3165c08318e988cb30993b3048335b94af6c,0x53444835ec580000,0x57a7b5adf8e95130a5ec21e241c870f22733dba45945524113b421a5e52d9387,0,97779063,6.0,1748253881153191,Avalanche,0.056922325,AVAX,0,1,2025-05-26
cxd17316e24ee40f2ef8ed6f3a497311db1b35206d,hxf662476d85bc58ee7aa203810238e0b791afc1c8,hx0000000000000000000000000000000000000000,0x0,0xffc3bd95a6127880c5760c8b334077a521d2732ba484660126342929fb82e59d,10,97779031,0.0,1748253815966353,unknown_token,0.0526913875,$unknown,7,1,2025-05-26
cxd17316e24ee40f2ef8ed6f3a497311db1b35206d,hx8a83082b8f0fd30f1c93bcb993e796de45db2e2b,hx0000000000000000000000000000000000000000,0x0,0xffc3bd95a6127880c5760c8b334077a521d2732ba484660126342929fb82e59d,9,97779031,0.0,1748253815966353,unknown_token,0.0526913875,$unknown,34,1,2025-05-26
cxd17316e24ee40f2ef8ed6f3a497311db1b35206d,hx9b04b34b66c9aaf8fe5fc6f5f91962ba6e8d0e7a,hx0000000000000000000000000000000000000000,0x0,0xffc3bd95a6127880c5760c8b334077a521d2732ba484660126342929fb82e59d,8,97779031,0.0,1748253815966353,unknown_token,0.0526913875,$unknown,34,1,2025-05-26
cxd17316e24ee40f2ef8ed6f3a497311db1b35206d,hxf662476d85bc58ee7aa203810238e0b791afc1c8,hx0000000000000000000000000000000000000000,0x0,0xffc3bd95a6127880c5760c8b334077a521d2732ba484660126342929fb82e59d,7,97779031,0.0,1748253815966353,unknown_token,0.0526913875,$unknown,34,1,2025-05-26
cx3975b43d260fb8ec802cef6e60c2f4d07486f11d,hx3c72c692480ee86cef5aa9dcf48fdb3d6dd05e14,hx0000000000000000000000000000000000000000,0x1421f35c61ca0eb3,0xd3425ec6d5374bd37308e6971bcfcc938cf905fd100d9e881140301cb186dd8c,10,97779001,1.4507081330931832,1748253755912401,Wrapped ICX,0.150443125,wICX,0,1,2025-05-26
cx3975b43d260fb8ec802cef6e60c2f4d07486f11d,cx21e94c08c03daee80c25d8ee3ea22a20786ec231,hx3c72c692480ee86cef5aa9dcf48fdb3d6dd05e14,0x1421f35c61ca0eb3,0xd3425ec6d5374bd37308e6971bcfcc938cf905fd100d9e881140301cb186dd8c,9,97779001,1.4507081330931832,1748253755912401,Wrapped ICX,0.150443125,wICX,0,1,2025-05-26
cx2609b924e33ef00b648a409245c7ea394c467824,cxa0af3165c08318e988cb30993b3048335b94af6c,cx5faae53c4dbd1fbe4a2eb4aab6565030f10da5c6,0x5cb5041f68a5b,0xd3425ec6d5374bd37308e6971bcfcc938cf905fd100d9e881140301cb186dd8c,7,97779001,0.001630920448051803,1748253755912401,Staked ICX,0.150443125,sICX,0,1,2025-05-26
cx3975b43d260fb8ec802cef6e60c2f4d07486f11d,cxa0af3165c08318e988cb30993b3048335b94af6c,cx21e94c08c03daee80c25d8ee3ea22a20786ec231,0x1421f35c61ca0eb3,0xd3425ec6d5374bd37308e6971bcfcc938cf905fd100d9e881140301cb186dd8c,6,97779001,1.4507081330931832,1748253755912401,Wrapped ICX,0.150443125,wICX,0,1,2025-05-26
cx2609b924e33ef00b648a409245c7ea394c467824,cx21e94c08c03daee80c25d8ee3ea22a20786ec231,cxa0af3165c08318e988cb30993b3048335b94af6c,0xf16cbabc75da38c,0xd3425ec6d5374bd37308e6971bcfcc938cf905fd100d9e881140301cb186dd8c,5,97779001,1.0872802987012022,1748253755912401,Staked ICX,0.150443125,sICX,0,1,2025-05-26
cx2609b924e33ef00b648a409245c7ea394c467824,cxa0af3165c08318e988cb30993b3048335b94af6c,cx5faae53c4dbd1fbe4a2eb4aab6565030f10da5c6,0x5cfc6690d540e,0xd3425ec6d5374bd37308e6971bcfcc938cf905fd100d9e881140301cb186dd8c,3,97779001,0.001635825956508686,1748253755912401,Staked ICX,0.150443125,sICX,0,1,2025-05-26
cx2609b924e33ef00b648a409245c7ea394c467824,cxa0af3165c08318e988cb30993b3048335b94af6c,cx21e94c08c03daee80c25d8ee3ea22a20786ec231,0xf16cbabc75da38c,0xd3425ec6d5374bd37308e6971bcfcc938cf905fd100d9e881140301cb186dd8c,2,97779001,1.0872802987012022,1748253755912401,Staked ICX,0.150443125,sICX,0,1,2025-05-26
cxf61cd5a45dc9f91c15aa65831a30a90d59a09619,cx21e94c08c03daee80c25d8ee3ea22a20786ec231,cxa0af3165c08318e988cb30993b3048335b94af6c,0x2139e49682e4a6c5,0xd3425ec6d5374bd37308e6971bcfcc938cf905fd100d9e881140301cb186dd8c,1,97779001,2.3941960120163794,1748253755912401,Balance Token,0.150443125,BALN,0,1,2025-05-26
cxf61cd5a45dc9f91c15aa65831a30a90d59a09619,hx3c72c692480ee86cef5aa9dcf48fdb3d6dd05e14,cx21e94c08c03daee80c25d8ee3ea22a20786ec231,0x2139e49682e4a6c5,0xd3425ec6d5374bd37308e6971bcfcc938cf905fd100d9e881140301cb186dd8c,0,97779001,2.3941960120163794,1748253755912401,Balance Token,0.150443125,BALN,0,1,2025-05-26
cx3975b43d260fb8ec802cef6e60c2f4d07486f11d,hx3c72c692480ee86cef5aa9dcf48fdb3d6dd05e14,hx0000000000000000000000000000000000000000,0x30b72c88a31be1307,0x702b03b43756256b1b93ee480ea09d711539f247a9824dd1bfd3a2ceec6ab7f0,13,97778992,56.165174398756456,1748253737974426,Wrapped ICX,0.2888694625,wICX,0,1,2025-05-26
cx3975b43d260fb8ec802cef6e60c2f4d07486f11d,cx21e94c08c03daee80c25d8ee3ea22a20786ec231,hx3c72c692480ee86cef5aa9dcf48fdb3d6dd05e14,0x30b72c88a31be1307,0x702b03b43756256b1b93ee480ea09d711539f247a9824dd1bfd3a2ceec6ab7f0,12,97778992,56.165174398756456,1748253737974426,Wrapped ICX,0.2888694625,wICX,0,1,2025-05-26
cx2609b924e33ef00b648a409245c7ea394c467824,cx203d9cd2a669be67177e997b8948ce2c35caffae,cx835b300dcfe01f0bdb794e134a0c5628384f4367,0x8bec0933020b956,0x702b03b43756256b1b93ee480ea09d711539f247a9824dd1bfd3a2ceec6ab7f0,9,97778992,0.6301527362786246,1748253737974426,Staked ICX,0.2888694625,sICX,0,1,2025-05-26
cx2609b924e33ef00b648a409245c7ea394c467824,cx5faae53c4dbd1fbe4a2eb4aab6565030f10da5c6,cx203d9cd2a669be67177e997b8948ce2c35caffae,0xc7e37adb277e432,0x702b03b43756256b1b93ee480ea09d711539f247a9824dd1bfd3a2ceec6ab7f0,6,97778992,0.9002181946837494,1748253737974426,Staked ICX,0.2888694625,sICX,0,1,2025-05-26
cx2609b924e33ef00b648a409245c7ea394c467824,cx5faae53c4dbd1fbe4a2eb4aab6565030f10da5c6,cxdc30a0d3a1f131565c071272a20bc0b06fd4c17b,0xc7e37adb277e432,0x702b03b43756256b1b93ee480ea09d711539f247a9824dd1bfd3a2ceec6ab7f0,4,97778992,0.9002181946837494,1748253737974426,Staked ICX,0.2888694625,sICX,0,1,2025-05-26
cx2609b924e33ef00b648a409245c7ea394c467824,cxa0af3165c08318e988cb30993b3048335b94af6c,cx5faae53c4dbd1fbe4a2eb4aab6565030f10da5c6,0xe0531897ffb120,0x702b03b43756256b1b93ee480ea09d711539f247a9824dd1bfd3a2ceec6ab7f0,3,97778992,0.06314175987762409,1748253737974426,Staked ICX,0.2888694625,sICX,0,1,2025-05-26
cx3975b43d260fb8ec802cef6e60c2f4d07486f11d,cxa0af3165c08318e988cb30993b3048335b94af6c,cx21e94c08c03daee80c25d8ee3ea22a20786ec231,0x30b72c88a31be1307,0x702b03b43756256b1b93ee480ea09d711539f247a9824dd1bfd3a2ceec6ab7f0,2,97778992,56.165174398756456,1748253737974426,Wrapped ICX,0.2888694625,wICX,0,1,2025-05-26
cx2609b924e33ef00b648a409245c7ea394c467824,cx21e94c08c03daee80c25d8ee3ea22a20786ec231,cxa0af3165c08318e988cb30993b3048335b94af6c,0x2482dbab67f329902,0x702b03b43756256b1b93ee480ea09d711539f247a9824dd1bfd3a2ceec6ab7f0,1,97778992,42.09450658508273,1748253737974426,Staked ICX,0.2888694625,sICX,0,1,2025-05-26
cx2609b924e33ef00b648a409245c7ea394c467824,hx3c72c692480ee86cef5aa9dcf48fdb3d6dd05e14,cx21e94c08c03daee80c25d8ee3ea22a20786ec231,0x2482dbab67f329902,0x702b03b43756256b1b93ee480ea09d711539f247a9824dd1bfd3a2ceec6ab7f0,0,97778992,42.09450658508273,1748253737974426,Staked ICX,0.2888694625,sICX,0,1,2025-05-26
cxf61cd5a45dc9f91c15aa65831a30a90d59a09619,cx10d59e8103ab44635190bd4139dbfd682fa2d07e,hx3c72c692480ee86cef5aa9dcf48fdb3d6dd05e14,0xe738905b420bfa5,0xfe00cafaa5408ec2dc5d97ed68ab2513d0d62ceec41dab2147ddb91250010c81,3,97778976,1.0413265964426035,1748253705941825,Balance Token,0.0904584625,BALN,0,1,2025-05-26
cx2609b924e33ef00b648a409245c7ea394c467824,cx10d59e8103ab44635190bd4139dbfd682fa2d07e,hx3c72c692480ee86cef5aa9dcf48fdb3d6dd05e14,0x2482dbab67f329902,0xfe00cafaa5408ec2dc5d97ed68ab2513d0d62ceec41dab2147ddb91250010c81,1,97778976,42.09450658508273,1748253705941825,Staked ICX,0.0904584625,sICX,0,1,2025-05-26
cx2609b924e33ef00b648a409245c7ea394c467824,cx43e2eec79eb76293c298f2b17aec06097be606e0,hx0000000000000000000000000000000000000000,0x693cca70a63cde68,0xaf39b1985dbec23373adc9ffadc064e8745630f1810d3d4bc5249e9a8078dcf1,1,97778971,7.583158457759228,1748253695911368,Staked ICX,0.1182970125,sICX,0,1,2025-05-26
cx2609b924e33ef00b648a409245c7ea394c467824,cx66d4d90f5f113eba575bf793570135f9b10cece1,cx43e2eec79eb76293c298f2b17aec06097be606e0,0x693cca70a63cde68,0xaf39b1985dbec23373adc9ffadc064e8745630f1810d3d4bc5249e9a8078dcf1,0,97778971,7.583158457759228,1748253695911368,Staked ICX,0.1182970125,sICX,0,1,2025-05-26
cx2609b924e33ef00b648a409245c7ea394c467824,hxf39ec72347977b0d0b313eb067353ba32927f51d,hx8acbfbf57dfc49f5fa9b1df2fc55fd9216b3e7aa,0x2f197f4329b11c6b,0x5fa269d905bdd62a1445d75bfc51c2bedf5703e25b52425ddf32a50cfc32445b,1,97778791,3.393883720639389,1748253335739098,Staked ICX,0.0813448375,sICX,0,1,2025-05-26
cx2609b924e33ef00b648a409245c7ea394c467824,cx553b05df18e9d7c00d8bf4675e579cbbb23c4b30,hxf39ec72347977b0d0b313eb067353ba32927f51d,0x2f197f4329b11c6b,0x9c84bd7d76c9bb2e4b00a1c7dee2910e35de988e101ab4bd017be06c37c719bd,1,97778787,3.393883720639389,1748253327735039,Staked ICX,0.084764125,sICX,0,1,2025-05-26
cx2609b924e33ef00b648a409245c7ea394c467824,hxa8e4973682f1dff3bc189bd9923dc0759c7c4c05,hx8acbfbf57dfc49f5fa9b1df2fc55fd9216b3e7aa,0x2f197f4329b11c6b,0xb2096f98ffd9cc2272cd72b29328b953ca17b1fdce94be8a6894737938e53fe6,0,97778783,3.393883720639389,1748253319990701,Staked ICX,0.0191321125,sICX,0,1,2025-05-26
cx2609b924e33ef00b648a409245c7ea394c467824,cx553b05df18e9d7c00d8bf4675e579cbbb23c4b30,hxa8e4973682f1dff3bc189bd9923dc0759c7c4c05,0x2f197f4329b11c6b,0x725581849ccb38bd51afbd39f284f353ba4895fca83030bae279f0f32f75a282,0,97778779,3.393883720639389,1748253311752959,Staked ICX,0.0226072125,sICX,0,1,2025-05-26
cx2609b924e33ef00b648a409245c7ea394c467824,hx71521db9c05930e2392ea468566e819835b70da7,hx8acbfbf57dfc49f5fa9b1df2fc55fd9216b3e7aa,0x2f197f4329b11c6b,0x5b33a8781129209b997de179142f470f5d62a72ab0024b40049ba2e2068af34d,0,97778775,3.393883720639389,1748253303856212,Staked ICX,0.0191348,sICX,0,1,2025-05-26
cx2609b924e33ef00b648a409245c7ea394c467824,cx553b05df18e9d7c00d8bf4675e579cbbb23c4b30,hx71521db9c05930e2392ea468566e819835b70da7,0x2f197f4329b11c6b,0x5204af89b6710bb40f35dfc4fbce4b463f68f7bd1d8c31d06d48194e2645958d,0,97778771,3.393883720639389,1748253295755252,Staked ICX,0.0226072125,sICX,0,1,2025-05-26
cx2609b924e33ef00b648a409245c7ea394c467824,hx521c633f8161571ed29eeaadf0c54893b5eb187d,hx8acbfbf57dfc49f5fa9b1df2fc55fd9216b3e7aa,0x2f197f4329b11c6b,0xb162ca65426d6d8c4febb4702be0d31a6530ce1a6e450a2a811332723d1b48aa,0,97778767,3.393883720639389,1748253287734798,Staked ICX,0.0191308,sICX,0,1,2025-05-26
cx2609b924e33ef00b648a409245c7ea394c467824,cx553b05df18e9d7c00d8bf4675e579cbbb23c4b30,hx521c633f8161571ed29eeaadf0c54893b5eb187d,0x2f197f4329b11c6b,0xa655e96f41e83ab35efca51aa1c09db4dbee737b06e3c82ffb20d009fcd4602d,0,97778763,3.393883720639389,1748253279715537,Staked ICX,0.0226072125,sICX,0,1,2025-05-26
cx2609b924e33ef00b648a409245c7ea394c467824,hx955ea2d25f5f992e50c5ac0a2f40e9d2520265ae,hx8acbfbf57dfc49f5fa9b1df2fc55fd9216b3e7aa,0x2f197f4329b11c6b,0xe181daba785a1162f47a9a2f3294489483b301eda2f45c06dc820959e06a4bf0,0,97778759,3.393883720639389,1748253271693379,Staked ICX,0.019136175,sICX,0,1,2025-05-26
cx2609b924e33ef00b648a409245c7ea394c467824,cx553b05df18e9d7c00d8bf4675e579cbbb23c4b30,hx955ea2d25f5f992e50c5ac0a2f40e9d2520265ae,0x2f197f4329b11c6b,0xc4b21ff8b839033765d24d179abecd56e3760bbdec5d2ab81de18ae4f3a33a70,3,97778757,3.393883720639389,1748253267740458,Staked ICX,0.1111798,sICX,0,1,2025-05-26
cx2609b924e33ef00b648a409245c7ea394c467824,cx553b05df18e9d7c00d8bf4675e579cbbb23c4b30,cx48a83a6fbdaa205a060514fd23ad6871c070f896,0x1246f01fbf0418d0d1,0xc4b21ff8b839033765d24d179abecd56e3760bbdec5d2ab81de18ae4f3a33a70,0,97778757,337.1530138091054,1748253267740458,Staked ICX,0.1111798,sICX,0,1,2025-05-26
cx2609b924e33ef00b648a409245c7ea394c467824,cxa0af3165c08318e988cb30993b3048335b94af6c,hx4dc7903504bb800a462378348a42f53742759e0b,0x1a8ea4799219c2d3,0x1e37fc58fe299a8804f6beab202afb553692d22f9c97ed8a2a3a2d8567c41d1a,3,97778755,1.9136477337281994,1748253263763329,Staked ICX,0.043769725,sICX,0,3,2025-05-26
cx2609b924e33ef00b648a409245c7ea394c467824,hx4dc7903504bb800a462378348a42f53742759e0b,cxa0af3165c08318e988cb30993b3048335b94af6c,0x23e8b61864af200000,0xdced675f21dcb3ccf5287d6a9f9c047e56e109cfa304ef3075d395860e74d691,0,97778755,662.4046596631089,1748253263763329,Staked ICX,0.03123655,sICX,0,2,2025-05-26
cx88fd7df7ddff82f7cc735c871dc519838cb235bb,hx4dc7903504bb800a462378348a42f53742759e0b,cxa0af3165c08318e988cb30993b3048335b94af6c,0x589527e2e9fb60000,0xa00963dfe652da0ea3a5cbdbb6c6e9f8ffacb6054fab87dfd7bfb5d085afb424,0,97778755,102.12883043854725,1748253263763329,Balanced Dollar,0.02221895,bnUSD,0,1,2025-05-26
cx2609b924e33ef00b648a409245c7ea394c467824,cx21e94c08c03daee80c25d8ee3ea22a20786ec231,hx4dc7903504bb800a462378348a42f53742759e0b,0x23eb6f4109de6b556e,0xf51bd44d93adbf371da53dd0d68c6ad536c9744813452e8073028cb1b0dcca47,5,97778753,662.6008924118044,1748253259714313,Staked ICX,0.1441568375,sICX,0,2,2025-05-26
cx2609b924e33ef00b648a409245c7ea394c467824,hx0000000000000000000000000000000000000000,cx21e94c08c03daee80c25d8ee3ea22a20786ec231,0x23eb6f4109de6b556e,0xf51bd44d93adbf371da53dd0d68c6ad536c9744813452e8073028cb1b0dcca47,3,97778753,662.6008924118044,1748253259714313,Staked ICX,0.1441568375,sICX,0,2,2025-05-26
cx88fd7df7ddff82f7cc735c871dc519838cb235bb,cx21e94c08c03daee80c25d8ee3ea22a20786ec231,hx4dc7903504bb800a462378348a42f53742759e0b,0x589bdfd008ee7d21d,0xd6bec8c7c0008522931438669c46fac854982899a90f431ec9b42e2f97064f6d,11,97778753,102.15908770118159,1748253259714313,Balanced Dollar,0.2416806125,bnUSD,0,1,2025-05-26
cx88fd7df7ddff82f7cc735c871dc519838cb235bb,cxa0af3165c08318e988cb30993b3048335b94af6c,cx5faae53c4dbd1fbe4a2eb4aab6565030f10da5c6,0x221fd8a835e6016,0xd6bec8c7c0008522931438669c46fac854982899a90f431ec9b42e2f97064f6d,9,97778753,0.15368263365862198,1748253259714313,Balanced Dollar,0.2416806125,bnUSD,0,1,2025-05-26
cx88fd7df7ddff82f7cc735c871dc519838cb235bb,cxa0af3165c08318e988cb30993b3048335b94af6c,cx21e94c08c03daee80c25d8ee3ea22a20786ec231,0x589bdfd008ee7d21d,0xd6bec8c7c0008522931438669c46fac854982899a90f431ec9b42e2f97064f6d,8,97778753,102.15908770118159,1748253259714313,Balanced Dollar,0.2416806125,bnUSD,0,1,2025-05-26
cx2609b924e33ef00b648a409245c7ea394c467824,cx21e94c08c03daee80c25d8ee3ea22a20786ec231,cxa0af3165c08318e988cb30993b3048335b94af6c,0x23eb6f4109de6b556e,0xd6bec8c7c0008522931438669c46fac854982899a90f431ec9b42e2f97064f6d,7,97778753,662.6008924118044,1748253259714313,Staked ICX,0.2416806125,sICX,0,1,2025-05-26
cx2609b924e33ef00b648a409245c7ea394c467824,hx0000000000000000000000000000000000000000,cx21e94c08c03daee80c25d8ee3ea22a20786ec231,0x23eb6f4109de6b556e,0xd6bec8c7c0008522931438669c46fac854982899a90f431ec9b42e2f97064f6d,5,97778753,662.6008924118044,1748253259714313,Staked ICX,0.2416806125,sICX,0,1,2025-05-26
cx2609b924e33ef00b648a409245c7ea394c467824,hx0000000000000000000000000000000000000000,cx553b05df18e9d7c00d8bf4675e579cbbb23c4b30,0x40e8b83645df28f9a0,0xd6bec8c7c0008522931438669c46fac854982899a90f431ec9b42e2f97064f6d,1,97778753,1197.36083360365,1748253259714313,Staked ICX,0.2416806125,sICX,0,1,2025-05-26
cx88fd7df7ddff82f7cc735c871dc519838cb235bb,cxa0af3165c08318e988cb30993b3048335b94af6c,cx5faae53c4dbd1fbe4a2eb4aab6565030f10da5c6,0x2f77b6f9ecfd782,0x613a1c0d6537f6a2d3022ff4b8cd9147dc96f908af2ac93318b8e4c048755eae,2,97778680,0.21377522665939547,1748253112481381,Balanced Dollar,0.056922325,bnUSD,0,1,2025-05-26
cx88fd7df7ddff82f7cc735c871dc519838cb235bb,cxa0af3165c08318e988cb30993b3048335b94af6c,hxd75467e3e4ce64e3424c747dfb71503017440433,0x7b4e7058fbfb74a72,0x613a1c0d6537f6a2d3022ff4b8cd9147dc96f908af2ac93318b8e4c048755eae,1,97778680,142.16260227736896,1748253112481381,Balanced Dollar,0.056922325,bnUSD,0,1,2025-05-26
cx66a031cc3bd305c76371fb586e93801b948254f0,hxd75467e3e4ce64e3424c747dfb71503017440433,cxa0af3165c08318e988cb30993b3048335b94af6c,0x53444835ec580000,0x613a1c0d6537f6a2d3022ff4b8cd9147dc96f908af2ac93318b8e4c048755eae,0,97778680,6.0,1748253112481381,Avalanche,0.056922325,AVAX,0,1,2025-05-26
cxf61cd5a45dc9f91c15aa65831a30a90d59a09619,cx9345f80d6c98357ccbb70392b14162199c2c5f66,cxd82fb5d3effecd8c9071a4bba3856ad7222c4b91,0x5325baa969f1e60,0x4204df61ced7fba09844e020f55920cc712dcb55f98b2371cd801cb6dd9f1ef6,4,97778594,0.37446250725475083,1748252938126364,Balance Token,0.1381684125,BALN,0,1,2025-05-26
cx2609b924e33ef00b648a409245c7ea394c467824,cx9345f80d6c98357ccbb70392b14162199c2c5f66,cxd82fb5d3effecd8c9071a4bba3856ad7222c4b91,0x5764c2c4508e7d00,0x4204df61ced7fba09844e020f55920cc712dcb55f98b2371cd801cb6dd9f1ef6,3,97778594,6.29737232739169,1748252938126364,Staked ICX,0.1381684125,sICX,0,1,2025-05-26
cx88fd7df7ddff82f7cc735c871dc519838cb235bb,hx0000000000000000000000000000000000000000,cx5faae53c4dbd1fbe4a2eb4aab6565030f10da5c6,0x0,0x4204df61ced7fba09844e020f55920cc712dcb55f98b2371cd801cb6dd9f1ef6,2,97778594,0.0,1748252938126364,Balanced Dollar,0.1381684125,bnUSD,0,1,2025-05-26
cx88fd7df7ddff82f7cc735c871dc519838cb235bb,hx0000000000000000000000000000000000000000,cxd82fb5d3effecd8c9071a4bba3856ad7222c4b91,0x858ce07cf518aeb,0x4204df61ced7fba09844e020f55920cc712dcb55f98b2371cd801cb6dd9f1ef6,1,97778594,0.6014570831922819,1748252938126364,Balanced Dollar,0.1381684125,bnUSD,0,1,2025-05-26
cx88fd7df7ddff82f7cc735c871dc519838cb235bb,cxa0af3165c08318e988cb30993b3048335b94af6c,cx5faae53c4dbd1fbe4a2eb4aab6565030f10da5c6,0x3c22deb52facf1b,0x0dbfd3112beb641bf90d4d6d430a47f9925a3a76723b4f18a1e03ee0c5190ebf,2,97778487,0.2708294163283843,1748252724099793,Balanced Dollar,0.0474040625,bnUSD,0,1,2025-05-26
cx88fd7df7ddff82f7cc735c871dc519838cb235bb,cxa0af3165c08318e988cb30993b3048335b94af6c,hxd75467e3e4ce64e3424c747dfb71503017440433,0x9c3a5ab825b9d840f,0x0dbfd3112beb641bf90d4d6d430a47f9925a3a76723b4f18a1e03ee0c5190ebf,1,97778487,180.11855944831032,1748252724099793,Balanced Dollar,0.0474040625,bnUSD,0,1,2025-05-26
cx508002ec116fbf3ab406329c0df28e70d7e75fb3,hxd75467e3e4ce64e3424c747dfb71503017440433,cxa0af3165c08318e988cb30993b3048335b94af6c,0xba43b7400,0x0dbfd3112beb641bf90d4d6d430a47f9925a3a76723b4f18a1e03ee0c5190ebf,0,97778487,50.0,1748252724099793,Sui,0.0474040625,SUI,0,1,2025-05-26
cxf61cd5a45dc9f91c15aa65831a30a90d59a09619,cx9345f80d6c98357ccbb70392b14162199c2c5f66,cxd82fb5d3effecd8c9071a4bba3856ad7222c4b91,0x2cac8b4a7a77e0c2,0x8d4de84eddd82e82ea6b46d0b73958114ec311157d132777d1f97d0fd0d9fb5e,9,97778418,3.2191009856615795,1748252586148118,Balance Token,0.1727548875,BALN,0,1,2025-05-26
cx2609b924e33ef00b648a409245c7ea394c467824,cx9345f80d6c98357ccbb70392b14162199c2c5f66,cxd82fb5d3effecd8c9071a4bba3856ad7222c4b91,0x2ef4978e05d3d46f0,0x8d4de84eddd82e82ea6b46d0b73958114ec311157d132777d1f97d0fd0d9fb5e,8,97778418,54.13593370081606,1748252586148118,Staked ICX,0.1727548875,sICX,0,1,2025-05-26
cx88fd7df7ddff82f7cc735c871dc519838cb235bb,cx203d9cd2a669be67177e997b8948ce2c35caffae,cx835b300dcfe01f0bdb794e134a0c5628384f4367,0x3f4b2c82cf216b5,0x8d4de84eddd82e82ea6b46d0b73958114ec311157d132777d1f97d0fd0d9fb5e,6,97778418,0.2850492492484502,1748252586148118,Balanced Dollar,0.1727548875,bnUSD,0,1,2025-05-26
cx88fd7df7ddff82f7cc735c871dc519838cb235bb,cx5faae53c4dbd1fbe4a2eb4aab6565030f10da5c6,cx203d9cd2a669be67177e997b8948ce2c35caffae,0x5a6b6428959d74c,0x8d4de84eddd82e82ea6b46d0b73958114ec311157d132777d1f97d0fd0d9fb5e,4,97778418,0.40721321321207177,1748252586148118,Balanced Dollar,0.1727548875,bnUSD,0,1,2025-05-26
cx88fd7df7ddff82f7cc735c871dc519838cb235bb,cx5faae53c4dbd1fbe4a2eb4aab6565030f10da5c6,cxdc30a0d3a1f131565c071272a20bc0b06fd4c17b,0x5a6b6428959d74b,0x8d4de84eddd82e82ea6b46d0b73958114ec311157d132777d1f97d0fd0d9fb5e,3,97778418,0.40721321321207177,1748252586148118,Balanced Dollar,0.1727548875,bnUSD,0,1,2025-05-26
cx88fd7df7ddff82f7cc735c871dc519838cb235bb,hx0000000000000000000000000000000000000000,cx5faae53c4dbd1fbe4a2eb4aab6565030f10da5c6,0x0,0x8d4de84eddd82e82ea6b46d0b73958114ec311157d132777d1f97d0fd0d9fb5e,2,97778418,0.0,1748252586148118,Balanced Dollar,0.1727548875,bnUSD,0,1,2025-05-26
cx88fd7df7ddff82f7cc735c871dc519838cb235bb,hx0000000000000000000000000000000000000000,cxd82fb5d3effecd8c9071a4bba3856ad7222c4b91,0x47f4cacd44ed682d,0x8d4de84eddd82e82ea6b46d0b73958114ec311157d132777d1f97d0fd0d9fb5e,1,97778418,5.184992053983799,1748252586148118,Balanced Dollar,0.1727548875,bnUSD,0,1,2025-05-26
cx88fd7df7ddff82f7cc735c871dc519838cb235bb,hxd75467e3e4ce64e3424c747dfb71503017440433,cxd82fb5d3effecd8c9071a4bba3856ad7222c4b91,0x51c22bb07516780000,0x8d4de84eddd82e82ea6b46d0b73958114ec311157d132777d1f97d0fd0d9fb5e,0,97778418,1508.1777406547649,1748252586148118,Balanced Dollar,0.1727548875,bnUSD,0,1,2025-05-26
cx88fd7df7ddff82f7cc735c871dc519838cb235bb,cxa0af3165c08318e988cb30993b3048335b94af6c,cx5faae53c4dbd1fbe4a2eb4aab6565030f10da5c6,0x3c3535ce26ed80d,0x52c50fee90ebe9b93cf5f73312f75811cc493335d9abb5cbede2fcdd99f46601,2,97778350,0.27115206097337347,1748252450253030,Balanced Dollar,0.0473865625,bnUSD,0,1,2025-05-26
cx88fd7df7ddff82f7cc735c871dc519838cb235bb,cxa0af3165c08318e988cb30993b3048335b94af6c,hxd75467e3e4ce64e3424c747dfb71503017440433,0x9c6a03c29b09430b0,0x52c50fee90ebe9b93cf5f73312f75811cc493335d9abb5cbede2fcdd99f46601,1,97778350,180.33320242892322,1748252450253030,Balanced Dollar,0.0473865625,bnUSD,0,1,2025-05-26
cx508002ec116fbf3ab406329c0df28e70d7e75fb3,hxd75467e3e4ce64e3424c747dfb71503017440433,cxa0af3165c08318e988cb30993b3048335b94af6c,0xba43b7400,0x52c50fee90ebe9b93cf5f73312f75811cc493335d9abb5cbede2fcdd99f46601,0,97778350,50.0,1748252450253030,Sui,0.0473865625,SUI,0,1,2025-05-26
cx88fd7df7ddff82f7cc735c871dc519838cb235bb,cxa0af3165c08318e988cb30993b3048335b94af6c,cx5faae53c4dbd1fbe4a2eb4aab6565030f10da5c6,0x3c47954cca096be,0x796bb0a50500d8e2f7c581e025d36309e6ac9f3e28fe104c90c27f37b2c3b91e,2,97778345,0.27147528266636256,1748252440035164,Balanced Dollar,0.0473865625,bnUSD,0,2,2025-05-26
cx88fd7df7ddff82f7cc735c871dc519838cb235bb,cxa0af3165c08318e988cb30993b3048335b94af6c,hxd75467e3e4ce64e3424c747dfb71503017440433,0x9c99c2a1087e4d4e3,0x796bb0a50500d8e2f7c581e025d36309e6ac9f3e28fe104c90c27f37b2c3b91e,1,97778345,180.5482294118641,1748252440035164,Balanced Dollar,0.0473865625,bnUSD,0,2,2025-05-26
cx508002ec116fbf3ab406329c0df28e70d7e75fb3,hxd75467e3e4ce64e3424c747dfb71503017440433,cxa0af3165c08318e988cb30993b3048335b94af6c,0xba43b7400,0x796bb0a50500d8e2f7c581e025d36309e6ac9f3e28fe104c90c27f37b2c3b91e,0,97778345,50.0,1748252440035164,Sui,0.0473865625,SUI,0,2,2025-05-26
cx88fd7df7ddff82f7cc735c871dc519838cb235bb,cxa0af3165c08318e988cb30993b3048335b94af6c,cx5faae53c4dbd1fbe4a2eb4aab6565030f10da5c6,0x3c59fd363a43fcc,0x2079849bb72fcc6d97df57a95431306afbc541c3530cac375b0401871e37218c,2,97778314,0.2717990827844075,1748252378071775,Balanced Dollar,0.047405375,bnUSD,0,1,2025-05-26
cx88fd7df7ddff82f7cc735c871dc519838cb235bb,cxa0af3165c08318e988cb30993b3048335b94af6c,hxd75467e3e4ce64e3424c747dfb71503017440433,0x9cc99760c4e1f8830,0x2079849bb72fcc6d97df57a95431306afbc541c3530cac375b0401871e37218c,1,97778314,180.76364131378236,1748252378071775,Balanced Dollar,0.047405375,bnUSD,0,1,2025-05-26
cx508002ec116fbf3ab406329c0df28e70d7e75fb3,hxd75467e3e4ce64e3424c747dfb71503017440433,cxa0af3165c08318e988cb30993b3048335b94af6c,0xba43b7400,0x2079849bb72fcc6d97df57a95431306afbc541c3530cac375b0401871e37218c,0,97778314,50.0,1748252378071775,Sui,0.047405375,SUI,0,1,2025-05-26
cx2609b924e33ef00b648a409245c7ea394c467824,cx43e2eec79eb76293c298f2b17aec06097be606e0,hx0000000000000000000000000000000000000000,0x19352bdc530ca40000a,0x84af30f27594464de469b411a9ae636dbf25e219fb3587ba4070634870a43013,1,97777487,7440.0,1748250718451690,Staked ICX,0.0887182375,sICX,0,1,2025-05-26
cx2609b924e33ef00b648a409245c7ea394c467824,hx970eda4988e547df0de8324226fdf3e8ebc9734f,cx43e2eec79eb76293c298f2b17aec06097be606e0,0x19352bdc530ca40000a,0x84af30f27594464de469b411a9ae636dbf25e219fb3587ba4070634870a43013,0,97777487,7440.0,1748250718451690,Staked ICX,0.0887182375,sICX,0,1,2025-05-26
cx2609b924e33ef00b648a409245c7ea394c467824,cx21e94c08c03daee80c25d8ee3ea22a20786ec231,hx970eda4988e547df0de8324226fdf3e8ebc9734f,0x19352bdc530ca40000a,0xe50985c35c3decd5e79e8517901fb4faad6334ced1680b479cdcabb20d54af11,11,97777474,7440.0,1748250692453264,Staked ICX,0.213966825,sICX,0,1,2025-05-26
cx88fd7df7ddff82f7cc735c871dc519838cb235bb,cx203d9cd2a669be67177e997b8948ce2c35caffae,cx835b300dcfe01f0bdb794e134a0c5628384f4367,0x1a8d4fdc403430f0,0xe50985c35c3decd5e79e8517901fb4faad6334ced1680b479cdcabb20d54af11,7,97777474,1.9132732240908905,1748250692453264,Balanced Dollar,0.213966825,bnUSD,0,1,2025-05-26
cx88fd7df7ddff82f7cc735c871dc519838cb235bb,cx5faae53c4dbd1fbe4a2eb4aab6565030f10da5c6,cx203d9cd2a669be67177e997b8948ce2c35caffae,0x25ee72161293b3a0,0xe50985c35c3decd5e79e8517901fb4faad6334ced1680b479cdcabb20d54af11,5,97777474,2.7332474629869865,1748250692453264,Balanced Dollar,0.213966825,bnUSD,0,1,2025-05-26
cx88fd7df7ddff82f7cc735c871dc519838cb235bb,cx5faae53c4dbd1fbe4a2eb4aab6565030f10da5c6,cxdc30a0d3a1f131565c071272a20bc0b06fd4c17b,0x25ee72161293b3a0,0xe50985c35c3decd5e79e8517901fb4faad6334ced1680b479cdcabb20d54af11,4,97777474,2.7332474629869865,1748250692453264,Balanced Dollar,0.213966825,bnUSD,0,1,2025-05-26
cx88fd7df7ddff82f7cc735c871dc519838cb235bb,cxa0af3165c08318e988cb30993b3048335b94af6c,cx5faae53c4dbd1fbe4a2eb4aab6565030f10da5c6,0x17fec526599574cb,0xe50985c35c3decd5e79e8517901fb4faad6334ced1680b479cdcabb20d54af11,3,97777474,1.7290360754592453,1748250692453264,Balanced Dollar,0.213966825,bnUSD,0,1,2025-05-26
cx2609b924e33ef00b648a409245c7ea394c467824,cxa0af3165c08318e988cb30993b3048335b94af6c,cx21e94c08c03daee80c25d8ee3ea22a20786ec231,0x19352bdc530ca40000a,0xe50985c35c3decd5e79e8517901fb4faad6334ced1680b479cdcabb20d54af11,2,97777474,7440.0,1748250692453264,Staked ICX,0.213966825,sICX,0,1,2025-05-26
cx88fd7df7ddff82f7cc735c871dc519838cb235bb,cx21e94c08c03daee80c25d8ee3ea22a20786ec231,cxa0af3165c08318e988cb30993b3048335b94af6c,0x3e7ccc13de9fe026da,0xe50985c35c3decd5e79e8517901fb4faad6334ced1680b479cdcabb20d54af11,1,97777474,1152.6907169728302,1748250692453264,Balanced Dollar,0.213966825,bnUSD,0,1,2025-05-26
cx88fd7df7ddff82f7cc735c871dc519838cb235bb,hx970eda4988e547df0de8324226fdf3e8ebc9734f,cx21e94c08c03daee80c25d8ee3ea22a20786ec231,0x3e7ccc13de9fe026da,0xe50985c35c3decd5e79e8517901fb4faad6334ced1680b479cdcabb20d54af11,0,97777474,1152.6907169728302,1748250692453264,Balanced Dollar,0.213966825,bnUSD,0,1,2025-05-26
cx88fd7df7ddff82f7cc735c871dc519838cb235bb,cxa0af3165c08318e988cb30993b3048335b94af6c,cx5faae53c4dbd1fbe4a2eb4aab6565030f10da5c6,0x2e21d12f245f907,0xb6a21aa523dcafc4fd6509e87fa97a5a80dabe4a9007deee0eb0d62ecfaf183d,2,97777230,0.20776050002375296,1748250204376782,Balanced Dollar,0.0569592,bnUSD,0,1,2025-05-26
cx88fd7df7ddff82f7cc735c871dc519838cb235bb,cxa0af3165c08318e988cb30993b3048335b94af6c,hxd75467e3e4ce64e3424c747dfb71503017440433,0x77da16b630879372a,0xb6a21aa523dcafc4fd6509e87fa97a5a80dabe4a9007deee0eb0d62ecfaf183d,1,97777230,138.17984331504636,1748250204376782,Balanced Dollar,0.0569592,bnUSD,0,1,2025-05-26
cx4297f4b63262507623b6ad575d0d8dd2db980e4e,hxd75467e3e4ce64e3424c747dfb71503017440433,cxa0af3165c08318e988cb30993b3048335b94af6c,0x8ac7230489e80000,0xb6a21aa523dcafc4fd6509e87fa97a5a80dabe4a9007deee0eb0d62ecfaf183d,0,97777230,10.0,1748250204376782,Injective,0.0569592,INJ,0,1,2025-05-26
cx88fd7df7ddff82f7cc735c871dc519838cb235bb,cxa0af3165c08318e988cb30993b3048335b94af6c,cx5faae53c4dbd1fbe4a2eb4aab6565030f10da5c6,0x3c6c6d8f9ccc069,0x7c75b68f9d99053f3319fd3925fc5361fd9d0b1ef9b2cd91d15c5a799a42fc43,2,97777202,0.27212346270867466,1748250148274196,Balanced Dollar,0.0473865625,bnUSD,0,1,2025-05-26
cx88fd7df7ddff82f7cc735c871dc519838cb235bb,cxa0af3165c08318e988cb30993b3048335b94af6c,hxd75467e3e4ce64e3424c747dfb71503017440433,0x9cf9820f312f7ac0c,0x7c75b68f9d99053f3319fd3925fc5361fd9d0b1ef9b2cd91d15c5a799a42fc43,1,97777202,180.97943905406444,1748250148274196,Balanced Dollar,0.0473865625,bnUSD,0,1,2025-05-26
cx508002ec116fbf3ab406329c0df28e70d7e75fb3,hxd75467e3e4ce64e3424c747dfb71503017440433,cxa0af3165c08318e988cb30993b3048335b94af6c,0xba43b7400,0x7c75b68f9d99053f3319fd3925fc5361fd9d0b1ef9b2cd91d15c5a799a42fc43,0,97777202,50.0,1748250148274196,Sui,0.0473865625,SUI,0,1,2025-05-26
cx88fd7df7ddff82f7cc735c871dc519838cb235bb,cxa0af3165c08318e988cb30993b3048335b94af6c,cx5faae53c4dbd1fbe4a2eb4aab6565030f10da5c6,0x2f844085b0ed09c,0x4db5480e49dd25d729e4a13cd9b4bf5ce007b0669761f73dc822988bff7249c2,2,97777150,0.21399578497822325,1748250044279704,Balanced Dollar,0.056926325,bnUSD,0,1,2025-05-26
cx88fd7df7ddff82f7cc735c871dc519838cb235bb,cxa0af3165c08318e988cb30993b3048335b94af6c,hxd75467e3e4ce64e3424c747dfb71503017440433,0x7b6f03ebdc1cb64b5,0x4db5480e49dd25d729e4a13cd9b4bf5ce007b0669761f73dc822988bff7249c2,1,97777150,142.30931361000137,1748250044279704,Balanced Dollar,0.056926325,bnUSD,0,1,2025-05-26
cx66a031cc3bd305c76371fb586e93801b948254f0,hxd75467e3e4ce64e3424c747dfb71503017440433,cxa0af3165c08318e988cb30993b3048335b94af6c,0x53444835ec580000,0x4db5480e49dd25d729e4a13cd9b4bf5ce007b0669761f73dc822988bff7249c2,0,97777150,6.0,1748250044279704,Avalanche,0.056926325,AVAX,0,1,2025-05-26
cx88fd7df7ddff82f7cc735c871dc519838cb235bb,cxa0af3165c08318e988cb30993b3048335b94af6c,cx5faae53c4dbd1fbe4a2eb4aab6565030f10da5c6,0x3c7ee65e1abf7ec,0xbd535245660867cf2db73657ffa8a7b11c0e2c8e2525af1bc3ff44d04edc5b04,2,97776976,0.27244842382445567,1748249693837062,Balanced Dollar,0.04738525,bnUSD,0,1,2025-05-26
cx88fd7df7ddff82f7cc735c871dc519838cb235bb,cxa0af3165c08318e988cb30993b3048335b94af6c,hxd75467e3e4ce64e3424c747dfb71503017440433,0x9d2982b9b89d9a875,0xbd535245660867cf2db73657ffa8a7b11c0e2c8e2525af1bc3ff44d04edc5b04,1,97776976,181.1956235548435,1748249693837062,Balanced Dollar,0.04738525,bnUSD,0,1,2025-05-26
cx508002ec116fbf3ab406329c0df28e70d7e75fb3,hxd75467e3e4ce64e3424c747dfb71503017440433,cxa0af3165c08318e988cb30993b3048335b94af6c,0xba43b7400,0xbd535245660867cf2db73657ffa8a7b11c0e2c8e2525af1bc3ff44d04edc5b04,0,97776976,50.0,1748249693837062,Sui,0.04738525,SUI,0,1,2025-05-26
cx88fd7df7ddff82f7cc735c871dc519838cb235bb,cxa0af3165c08318e988cb30993b3048335b94af6c,cx5faae53c4dbd1fbe4a2eb4aab6565030f10da5c6,0x2f90cf0a00dc021,0xca61b75a972483226c9b46a9faebc97ef08f5792e93bc6beb5ef1251f048fd88,2,97776942,0.2142166848937493,1748249625976823,Balanced Dollar,0.056922325,bnUSD,0,1,2025-05-26
cx88fd7df7ddff82f7cc735c871dc519838cb235bb,cxa0af3165c08318e988cb30993b3048335b94af6c,hxd75467e3e4ce64e3424c747dfb71503017440433,0x7b8fa46a21e4590fe,0xca61b75a972483226c9b46a9faebc97ef08f5792e93bc6beb5ef1251f048fd88,1,97776942,142.45625222522978,1748249625976823,Balanced Dollar,0.056922325,bnUSD,0,1,2025-05-26
cx66a031cc3bd305c76371fb586e93801b948254f0,hxd75467e3e4ce64e3424c747dfb71503017440433,cxa0af3165c08318e988cb30993b3048335b94af6c,0x53444835ec580000,0xca61b75a972483226c9b46a9faebc97ef08f5792e93bc6beb5ef1251f048fd88,0,97776942,6.0,1748249625976823,Avalanche,0.056922325,AVAX,0,1,2025-05-26
cx88fd7df7ddff82f7cc735c871dc519838cb235bb,cxa0af3165c08318e988cb30993b3048335b94af6c,cx5faae53c4dbd1fbe4a2eb4aab6565030f10da5c6,0x3c9167a6e12f195,0xb3489dd0af8c20d42a29b1f1d2fe28eb3b1baef91270517eb9c4759d8ad6ace0,2,97776920,0.2727739675211821,1748249581879355,Balanced Dollar,0.04738525,bnUSD,0,1,2025-05-26
cx88fd7df7ddff82f7cc735c871dc519838cb235bb,cxa0af3165c08318e988cb30993b3048335b94af6c,hxd75467e3e4ce64e3424c747dfb71503017440433,0x9d59996dd0a814902,0xb3489dd0af8c20d42a29b1f1d2fe28eb3b1baef91270517eb9c4759d8ad6ace0,1,97776920,181.41219574100953,1748249581879355,Balanced Dollar,0.04738525,bnUSD,0,1,2025-05-26
cx508002ec116fbf3ab406329c0df28e70d7e75fb3,hxd75467e3e4ce64e3424c747dfb71503017440433,cxa0af3165c08318e988cb30993b3048335b94af6c,0xba43b7400,0xb3489dd0af8c20d42a29b1f1d2fe28eb3b1baef91270517eb9c4759d8ad6ace0,0,97776920,50.0,1748249581879355,Sui,0.04738525,SUI,0,1,2025-05-26
cxf61cd5a45dc9f91c15aa65831a30a90d59a09619,cx9345f80d6c98357ccbb70392b14162199c2c5f66,cxd82fb5d3effecd8c9071a4bba3856ad7222c4b91,0xb8cedbe28c7aa836,0xd063b222107611f1e74004825bcd94b045b205fc8fdc1bf61c8c40706c0a8b3a,4,97776905,13.316822914247076,1748249551835768,Balance Token,0.1306281125,BALN,0,2,2025-05-26
cx2609b924e33ef00b648a409245c7ea394c467824,cx9345f80d6c98357ccbb70392b14162199c2c5f66,cxd82fb5d3effecd8c9071a4bba3856ad7222c4b91,0xc23ef4e6570cb3d50,0xd063b222107611f1e74004825bcd94b045b205fc8fdc1bf61c8c40706c0a8b3a,3,97776905,223.95030339286697,1748249551835768,Staked ICX,0.1306281125,sICX,0,2,2025-05-26
cx88fd7df7ddff82f7cc735c871dc519838cb235bb,hx0000000000000000000000000000000000000000,cx5faae53c4dbd1fbe4a2eb4aab6565030f10da5c6,0x0,0xd063b222107611f1e74004825bcd94b045b205fc8fdc1bf61c8c40706c0a8b3a,2,97776905,0.0,1748249551835768,Balanced Dollar,0.1306281125,bnUSD,0,2,2025-05-26
cx88fd7df7ddff82f7cc735c871dc519838cb235bb,hx0000000000000000000000000000000000000000,cxd82fb5d3effecd8c9071a4bba3856ad7222c4b91,0x12b1913aded5ecb10,0xd063b222107611f1e74004825bcd94b045b205fc8fdc1bf61c8c40706c0a8b3a,1,97776905,21.552279129490902,1748249551835768,Balanced Dollar,0.1306281125,bnUSD,0,2,2025-05-26
cx88fd7df7ddff82f7cc735c871dc519838cb235bb,hxd75467e3e4ce64e3424c747dfb71503017440433,cxd82fb5d3effecd8c9071a4bba3856ad7222c4b91,0x432f28281703b00000,0xd063b222107611f1e74004825bcd94b045b205fc8fdc1bf61c8c40706c0a8b3a,0,97776905,1239.3298629367023,1748249551835768,Balanced Dollar,0.1306281125,bnUSD,0,2,2025-05-26
cx88fd7df7ddff82f7cc735c871dc519838cb235bb,cxa0af3165c08318e988cb30993b3048335b94af6c,cx5faae53c4dbd1fbe4a2eb4aab6565030f10da5c6,0x2f9d62897df4906,0x2d1ee7c66576047aed630f241762a3600a5f03278788c368ae5d063bb66a09ed,2,97776903,0.21443792711183796,1748249547788463,Balanced Dollar,0.0569236375,bnUSD,0,1,2025-05-26
cx88fd7df7ddff82f7cc735c871dc519838cb235bb,cxa0af3165c08318e988cb30993b3048335b94af6c,hxd75467e3e4ce64e3424c747dfb71503017440433,0x7bb051daa35ae1a55,0x2d1ee7c66576047aed630f241762a3600a5f03278788c368ae5d063bb66a09ed,1,97776903,142.6034185928252,1748249547788463,Balanced Dollar,0.0569236375,bnUSD,0,1,2025-05-26
cx66a031cc3bd305c76371fb586e93801b948254f0,hxd75467e3e4ce64e3424c747dfb71503017440433,cxa0af3165c08318e988cb30993b3048335b94af6c,0x53444835ec580000,0x2d1ee7c66576047aed630f241762a3600a5f03278788c368ae5d063bb66a09ed,0,97776903,6.0,1748249547788463,Avalanche,0.0569236375,AVAX,0,1,2025-05-26
cx88fd7df7ddff82f7cc735c871dc519838cb235bb,cxa0af3165c08318e988cb30993b3048335b94af6c,cx5faae53c4dbd1fbe4a2eb4aab6565030f10da5c6,0x2e30ecbcb9e2e36,0x888d5a33408c8be91163d11b9e8f0a86d916055e08b268619fcfb992ebe68c12,2,97776900,0.2080262762464661,1748249542022551,Balanced Dollar,0.0569592,bnUSD,0,1,2025-05-26
cx88fd7df7ddff82f7cc735c871dc519838cb235bb,cxa0af3165c08318e988cb30993b3048335b94af6c,hxd75467e3e4ce64e3424c747dfb71503017440433,0x780159e522e331769,0x888d5a33408c8be91163d11b9e8f0a86d916055e08b268619fcfb992ebe68c12,1,97776900,138.35666560313217,1748249542022551,Balanced Dollar,0.0569592,bnUSD,0,1,2025-05-26
cx4297f4b63262507623b6ad575d0d8dd2db980e4e,hxd75467e3e4ce64e3424c747dfb71503017440433,cxa0af3165c08318e988cb30993b3048335b94af6c,0x8ac7230489e80000,0x888d5a33408c8be91163d11b9e8f0a86d916055e08b268619fcfb992ebe68c12,0,97776900,10.0,1748249542022551,Injective,0.0569592,INJ,0,1,2025-05-26
cx88fd7df7ddff82f7cc735c871dc519838cb235bb,cxa0af3165c08318e988cb30993b3048335b94af6c,cx5faae53c4dbd1fbe4a2eb4aab6565030f10da5c6,0x2e400fb7dbc24c7,0x2847e32ad4c1c219b9f7220975fbe304c2d948d3ff65f2bf5dc4d5b8efc67a9d,2,97776712,0.20829256291215892,1748249165669534,Balanced Dollar,0.0569592,bnUSD,0,1,2025-05-26
cx88fd7df7ddff82f7cc735c871dc519838cb235bb,cxa0af3165c08318e988cb30993b3048335b94af6c,hxd75467e3e4ce64e3424c747dfb71503017440433,0x7828b06380dccdcc0,0x2847e32ad4c1c219b9f7220975fbe304c2d948d3ff65f2bf5dc4d5b8efc67a9d,1,97776712,138.53382760047973,1748249165669534,Balanced Dollar,0.0569592,bnUSD,0,1,2025-05-26
cx4297f4b63262507623b6ad575d0d8dd2db980e4e,hxd75467e3e4ce64e3424c747dfb71503017440433,cxa0af3165c08318e988cb30993b3048335b94af6c,0x8ac7230489e80000,0x2847e32ad4c1c219b9f7220975fbe304c2d948d3ff65f2bf5dc4d5b8efc67a9d,0,97776712,10.0,1748249165669534,Injective,0.0569592,INJ,0,1,2025-05-26
cx88fd7df7ddff82f7cc735c871dc519838cb235bb,cxa0af3165c08318e988cb30993b3048335b94af6c,cx5faae53c4dbd1fbe4a2eb4aab6565030f10da5c6,0x2fa9fb06cb1e46e,0x003ed463ae2773d91b982ba234b6ae2248f07380f271e65da4d1e0eca79098d3,2,97776708,0.21465951234017802,1748249158031193,Balanced Dollar,0.0569236375,bnUSD,0,1,2025-05-26
cx88fd7df7ddff82f7cc735c871dc519838cb235bb,cxa0af3165c08318e988cb30993b3048335b94af6c,hxd75467e3e4ce64e3424c747dfb71503017440433,0x7bd10c443b0f01040,0x003ed463ae2773d91b982ba234b6ae2248f07380f271e65da4d1e0eca79098d3,1,97776708,142.75081318377298,1748249158031193,Balanced Dollar,0.0569236375,bnUSD,0,1,2025-05-26
cx66a031cc3bd305c76371fb586e93801b948254f0,hxd75467e3e4ce64e3424c747dfb71503017440433,cxa0af3165c08318e988cb30993b3048335b94af6c,0x53444835ec580000,0x003ed463ae2773d91b982ba234b6ae2248f07380f271e65da4d1e0eca79098d3,0,97776708,6.0,1748249158031193,Avalanche,0.0569236375,AVAX,0,1,2025-05-26
cx88fd7df7ddff82f7cc735c871dc519838cb235bb,cxa0af3165c08318e988cb30993b3048335b94af6c,cx5faae53c4dbd1fbe4a2eb4aab6565030f10da5c6,0x3ca3f16f2121e9d,0xd96dce990655c48a026fab7b8f653f41adcb86cf3c3581bb3c1b123e89aae900,2,97776589,0.2731000951924405,1748248919643873,Balanced Dollar,0.04738925,bnUSD,0,1,2025-05-26
cx88fd7df7ddff82f7cc735c871dc519838cb235bb,cxa0af3165c08318e988cb30993b3048335b94af6c,hxd75467e3e4ce64e3424c747dfb71503017440433,0x9d89c638f9190bb2e,0xd96dce990655c48a026fab7b8f653f41adcb86cf3c3581bb3c1b123e89aae900,1,97776589,181.62915654021893,1748248919643873,Balanced Dollar,0.04738925,bnUSD,0,1,2025-05-26
cx508002ec116fbf3ab406329c0df28e70d7e75fb3,hxd75467e3e4ce64e3424c747dfb71503017440433,cxa0af3165c08318e988cb30993b3048335b94af6c,0xba43b7400,0xd96dce990655c48a026fab7b8f653f41adcb86cf3c3581bb3c1b123e89aae900,0,97776589,50.0,1748248919643873,Sui,0.04738925,SUI,0,1,2025-05-26
cx88fd7df7ddff82f7cc735c871dc519838cb235bb,cx21e94c08c03daee80c25d8ee3ea22a20786ec231,hx2debd9ec927cca1639da8d3518dd9dbf1cdfb357,0x169671e45b36ef4d26,0x7bb23ee42c801a928e999099ed917cabe20026abbc681813ec80208fcf158106,5,97776579,416.66906648008245,1748248899607557,Balanced Dollar,0.088410925,bnUSD,0,1,2025-05-26
cx88fd7df7ddff82f7cc735c871dc519838cb235bb,cxa0af3165c08318e988cb30993b3048335b94af6c,cx5faae53c4dbd1fbe4a2eb4aab6565030f10da5c6,0x8aedbff075ccaea,0x7bb23ee42c801a928e999099ed917cabe20026abbc681813ec80208fcf158106,3,97776579,0.6256792866377429,1748248899607557,Balanced Dollar,0.088410925,bnUSD,0,1,2025-05-26
cx88fd7df7ddff82f7cc735c871dc519838cb235bb,cxa0af3165c08318e988cb30993b3048335b94af6c,cx21e94c08c03daee80c25d8ee3ea22a20786ec231,0x169671e45b36ef4d26,0x7bb23ee42c801a928e999099ed917cabe20026abbc681813ec80208fcf158106,2,97776579,416.66906648008245,1748248899607557,Balanced Dollar,0.088410925,bnUSD,0,1,2025-05-26
cx4297f4b63262507623b6ad575d0d8dd2db980e4e,cx21e94c08c03daee80c25d8ee3ea22a20786ec231,cxa0af3165c08318e988cb30993b3048335b94af6c,0x1a055690d9db80000,0x7bb23ee42c801a928e999099ed917cabe20026abbc681813ec80208fcf158106,1,97776579,30.0,1748248899607557,Injective,0.088410925,INJ,0,1,2025-05-26
cx4297f4b63262507623b6ad575d0d8dd2db980e4e,hx2debd9ec927cca1639da8d3518dd9dbf1cdfb357,cx21e94c08c03daee80c25d8ee3ea22a20786ec231,0x1a055690d9db80000,0x7bb23ee42c801a928e999099ed917cabe20026abbc681813ec80208fcf158106,0,97776579,30.0,1748248899607557,Injective,0.088410925,INJ,0,1,2025-05-26
cx88fd7df7ddff82f7cc735c871dc519838cb235bb,cxa0af3165c08318e988cb30993b3048335b94af6c,cx5faae53c4dbd1fbe4a2eb4aab6565030f10da5c6,0x3cb683bc0f99077,0x076de52bc116f2ecf6f7630b2eed65a8ab73a304c4fb14a7971e20dc7aa3744c,2,97776569,0.2734268082359871,1748248879873249,Balanced Dollar,0.04738525,bnUSD,0,2,2025-05-26
cx88fd7df7ddff82f7cc735c871dc519838cb235bb,cxa0af3165c08318e988cb30993b3048335b94af6c,hxd75467e3e4ce64e3424c747dfb71503017440433,0x9dba0928bc1282e92,0x076de52bc116f2ecf6f7630b2eed65a8ab73a304c4fb14a7971e20dc7aa3744c,1,97776569,181.84650688290463,1748248879873249,Balanced Dollar,0.04738525,bnUSD,0,2,2025-05-26
cx508002ec116fbf3ab406329c0df28e70d7e75fb3,hxd75467e3e4ce64e3424c747dfb71503017440433,cxa0af3165c08318e988cb30993b3048335b94af6c,0xba43b7400,0x076de52bc116f2ecf6f7630b2eed65a8ab73a304c4fb14a7971e20dc7aa3744c,0,97776569,50.0,1748248879873249,Sui,0.04738525,SUI,0,2,2025-05-26
cx508002ec116fbf3ab406329c0df28e70d7e75fb3,cx21e94c08c03daee80c25d8ee3ea22a20786ec231,hx0000000000000000000000000000000000000000,0xb4e6f325b,0x501846bcf0891d1cd7a60a468b80b0f35695ecbd0ada1043622c19ec10d0337b,21,97776564,48.560550491,1748248869626590,Sui,0.2733521125,SUI,0,1,2025-05-26
cx88fd7df7ddff82f7cc735c871dc519838cb235bb,cxa0af3165c08318e988cb30993b3048335b94af6c,cx5faae53c4dbd1fbe4a2eb4aab6565030f10da5c6,0x3b2dc4e8c4fc458,0x501846bcf0891d1cd7a60a468b80b0f35695ecbd0ada1043622c19ec10d0337b,17,97776564,0.26651755788787823,1748248869626590,Balanced Dollar,0.2733521125,bnUSD,0,1,2025-05-26
cx508002ec116fbf3ab406329c0df28e70d7e75fb3,cxa0af3165c08318e988cb30993b3048335b94af6c,cx21e94c08c03daee80c25d8ee3ea22a20786ec231,0xb4e6f325b,0x501846bcf0891d1cd7a60a468b80b0f35695ecbd0ada1043622c19ec10d0337b,16,97776564,48.560550491,1748248869626590,Sui,0.2733521125,SUI,0,1,2025-05-26
cx88fd7df7ddff82f7cc735c871dc519838cb235bb,cx21e94c08c03daee80c25d8ee3ea22a20786ec231,cxa0af3165c08318e988cb30993b3048335b94af6c,0x9a1c861e2ba64a5b9,0x501846bcf0891d1cd7a60a468b80b0f35695ecbd0ada1043622c19ec10d0337b,15,97776564,177.67837192525215,1748248869626590,Balanced Dollar,0.2733521125,bnUSD,0,1,2025-05-26
cx88fd7df7ddff82f7cc735c871dc519838cb235bb,cx203d9cd2a669be67177e997b8948ce2c35caffae,cx835b300dcfe01f0bdb794e134a0c5628384f4367,0x132ac88c1097de21,0x501846bcf0891d1cd7a60a468b80b0f35695ecbd0ada1043622c19ec10d0337b,12,97776564,1.3811367396418432,1748248869626590,Balanced Dollar,0.2733521125,bnUSD,0,1,2025-05-26
cx88fd7df7ddff82f7cc735c871dc519838cb235bb,cx5faae53c4dbd1fbe4a2eb4aab6565030f10da5c6,cx203d9cd2a669be67177e997b8948ce2c35caffae,0x1b61b0c817b461e6,0x501846bcf0891d1cd7a60a468b80b0f35695ecbd0ada1043622c19ec10d0337b,10,97776564,1.9730524852026332,1748248869626590,Balanced Dollar,0.2733521125,bnUSD,0,1,2025-05-26
cx88fd7df7ddff82f7cc735c871dc519838cb235bb,cx5faae53c4dbd1fbe4a2eb4aab6565030f10da5c6,cxdc30a0d3a1f131565c071272a20bc0b06fd4c17b,0x1b61b0c817b461e6,0x501846bcf0891d1cd7a60a468b80b0f35695ecbd0ada1043622c19ec10d0337b,9,97776564,1.9730524852026332,1748248869626590,Balanced Dollar,0.2733521125,bnUSD,0,1,2025-05-26
cx88fd7df7ddff82f7cc735c871dc519838cb235bb,cxa0af3165c08318e988cb30993b3048335b94af6c,cx5faae53c4dbd1fbe4a2eb4aab6565030f10da5c6,0x3b58698ef020231,0x501846bcf0891d1cd7a60a468b80b0f35695ecbd0ada1043622c19ec10d0337b,8,97776564,0.2672677443014498,1748248869626590,Balanced Dollar,0.2733521125,bnUSD,0,1,2025-05-26
cx88fd7df7ddff82f7cc735c871dc519838cb235bb,cxa0af3165c08318e988cb30993b3048335b94af6c,cx21e94c08c03daee80c25d8ee3ea22a20786ec231,0x9a1c861e2ba64a5b9,0x501846bcf0891d1cd7a60a468b80b0f35695ecbd0ada1043622c19ec10d0337b,7,97776564,177.67837192525215,1748248869626590,Balanced Dollar,0.2733521125,bnUSD,0,1,2025-05-26
cx2609b924e33ef00b648a409245c7ea394c467824,cx21e94c08c03daee80c25d8ee3ea22a20786ec231,cxa0af3165c08318e988cb30993b3048335b94af6c,0x3e9c1e68ca64a1271b,0x501846bcf0891d1cd7a60a468b80b0f35695ecbd0ada1043622c19ec10d0337b,6,97776564,1154.9476767076912,1748248869626590,Staked ICX,0.2733521125,sICX,0,1,2025-05-26
cx2609b924e33ef00b648a409245c7ea394c467824,cxa0af3165c08318e988cb30993b3048335b94af6c,cx5faae53c4dbd1fbe4a2eb4aab6565030f10da5c6,0x181c1c42ccf01744,0x501846bcf0891d1cd7a60a468b80b0f35695ecbd0ada1043622c19ec10d0337b,4,97776564,1.7372946294898748,1748248869626590,Staked ICX,0.2733521125,sICX,0,1,2025-05-26
cx2609b924e33ef00b648a409245c7ea394c467824,cxa0af3165c08318e988cb30993b3048335b94af6c,cx21e94c08c03daee80c25d8ee3ea22a20786ec231,0x3e9c1e68ca64a1271b,0x501846bcf0891d1cd7a60a468b80b0f35695ecbd0ada1043622c19ec10d0337b,3,97776564,1154.9476767076912,1748248869626590,Staked ICX,0.2733521125,sICX,0,1,2025-05-26
cx3975b43d260fb8ec802cef6e60c2f4d07486f11d,cx21e94c08c03daee80c25d8ee3ea22a20786ec231,cxa0af3165c08318e988cb30993b3048335b94af6c,0x54069233bf7f780000,0x501846bcf0891d1cd7a60a468b80b0f35695ecbd0ada1043622c19ec10d0337b,2,97776564,1550.0,1748248869626590,Wrapped ICX,0.2733521125,wICX,0,1,2025-05-26
cx3975b43d260fb8ec802cef6e60c2f4d07486f11d,hxf29687864acd425ac2ff66b6cb602e721e247870,cx21e94c08c03daee80c25d8ee3ea22a20786ec231,0x54069233bf7f780000,0x501846bcf0891d1cd7a60a468b80b0f35695ecbd0ada1043622c19ec10d0337b,1,97776564,1550.0,1748248869626590,Wrapped ICX,0.2733521125,wICX,0,1,2025-05-26
cx3975b43d260fb8ec802cef6e60c2f4d07486f11d,hx0000000000000000000000000000000000000000,hxf29687864acd425ac2ff66b6cb602e721e247870,0x54069233bf7f780000,0x501846bcf0891d1cd7a60a468b80b0f35695ecbd0ada1043622c19ec10d0337b,0,97776564,1550.0,1748248869626590,Wrapped ICX,0.2733521125,wICX,0,1,2025-05-26
cx508002ec116fbf3ab406329c0df28e70d7e75fb3,cx21e94c08c03daee80c25d8ee3ea22a20786ec231,hx0000000000000000000000000000000000000000,0xaf66c7a47,0x50dd676ce3e14c3b9daa86a1e16bd351f9cea7ff89484817e53e5c360be42d31,23,97776517,47.083977287,1748248775647602,Sui,0.4283264875,SUI,0,1,2025-05-26
cx88fd7df7ddff82f7cc735c871dc519838cb235bb,cxa0af3165c08318e988cb30993b3048335b94af6c,cx5faae53c4dbd1fbe4a2eb4aab6565030f10da5c6,0x39504b53d9b8ae7,0x50dd676ce3e14c3b9daa86a1e16bd351f9cea7ff89484817e53e5c360be42d31,19,97776517,0.25811773011286704,1748248775647602,Balanced Dollar,0.4283264875,bnUSD,0,1,2025-05-26
cx508002ec116fbf3ab406329c0df28e70d7e75fb3,cxa0af3165c08318e988cb30993b3048335b94af6c,cx21e94c08c03daee80c25d8ee3ea22a20786ec231,0xaf66c7a47,0x50dd676ce3e14c3b9daa86a1e16bd351f9cea7ff89484817e53e5c360be42d31,18,97776517,47.083977287,1748248775647602,Sui,0.4283264875,SUI,0,1,2025-05-26
cx88fd7df7ddff82f7cc735c871dc519838cb235bb,cx21e94c08c03daee80c25d8ee3ea22a20786ec231,cxa0af3165c08318e988cb30993b3048335b94af6c,0x9541197fb1a646607,0x50dd676ce3e14c3b9daa86a1e16bd351f9cea7ff89484817e53e5c360be42d31,17,97776517,172.07848674191138,1748248775647602,Balanced Dollar,0.4283264875,bnUSD,0,1,2025-05-26
cx88fd7df7ddff82f7cc735c871dc519838cb235bb,cxa0af3165c08318e988cb30993b3048335b94af6c,cx5faae53c4dbd1fbe4a2eb4aab6565030f10da5c6,0x3979af0b91984e4,0x50dd676ce3e14c3b9daa86a1e16bd351f9cea7ff89484817e53e5c360be42d31,15,97776517,0.2588458622853788,1748248775647602,Balanced Dollar,0.4283264875,bnUSD,0,1,2025-05-26
cx88fd7df7ddff82f7cc735c871dc519838cb235bb,cxa0af3165c08318e988cb30993b3048335b94af6c,cx21e94c08c03daee80c25d8ee3ea22a20786ec231,0x9541197fb1a646607,0x50dd676ce3e14c3b9daa86a1e16bd351f9cea7ff89484817e53e5c360be42d31,14,97776517,172.07848674191138,1748248775647602,Balanced Dollar,0.4283264875,bnUSD,0,1,2025-05-26
cx2609b924e33ef00b648a409245c7ea394c467824,cx21e94c08c03daee80c25d8ee3ea22a20786ec231,cxa0af3165c08318e988cb30993b3048335b94af6c,0x3c9d0c7a192038651e,0x50dd676ce3e14c3b9daa86a1e16bd351f9cea7ff89484817e53e5c360be42d31,13,97776517,1118.1211986345816,1748248775647602,Staked ICX,0.4283264875,sICX,0,1,2025-05-26
cx2609b924e33ef00b648a409245c7ea394c467824,cx203d9cd2a669be67177e997b8948ce2c35caffae,cx835b300dcfe01f0bdb794e134a0c5628384f4367,0x260fd84908b9117f,0x50dd676ce3e14c3b9daa86a1e16bd351f9cea7ff89484817e53e5c360be42d31,10,97776517,2.74264850628248,1748248775647602,Staked ICX,0.4283264875,sICX,0,1,2025-05-26
cx2609b924e33ef00b648a409245c7ea394c467824,cx5faae53c4dbd1fbe4a2eb4aab6565030f10da5c6,cx203d9cd2a669be67177e997b8948ce2c35caffae,0x365fc743c35186b6,0x50dd676ce3e14c3b9daa86a1e16bd351f9cea7ff89484817e53e5c360be42d31,7,97776517,3.918069294689257,1748248775647602,Staked ICX,0.4283264875,sICX,0,1,2025-05-26
cx2609b924e33ef00b648a409245c7ea394c467824,cx5faae53c4dbd1fbe4a2eb4aab6565030f10da5c6,cxdc30a0d3a1f131565c071272a20bc0b06fd4c17b,0x365fc743c35186b6,0x50dd676ce3e14c3b9daa86a1e16bd351f9cea7ff89484817e53e5c360be42d31,5,97776517,3.918069294689257,1748248775647602,Staked ICX,0.4283264875,sICX,0,1,2025-05-26
cx2609b924e33ef00b648a409245c7ea394c467824,cxa0af3165c08318e988cb30993b3048335b94af6c,cx5faae53c4dbd1fbe4a2eb4aab6565030f10da5c6,0x1757584e130a38b3,0x50dd676ce3e14c3b9daa86a1e16bd351f9cea7ff89484817e53e5c360be42d31,4,97776517,1.6819100781963,1748248775647602,Staked ICX,0.4283264875,sICX,0,1,2025-05-26
cx2609b924e33ef00b648a409245c7ea394c467824,cxa0af3165c08318e988cb30993b3048335b94af6c,cx21e94c08c03daee80c25d8ee3ea22a20786ec231,0x3c9d0c7a192038651e,0x50dd676ce3e14c3b9daa86a1e16bd351f9cea7ff89484817e53e5c360be42d31,3,97776517,1118.1211986345816,1748248775647602,Staked ICX,0.4283264875,sICX,0,1,2025-05-26
cx3975b43d260fb8ec802cef6e60c2f4d07486f11d,cx21e94c08c03daee80c25d8ee3ea22a20786ec231,cxa0af3165c08318e988cb30993b3048335b94af6c,0x5150ae84a8cdf00000,0x50dd676ce3e14c3b9daa86a1e16bd351f9cea7ff89484817e53e5c360be42d31,2,97776517,1500.0,1748248775647602,Wrapped ICX,0.4283264875,wICX,0,1,2025-05-26
cx3975b43d260fb8ec802cef6e60c2f4d07486f11d,hxd00be7e5ffa19e7f23322b84bd55fef7b2570312,cx21e94c08c03daee80c25d8ee3ea22a20786ec231,0x5150ae84a8cdf00000,0x50dd676ce3e14c3b9daa86a1e16bd351f9cea7ff89484817e53e5c360be42d31,1,97776517,1500.0,1748248775647602,Wrapped ICX,0.4283264875,wICX,0,1,2025-05-26
cx3975b43d260fb8ec802cef6e60c2f4d07486f11d,hx0000000000000000000000000000000000000000,hxd00be7e5ffa19e7f23322b84bd55fef7b2570312,0x5150ae84a8cdf00000,0x50dd676ce3e14c3b9daa86a1e16bd351f9cea7ff89484817e53e5c360be42d31,0,97776517,1500.0,1748248775647602,Wrapped ICX,0.4283264875,wICX,0,1,2025-05-26
cx7baf94bd53b505353285ee4c4c050f9703581703,hxf662476d85bc58ee7aa203810238e0b791afc1c8,hxf662476d85bc58ee7aa203810238e0b791afc1c8,0x0,0x91ad45be34a0eeec647f6e0b6fa3f88ede5f55bb0eba9c9fc3cc84b5f8dfcff4,3,97776402,0.0,1748248545469380,unknown_token,0.09404025,$unknown,12,1,2025-05-26
cx7baf94bd53b505353285ee4c4c050f9703581703,hxf662476d85bc58ee7aa203810238e0b791afc1c8,hxf662476d85bc58ee7aa203810238e0b791afc1c8,0x0,0x91ad45be34a0eeec647f6e0b6fa3f88ede5f55bb0eba9c9fc3cc84b5f8dfcff4,2,97776402,0.0,1748248545469380,unknown_token,0.09404025,$unknown,9,1,2025-05-26
cx7baf94bd53b505353285ee4c4c050f9703581703,hxf662476d85bc58ee7aa203810238e0b791afc1c8,hxf662476d85bc58ee7aa203810238e0b791afc1c8,0x0,0x91ad45be34a0eeec647f6e0b6fa3f88ede5f55bb0eba9c9fc3cc84b5f8dfcff4,1,97776402,0.0,1748248545469380,unknown_token,0.09404025,$unknown,4,1,2025-05-26
cx7baf94bd53b505353285ee4c4c050f9703581703,hxf662476d85bc58ee7aa203810238e0b791afc1c8,hxf662476d85bc58ee7aa203810238e0b791afc1c8,0x0,0x8336c93f96906f8062dfbc6bd842fd1ddeb395ba96d5e0bd741e8d5e8eab981d,1,97776381,0.0,1748248502270960,unknown_token,0.0870947375,$unknown,21,1,2025-05-26
cx88fd7df7ddff82f7cc735c871dc519838cb235bb,cxa0af3165c08318e988cb30993b3048335b94af6c,cx5faae53c4dbd1fbe4a2eb4aab6565030f10da5c6,0x2e7ce64f0109022,0x38f822d11de76b75318c9854b1a4f72e96ab4915afc2e1a5f74199c9f5d88f56,2,97776303,0.2093628406156862,1748248346156595,Balanced Dollar,0.0569578875,bnUSD,0,1,2025-05-26
cx88fd7df7ddff82f7cc735c871dc519838cb235bb,cxa0af3165c08318e988cb30993b3048335b94af6c,hxd75467e3e4ce64e3424c747dfb71503017440433,0x78c6cc78f875156b4,0x38f822d11de76b75318c9854b1a4f72e96ab4915afc2e1a5f74199c9f5d88f56,1,97776303,139.24589039802603,1748248346156595,Balanced Dollar,0.0569578875,bnUSD,0,1,2025-05-26
cx4297f4b63262507623b6ad575d0d8dd2db980e4e,hxd75467e3e4ce64e3424c747dfb71503017440433,cxa0af3165c08318e988cb30993b3048335b94af6c,0x8ac7230489e80000,0x38f822d11de76b75318c9854b1a4f72e96ab4915afc2e1a5f74199c9f5d88f56,0,97776303,10.0,1748248346156595,Injective,0.0569578875,INJ,0,1,2025-05-26
cx88fd7df7ddff82f7cc735c871dc519838cb235bb,cx21e94c08c03daee80c25d8ee3ea22a20786ec231,hx2debd9ec927cca1639da8d3518dd9dbf1cdfb357,0x1ea9b25f0ce9376e48,0xaccea7fcb36db92fdc047783afb2c98639a6e04ae2efded2387f591e017828f9,5,97776276,565.6302626586079,1748248292149113,Balanced Dollar,0.0885113625,bnUSD,0,1,2025-05-26
cx88fd7df7ddff82f7cc735c871dc519838cb235bb,cxa0af3165c08318e988cb30993b3048335b94af6c,cx5faae53c4dbd1fbe4a2eb4aab6565030f10da5c6,0xbcc4db151e6cd88,0xaccea7fcb36db92fdc047783afb2c98639a6e04ae2efded2387f591e017828f9,3,97776276,0.8501398536448117,1748248292149113,Balanced Dollar,0.0885113625,bnUSD,0,1,2025-05-26
cx88fd7df7ddff82f7cc735c871dc519838cb235bb,cxa0af3165c08318e988cb30993b3048335b94af6c,cx21e94c08c03daee80c25d8ee3ea22a20786ec231,0x1ea9b25f0ce9376e48,0xaccea7fcb36db92fdc047783afb2c98639a6e04ae2efded2387f591e017828f9,2,97776276,565.6302626586079,1748248292149113,Balanced Dollar,0.0885113625,bnUSD,0,1,2025-05-26
cx288d13e1b63563459a2ac6179f237711f6851cb5,cx21e94c08c03daee80c25d8ee3ea22a20786ec231,cxa0af3165c08318e988cb30993b3048335b94af6c,0x30d98d59a960000,0xaccea7fcb36db92fdc047783afb2c98639a6e04ae2efded2387f591e017828f9,1,97776276,0.22,1748248292149113,Ethereum,0.0885113625,ETH,0,1,2025-05-26
cx288d13e1b63563459a2ac6179f237711f6851cb5,hx2debd9ec927cca1639da8d3518dd9dbf1cdfb357,cx21e94c08c03daee80c25d8ee3ea22a20786ec231,0x30d98d59a960000,0xaccea7fcb36db92fdc047783afb2c98639a6e04ae2efded2387f591e017828f9,0,97776276,0.22,1748248292149113,Ethereum,0.0885113625,ETH,0,1,2025-05-26
cx88fd7df7ddff82f7cc735c871dc519838cb235bb,cxa0af3165c08318e988cb30993b3048335b94af6c,cx5faae53c4dbd1fbe4a2eb4aab6565030f10da5c6,0x2e8c2eb74a49f83,0x2513a9675a6cf148c4dfacdbaaed2fdbd007ce2a45d559f4a867c7867841379c,2,97776084,0.20963169920277697,1748247906787729,Balanced Dollar,0.0569578875,bnUSD,0,1,2025-05-26
cx88fd7df7ddff82f7cc735c871dc519838cb235bb,cxa0af3165c08318e988cb30993b3048335b94af6c,hxd75467e3e4ce64e3424c747dfb71503017440433,0x78ee84435999a88e8,0x2513a9675a6cf148c4dfacdbaaed2fdbd007ce2a45d559f4a867c7867841379c,1,97776084,139.4247640609505,1748247906787729,Balanced Dollar,0.0569578875,bnUSD,0,1,2025-05-26
cx4297f4b63262507623b6ad575d0d8dd2db980e4e,hxd75467e3e4ce64e3424c747dfb71503017440433,cxa0af3165c08318e988cb30993b3048335b94af6c,0x8ac7230489e80000,0x2513a9675a6cf148c4dfacdbaaed2fdbd007ce2a45d559f4a867c7867841379c,0,97776084,10.0,1748247906787729,Injective,0.0569578875,INJ,0,1,2025-05-26
cx88fd7df7ddff82f7cc735c871dc519838cb235bb,cxa0af3165c08318e988cb30993b3048335b94af6c,cx5faae53c4dbd1fbe4a2eb4aab6565030f10da5c6,0x2e9b7eaa995bba3,0x60b0ba79eb5294e89a5f03a90190889e9164c21b82ebb31e3a1048d92a52deb7,2,97776074,0.2099010761448314,1748247886757107,Balanced Dollar,0.0569578875,bnUSD,0,1,2025-05-26
cx88fd7df7ddff82f7cc735c871dc519838cb235bb,cxa0af3165c08318e988cb30993b3048335b94af6c,hxd75467e3e4ce64e3424c747dfb71503017440433,0x79164fa9cc7dbab30,0x60b0ba79eb5294e89a5f03a90190889e9164c21b82ebb31e3a1048d92a52deb7,1,97776074,139.6039827004124,1748247886757107,Balanced Dollar,0.0569578875,bnUSD,0,1,2025-05-26
cx4297f4b63262507623b6ad575d0d8dd2db980e4e,hxd75467e3e4ce64e3424c747dfb71503017440433,cxa0af3165c08318e988cb30993b3048335b94af6c,0x8ac7230489e80000,0x60b0ba79eb5294e89a5f03a90190889e9164c21b82ebb31e3a1048d92a52deb7,0,97776074,10.0,1748247886757107,Injective,0.0569578875,INJ,0,1,2025-05-26
cx88fd7df7ddff82f7cc735c871dc519838cb235bb,cxa0af3165c08318e988cb30993b3048335b94af6c,hx970eda4988e547df0de8324226fdf3e8ebc9734f,0x9d85af1890671be7d,0x42a726dbb062af636e48802fb421f596bb84e693e9591697854eed6046cd2caf,4,97776019,181.61073529430328,1748247777076352,Balanced Dollar,0.05158815,bnUSD,0,1,2025-05-26
cx288d13e1b63563459a2ac6179f237711f6851cb5,cxa0af3165c08318e988cb30993b3048335b94af6c,hx970eda4988e547df0de8324226fdf3e8ebc9734f,0xf9f2b82a0a4f0f,0x42a726dbb062af636e48802fb421f596bb84e693e9591697854eed6046cd2caf,2,97776019,0.07035414199417626,1748247777076352,Ethereum,0.05158815,ETH,0,1,2025-05-26
cxd17316e24ee40f2ef8ed6f3a497311db1b35206d,hx9645117f1b0c7181a126c7f4f222caefc6ee7a61,hx9645117f1b0c7181a126c7f4f222caefc6ee7a61,0x0,0xa6d57482901daf9f261aaed76a2e417d61640d8dea024effa01aee7b97a6de6e,5,97775982,0.0,1748247702723800,unknown_token,0.0195823375,$unknown,34,1,2025-05-26
cx53f8ccd5426534f82cf10cb742de033e51da72fc,hx9645117f1b0c7181a126c7f4f222caefc6ee7a61,hx0000000000000000000000000000000000000000,0x0,0xa6d57482901daf9f261aaed76a2e417d61640d8dea024effa01aee7b97a6de6e,4,97775982,0.0,1748247702723800,unknown_token,0.0195823375,$unknown,1,1,2025-05-26
cx7baf94bd53b505353285ee4c4c050f9703581703,hx9645117f1b0c7181a126c7f4f222caefc6ee7a61,hx0000000000000000000000000000000000000000,0x0,0xa6d57482901daf9f261aaed76a2e417d61640d8dea024effa01aee7b97a6de6e,2,97775982,0.0,1748247702723800,unknown_token,0.0195823375,$unknown,32,1,2025-05-26
cx7baf94bd53b505353285ee4c4c050f9703581703,hx9645117f1b0c7181a126c7f4f222caefc6ee7a61,hx0000000000000000000000000000000000000000,0x0,0xa6d57482901daf9f261aaed76a2e417d61640d8dea024effa01aee7b97a6de6e,0,97775982,0.0,1748247702723800,unknown_token,0.0195823375,$unknown,22,1,2025-05-26
cxd17316e24ee40f2ef8ed6f3a497311db1b35206d,hx9645117f1b0c7181a126c7f4f222caefc6ee7a61,hx9645117f1b0c7181a126c7f4f222caefc6ee7a61,0x0,0x05aaef6bd380d81192751007e8a9a2663fbfaea02f6588347486d2d28b97233d,4,97775961,0.0,1748247660724077,unknown_token,0.0199590125,$unknown,34,1,2025-05-26
cx7baf94bd53b505353285ee4c4c050f9703581703,hx9645117f1b0c7181a126c7f4f222caefc6ee7a61,hx0000000000000000000000000000000000000000,0x0,0x05aaef6bd380d81192751007e8a9a2663fbfaea02f6588347486d2d28b97233d,2,97775961,0.0,1748247660724077,unknown_token,0.0199590125,$unknown,1,1,2025-05-26
cx7baf94bd53b505353285ee4c4c050f9703581703,hx9645117f1b0c7181a126c7f4f222caefc6ee7a61,hx0000000000000000000000000000000000000000,0x0,0x05aaef6bd380d81192751007e8a9a2663fbfaea02f6588347486d2d28b97233d,0,97775961,0.0,1748247660724077,unknown_token,0.0199590125,$unknown,1,1,2025-05-26
cx88fd7df7ddff82f7cc735c871dc519838cb235bb,hx970eda4988e547df0de8324226fdf3e8ebc9734f,cxa0af3165c08318e988cb30993b3048335b94af6c,0x1bfcc467d63d4aa25f,0x23b1d64a1257a34b39091d05e6beefda4f255a6f348a5bce90e3e992917ecfa1,0,97775955,516.2758869529999,1748247648742567,Balanced Dollar,0.0222187625,bnUSD,0,1,2025-05-26
cx288d13e1b63563459a2ac6179f237711f6851cb5,hx970eda4988e547df0de8324226fdf3e8ebc9734f,cxa0af3165c08318e988cb30993b3048335b94af6c,0x2c68af0bb140000,0xf827189c6cd257a62f34f03477b147559b7af8e8444502d551d91a411a6d6ddf,0,97775952,0.2,1748247642690772,Ethereum,0.0216402,ETH,0,1,2025-05-26
cx88fd7df7ddff82f7cc735c871dc519838cb235bb,cxa0af3165c08318e988cb30993b3048335b94af6c,cx5faae53c4dbd1fbe4a2eb4aab6565030f10da5c6,0x2eaad62de5ff44d,0x78394472a6de2aaef744fa171e4765771a44a8157eb62d139e4d790b918287b2,2,97775951,0.21017097277538005,1748247640796518,Balanced Dollar,0.0569578875,bnUSD,0,1,2025-05-26
cx88fd7df7ddff82f7cc735c871dc519838cb235bb,cxa0af3165c08318e988cb30993b3048335b94af6c,hxd75467e3e4ce64e3424c747dfb71503017440433,0x793e2eb93c5df3881,0x78394472a6de2aaef744fa171e4765771a44a8157eb62d139e4d790b918287b2,1,97775951,139.78354720419134,1748247640796518,Balanced Dollar,0.0569578875,bnUSD,0,1,2025-05-26
cx4297f4b63262507623b6ad575d0d8dd2db980e4e,hxd75467e3e4ce64e3424c747dfb71503017440433,cxa0af3165c08318e988cb30993b3048335b94af6c,0x8ac7230489e80000,0x78394472a6de2aaef744fa171e4765771a44a8157eb62d139e4d790b918287b2,0,97775951,10.0,1748247640796518,Injective,0.0569578875,INJ,0,1,2025-05-26
cx07b184a37f03c6ab681fcbd0b45aec6dc3eafbeb,cx21e94c08c03daee80c25d8ee3ea22a20786ec231,hx970eda4988e547df0de8324226fdf3e8ebc9734f,0x11cc9186532001,0xe70b13799bdfc4221272fa40b5e421e9e0955f3fe42f6e196344ce2629fb0de5,5,97775944,0.005010000000000001,1748247626773862,Bitcoin,0.0860027,BTC,0,1,2025-05-26
cx88fd7df7ddff82f7cc735c871dc519838cb235bb,cxa0af3165c08318e988cb30993b3048335b94af6c,cx5faae53c4dbd1fbe4a2eb4aab6565030f10da5c6,0xb75111c9f5258b4,0xe70b13799bdfc4221272fa40b5e421e9e0955f3fe42f6e196344ce2629fb0de5,3,97775944,0.8255849213220845,1748247626773862,Balanced Dollar,0.0860027,bnUSD,0,1,2025-05-26
cx07b184a37f03c6ab681fcbd0b45aec6dc3eafbeb,cxa0af3165c08318e988cb30993b3048335b94af6c,cx21e94c08c03daee80c25d8ee3ea22a20786ec231,0x11cc9186532001,0xe70b13799bdfc4221272fa40b5e421e9e0955f3fe42f6e196344ce2629fb0de5,2,97775944,0.005010000000000001,1748247626773862,Bitcoin,0.0860027,BTC,0,1,2025-05-26
cx88fd7df7ddff82f7cc735c871dc519838cb235bb,cx21e94c08c03daee80c25d8ee3ea22a20786ec231,cxa0af3165c08318e988cb30993b3048335b94af6c,0x1dd631e5343bc70181,0xe70b13799bdfc4221272fa40b5e421e9e0955f3fe42f6e196344ce2629fb0de5,1,97775944,550.3899475480564,1748247626773862,Balanced Dollar,0.0860027,bnUSD,0,1,2025-05-26
cx88fd7df7ddff82f7cc735c871dc519838cb235bb,hx970eda4988e547df0de8324226fdf3e8ebc9734f,cx21e94c08c03daee80c25d8ee3ea22a20786ec231,0x1dd631e5343bc70181,0xe70b13799bdfc4221272fa40b5e421e9e0955f3fe42f6e196344ce2629fb0de5,0,97775944,550.3899475480564,1748247626773862,Balanced Dollar,0.0860027,bnUSD,0,1,2025-05-26
cx88fd7df7ddff82f7cc735c871dc519838cb235bb,cxa0af3165c08318e988cb30993b3048335b94af6c,hx970eda4988e547df0de8324226fdf3e8ebc9734f,0x4d1d1164b05b398d94,0x150ab30e7e6e2af2d0cd11b8fd4bb8add5f1db032b6a84106ab351783e7696fd,4,97775934,1422.493859685947,1748247605453997,Balanced Dollar,0.0515247125,bnUSD,0,1,2025-05-26
cx07b184a37f03c6ab681fcbd0b45aec6dc3eafbeb,cxa0af3165c08318e988cb30993b3048335b94af6c,hx970eda4988e547df0de8324226fdf3e8ebc9734f,0x2e2ca8c04f7b34,0x150ab30e7e6e2af2d0cd11b8fd4bb8add5f1db032b6a84106ab351783e7696fd,2,97775934,0.012996952221252404,1748247605453997,Bitcoin,0.0515247125,BTC,0,1,2025-05-26
cx88fd7df7ddff82f7cc735c871dc519838cb235bb,hx970eda4988e547df0de8324226fdf3e8ebc9734f,cxa0af3165c08318e988cb30993b3048335b94af6c,0x76a9fee703bc67530f,0xa2bf9ca056e68480e7fbeb8385861396bcccfdfe0a16d56059499c6e7006ce36,0,97775867,2188.9652827374534,1748247471434736,Balanced Dollar,0.0222187625,bnUSD,0,1,2025-05-26
cx07b184a37f03c6ab681fcbd0b45aec6dc3eafbeb,hx970eda4988e547df0de8324226fdf3e8ebc9734f,cxa0af3165c08318e988cb30993b3048335b94af6c,0x470de4df820000,0x0e46925146f30e26587228e1079a3081beef2ddc56bd3427aa8c53399338bc9d,0,97775864,0.02,1748247465425894,Bitcoin,0.021604075,BTC,0,1,2025-05-26
cx88fd7df7ddff82f7cc735c871dc519838cb235bb,cx21e94c08c03daee80c25d8ee3ea22a20786ec231,hx970eda4988e547df0de8324226fdf3e8ebc9734f,0xbd3cdbf6d7cd1a0000,0x07595f53b13980566b4226f884c185ca57edd72e70ed80baf1698173a564b8ad,6,97775852,3490.82,1748247441393875,Balanced Dollar,0.0780636125,bnUSD,0,1,2025-05-26
cx88fd7df7ddff82f7cc735c871dc519838cb235bb,cxa09dbb60dcb62fffbd232b6eae132d730a2aafa6,cx21e94c08c03daee80c25d8ee3ea22a20786ec231,0xbd3cdbf6d7cd1a0000,0x07595f53b13980566b4226f884c185ca57edd72e70ed80baf1698173a564b8ad,5,97775852,3490.82,1748247441393875,Balanced Dollar,0.0780636125,bnUSD,0,1,2025-05-26
cx88fd7df7ddff82f7cc735c871dc519838cb235bb,hx0000000000000000000000000000000000000000,cxa09dbb60dcb62fffbd232b6eae132d730a2aafa6,0xbd3cdbf6d7cd1a0000,0x07595f53b13980566b4226f884c185ca57edd72e70ed80baf1698173a564b8ad,4,97775852,3490.82,1748247441393875,Balanced Dollar,0.0780636125,bnUSD,0,1,2025-05-26
cx22319ac7f412f53eabe3c9827acf5e27e9c6a95f,cx21e94c08c03daee80c25d8ee3ea22a20786ec231,cxa09dbb60dcb62fffbd232b6eae132d730a2aafa6,0xd011afa0,0x07595f53b13980566b4226f884c185ca57edd72e70ed80baf1698173a564b8ad,3,97775852,3490.82,1748247441393875,USDC,0.0780636125,USDC,0,1,2025-05-26
cx22319ac7f412f53eabe3c9827acf5e27e9c6a95f,hx0000000000000000000000000000000000000000,cx21e94c08c03daee80c25d8ee3ea22a20786ec231,0xd011afa0,0x07595f53b13980566b4226f884c185ca57edd72e70ed80baf1698173a564b8ad,1,97775852,3490.82,1748247441393875,USDC,0.0780636125,USDC,0,1,2025-05-26
cxd17316e24ee40f2ef8ed6f3a497311db1b35206d,hx9645117f1b0c7181a126c7f4f222caefc6ee7a61,hx9645117f1b0c7181a126c7f4f222caefc6ee7a61,0x0,0x5c91e18f0fb3007d67f99eda3e1da591866fdade8541738c91708cf69a2ff361,4,97775839,0.0,1748247415414966,unknown_token,0.0186918875,$unknown,34,1,2025-05-26
cx7baf94bd53b505353285ee4c4c050f9703581703,hx9645117f1b0c7181a126c7f4f222caefc6ee7a61,hx0000000000000000000000000000000000000000,0x0,0x5c91e18f0fb3007d67f99eda3e1da591866fdade8541738c91708cf69a2ff361,2,97775839,0.0,1748247415414966,unknown_token,0.0186918875,$unknown,12,1,2025-05-26
cx7baf94bd53b505353285ee4c4c050f9703581703,hx9645117f1b0c7181a126c7f4f222caefc6ee7a61,hx0000000000000000000000000000000000000000,0x0,0x5c91e18f0fb3007d67f99eda3e1da591866fdade8541738c91708cf69a2ff361,0,97775839,0.0,1748247415414966,unknown_token,0.0186918875,$unknown,11,1,2025-05-26
cx88fd7df7ddff82f7cc735c871dc519838cb235bb,cxa0af3165c08318e988cb30993b3048335b94af6c,cx5faae53c4dbd1fbe4a2eb4aab6565030f10da5c6,0x2fef02d69d31c00,0xda5a30aebcb0004acb6e001f565cdcf22a62b58a88be27163ff41696147fa326,2,97775825,0.21587391,1748247387561724,Balanced Dollar,0.0563089625,bnUSD,0,1,2025-05-26
cx66a031cc3bd305c76371fb586e93801b948254f0,cxa0af3165c08318e988cb30993b3048335b94af6c,hxd75467e3e4ce64e3424c747dfb71503017440433,0x537196ffda59ebbc,0xda5a30aebcb0004acb6e001f565cdcf22a62b58a88be27163ff41696147fa326,1,97775825,6.0127530031404754,1748247387561724,Avalanche,0.0563089625,AVAX,0,1,2025-05-26
cx88fd7df7ddff82f7cc735c871dc519838cb235bb,hxd75467e3e4ce64e3424c747dfb71503017440433,cxa0af3165c08318e988cb30993b3048335b94af6c,0x7cd3c20ee406e4000,0xda5a30aebcb0004acb6e001f565cdcf22a62b58a88be27163ff41696147fa326,0,97775825,143.91594,1748247387561724,Balanced Dollar,0.0563089625,bnUSD,0,1,2025-05-26
cx88fd7df7ddff82f7cc735c871dc519838cb235bb,cxa0af3165c08318e988cb30993b3048335b94af6c,cx5faae53c4dbd1fbe4a2eb4aab6565030f10da5c6,0x2fe4ca1ce99e418,0x7da29539a0db9fc65b6097867cb71574ada0d7c0bee607502bec3534435c3cfc,2,97775787,0.21569409000000003,1748247311334567,Balanced Dollar,0.0563089625,bnUSD,0,1,2025-05-26
cx66a031cc3bd305c76371fb586e93801b948254f0,cxa0af3165c08318e988cb30993b3048335b94af6c,hxd75467e3e4ce64e3424c747dfb71503017440433,0x5375f06fe00e5a7b,0x7da29539a0db9fc65b6097867cb71574ada0d7c0bee607502bec3534435c3cfc,1,97775787,6.0139772407142384,1748247311334567,Avalanche,0.0563089625,AVAX,0,1,2025-05-26
cx88fd7df7ddff82f7cc735c871dc519838cb235bb,hxd75467e3e4ce64e3424c747dfb71503017440433,cxa0af3165c08318e988cb30993b3048335b94af6c,0x7cb923ab4b0c20000,0x7da29539a0db9fc65b6097867cb71574ada0d7c0bee607502bec3534435c3cfc,0,97775787,143.79606,1748247311334567,Balanced Dollar,0.0563089625,bnUSD,0,1,2025-05-26
cx7baf94bd53b505353285ee4c4c050f9703581703,hx3c72c692480ee86cef5aa9dcf48fdb3d6dd05e14,hx3c72c692480ee86cef5aa9dcf48fdb3d6dd05e14,0x0,0x1d8c701f9b171e1e8c86829828b0c15f0290f75c5bc31253643cbf7ae98bd98f,2,97775753,0.0,1748247242081256,unknown_token,0.090530175,$unknown,31,1,2025-05-26
cx7baf94bd53b505353285ee4c4c050f9703581703,hx3c72c692480ee86cef5aa9dcf48fdb3d6dd05e14,hx3c72c692480ee86cef5aa9dcf48fdb3d6dd05e14,0x0,0x1d8c701f9b171e1e8c86829828b0c15f0290f75c5bc31253643cbf7ae98bd98f,1,97775753,0.0,1748247242081256,unknown_token,0.090530175,$unknown,21,1,2025-05-26
cx7baf94bd53b505353285ee4c4c050f9703581703,hx3c72c692480ee86cef5aa9dcf48fdb3d6dd05e14,hx3c72c692480ee86cef5aa9dcf48fdb3d6dd05e14,0x0,0x0aaa2617308ee89423b22f30a056e5cd1a13bea4e63f61b2f7fd56db91471809,2,97775735,0.0,1748247204838945,unknown_token,0.0906525875,$unknown,31,1,2025-05-26
cx7baf94bd53b505353285ee4c4c050f9703581703,hx3c72c692480ee86cef5aa9dcf48fdb3d6dd05e14,hx3c72c692480ee86cef5aa9dcf48fdb3d6dd05e14,0x0,0x0aaa2617308ee89423b22f30a056e5cd1a13bea4e63f61b2f7fd56db91471809,1,97775735,0.0,1748247204838945,unknown_token,0.0906525875,$unknown,21,1,2025-05-26
cxd17316e24ee40f2ef8ed6f3a497311db1b35206d,hx9645117f1b0c7181a126c7f4f222caefc6ee7a61,hx9645117f1b0c7181a126c7f4f222caefc6ee7a61,0x0,0x381d6cbb8c7067c734e59df3c3e233afd38f22a9e4992b358fd727a378f89f68,2,97775683,0.0,1748247099497733,unknown_token,0.01074455,$unknown,7,1,2025-05-26
cx7baf94bd53b505353285ee4c4c050f9703581703,hx9645117f1b0c7181a126c7f4f222caefc6ee7a61,hx0000000000000000000000000000000000000000,0x0,0x381d6cbb8c7067c734e59df3c3e233afd38f22a9e4992b358fd727a378f89f68,0,97775683,0.0,1748247099497733,unknown_token,0.01074455,$unknown,9,1,2025-05-26
cx88fd7df7ddff82f7cc735c871dc519838cb235bb,cxa0af3165c08318e988cb30993b3048335b94af6c,cx5faae53c4dbd1fbe4a2eb4aab6565030f10da5c6,0x2fda9163360abe7,0x1989bb2aa60755180a075ded7d1d3675ac71f637d565519aedf9f78eb56346c3,2,97775648,0.21551426999999998,1748247029602136,Balanced Dollar,0.056327775,bnUSD,0,1,2025-05-26
cx66a031cc3bd305c76371fb586e93801b948254f0,cxa0af3165c08318e988cb30993b3048335b94af6c,hxd75467e3e4ce64e3424c747dfb71503017440433,0x537a4483485afeb6,0x1989bb2aa60755180a075ded7d1d3675ac71f637d565519aedf9f78eb56346c3,1,97775648,6.015195582952046,1748247029602136,Avalanche,0.056327775,AVAX,0,1,2025-05-26
cx88fd7df7ddff82f7cc735c871dc519838cb235bb,hxd75467e3e4ce64e3424c747dfb71503017440433,cxa0af3165c08318e988cb30993b3048335b94af6c,0x7c9e8547b21150000,0x1989bb2aa60755180a075ded7d1d3675ac71f637d565519aedf9f78eb56346c3,0,97775648,143.67618,1748247029602136,Balanced Dollar,0.056327775,bnUSD,0,1,2025-05-26
cx88fd7df7ddff82f7cc735c871dc519838cb235bb,cx203d9cd2a669be67177e997b8948ce2c35caffae,cx835b300dcfe01f0bdb794e134a0c5628384f4367,0x6606290e1d3c81a,0x74a2ecde270ae4c981d4767827097b44c47321f91bf37dc3e3c5355dc027d90f,6,97775639,0.4594755363953562,1748247010349195,Balanced Dollar,0.098424675,bnUSD,0,1,2025-05-26
cx88fd7df7ddff82f7cc735c871dc519838cb235bb,cx5faae53c4dbd1fbe4a2eb4aab6565030f10da5c6,cx203d9cd2a669be67177e997b8948ce2c35caffae,0x91bfa85d4e56701,0x74a2ecde270ae4c981d4767827097b44c47321f91bf37dc3e3c5355dc027d90f,4,97775639,0.6563936234219374,1748247010349195,Balanced Dollar,0.098424675,bnUSD,0,1,2025-05-26
cx88fd7df7ddff82f7cc735c871dc519838cb235bb,cx5faae53c4dbd1fbe4a2eb4aab6565030f10da5c6,cxdc30a0d3a1f131565c071272a20bc0b06fd4c17b,0x91bfa85d4e56701,0x74a2ecde270ae4c981d4767827097b44c47321f91bf37dc3e3c5355dc027d90f,3,97775639,0.6563936234219374,1748247010349195,Balanced Dollar,0.098424675,bnUSD,0,1,2025-05-26
cx88fd7df7ddff82f7cc735c871dc519838cb235bb,cxa0af3165c08318e988cb30993b3048335b94af6c,cx5faae53c4dbd1fbe4a2eb4aab6565030f10da5c6,0x2fda9163360abe7,0x74a2ecde270ae4c981d4767827097b44c47321f91bf37dc3e3c5355dc027d90f,2,97775639,0.21551426999999998,1748247010349195,Balanced Dollar,0.098424675,bnUSD,0,1,2025-05-26
cx66a031cc3bd305c76371fb586e93801b948254f0,cxa0af3165c08318e988cb30993b3048335b94af6c,hxd75467e3e4ce64e3424c747dfb71503017440433,0x53906f036e8cab49,0x74a2ecde270ae4c981d4767827097b44c47321f91bf37dc3e3c5355dc027d90f,1,97775639,6.021434762324651,1748247010349195,Avalanche,0.098424675,AVAX,0,1,2025-05-26
cx88fd7df7ddff82f7cc735c871dc519838cb235bb,hxd75467e3e4ce64e3424c747dfb71503017440433,cxa0af3165c08318e988cb30993b3048335b94af6c,0x7c9e8547b21150000,0x74a2ecde270ae4c981d4767827097b44c47321f91bf37dc3e3c5355dc027d90f,0,97775639,143.67618,1748247010349195,Balanced Dollar,0.098424675,bnUSD,0,1,2025-05-26
cxd17316e24ee40f2ef8ed6f3a497311db1b35206d,hx9645117f1b0c7181a126c7f4f222caefc6ee7a61,hx9645117f1b0c7181a126c7f4f222caefc6ee7a61,0x0,0x0be7ac978f354d36b3acb3676dec8029fbcb289fe76adaa921b3b81bdf58f9d3,2,97775635,0.0,1748247002318294,unknown_token,0.0107558,$unknown,5,1,2025-05-26
cx7baf94bd53b505353285ee4c4c050f9703581703,hx9645117f1b0c7181a126c7f4f222caefc6ee7a61,hx0000000000000000000000000000000000000000,0x0,0x0be7ac978f354d36b3acb3676dec8029fbcb289fe76adaa921b3b81bdf58f9d3,1,97775635,0.0,1748247002318294,unknown_token,0.0107558,$unknown,3,1,2025-05-26
cxd17316e24ee40f2ef8ed6f3a497311db1b35206d,hx9645117f1b0c7181a126c7f4f222caefc6ee7a61,hx9645117f1b0c7181a126c7f4f222caefc6ee7a61,0x0,0x85850ef300cba621746b4338d692421f613dd59efdff79a92f1382c36093cedc,2,97775597,0.0,1748246926359404,unknown_token,0.0107558,$unknown,5,1,2025-05-26
cx7baf94bd53b505353285ee4c4c050f9703581703,hx9645117f1b0c7181a126c7f4f222caefc6ee7a61,hx0000000000000000000000000000000000000000,0x0,0x85850ef300cba621746b4338d692421f613dd59efdff79a92f1382c36093cedc,1,97775597,0.0,1748246926359404,unknown_token,0.0107558,$unknown,3,1,2025-05-26
cxd17316e24ee40f2ef8ed6f3a497311db1b35206d,hx9645117f1b0c7181a126c7f4f222caefc6ee7a61,hx9645117f1b0c7181a126c7f4f222caefc6ee7a61,0x0,0x152b35c558992081a900f9db3deba4eb598e00fb3790ceaed2bb38e749071fe1,2,97775533,0.0,1748246797442253,unknown_token,0.0107558,$unknown,5,1,2025-05-26
cx7baf94bd53b505353285ee4c4c050f9703581703,hx9645117f1b0c7181a126c7f4f222caefc6ee7a61,hx0000000000000000000000000000000000000000,0x0,0x152b35c558992081a900f9db3deba4eb598e00fb3790ceaed2bb38e749071fe1,1,97775533,0.0,1748246797442253,unknown_token,0.0107558,$unknown,3,1,2025-05-26
cx66a031cc3bd305c76371fb586e93801b948254f0,hxd75467e3e4ce64e3424c747dfb71503017440433,hx0000000000000000000000000000000000000000,0x270801d946c940000,0x40b1aa62cb5d9b021785a62be6eb2986a33f36c7aac61b82fa4385d8abf5fbc7,0,97775341,45.0,1748246410454484,Avalanche,0.02275575,AVAX,0,1,2025-05-26
cx88fd7df7ddff82f7cc735c871dc519838cb235bb,cxa0af3165c08318e988cb30993b3048335b94af6c,hx9092a3fc19763f078f069b5406c4433f37b7ea56,0x1,0x3ef7079b4ba08c0bbeb633b5838b867cd019afed7dbbb86e6a70938b9053a7ab,3,97775037,1e-18,1748245797355785,Balanced Dollar,0.0347382125,bnUSD,0,1,2025-05-26
cx2609b924e33ef00b648a409245c7ea394c467824,hx9092a3fc19763f078f069b5406c4433f37b7ea56,cxa0af3165c08318e988cb30993b3048335b94af6c,0xa1310affbbf11e523,0x077dc66646c01eb999b89411092e950bf64abc9f861fd05bd7c8de3e84dd34ce,1,97775033,185.8412321192208,1748245789274231,Staked ICX,0.092676475,sICX,0,1,2025-05-26
cx88fd7df7ddff82f7cc735c871dc519838cb235bb,hx9092a3fc19763f078f069b5406c4433f37b7ea56,cxa0af3165c08318e988cb30993b3048335b94af6c,0x18e2fa26b607cbd96,0x39af4d9e74b98e4fe5468d054717551491bae20c9bdb5eae5d0db31693ae8591,0,97775032,28.692330333064707,1748245787350250,Balanced Dollar,0.02218695,bnUSD,0,1,2025-05-26
cx88fd7df7ddff82f7cc735c871dc519838cb235bb,cxa0af3165c08318e988cb30993b3048335b94af6c,cx5faae53c4dbd1fbe4a2eb4aab6565030f10da5c6,0x2eba35462c0d4aa,0x0272c218eb0c926012bfad767be4c6f89f5e360d2c09dff600f728df5e94cbbe,2,97774934,0.2104413904322449,1748245590068953,Balanced Dollar,0.0569578875,bnUSD,0,1,2025-05-26
cx88fd7df7ddff82f7cc735c871dc519838cb235bb,cxa0af3165c08318e988cb30993b3048335b94af6c,hxd75467e3e4ce64e3424c747dfb71503017440433,0x7966217e9f1c75c92,0x0272c218eb0c926012bfad767be4c6f89f5e360d2c09dff600f728df5e94cbbe,1,97774934,139.96345846292488,1748245590068953,Balanced Dollar,0.0569578875,bnUSD,0,1,2025-05-26
cx4297f4b63262507623b6ad575d0d8dd2db980e4e,hxd75467e3e4ce64e3424c747dfb71503017440433,cxa0af3165c08318e988cb30993b3048335b94af6c,0x8ac7230489e80000,0x0272c218eb0c926012bfad767be4c6f89f5e360d2c09dff600f728df5e94cbbe,0,97774934,10.0,1748245590068953,Injective,0.0569578875,INJ,0,1,2025-05-26
cx88fd7df7ddff82f7cc735c871dc519838cb235bb,cx21e94c08c03daee80c25d8ee3ea22a20786ec231,hx9092a3fc19763f078f069b5406c4433f37b7ea56,0x18e2fa26b607cbd95,0x066748d3e7ae5b02874ac70b9c8a8e8ffe205f0a3bfe8dcbe7fb75f854558ae6,10,97774931,28.692330333064707,1748245584106777,Balanced Dollar,0.155679875,bnUSD,0,1,2025-05-26
cx88fd7df7ddff82f7cc735c871dc519838cb235bb,cxa0af3165c08318e988cb30993b3048335b94af6c,cx5faae53c4dbd1fbe4a2eb4aab6565030f10da5c6,0x995bd6d3e92151,0x066748d3e7ae5b02874ac70b9c8a8e8ffe205f0a3bfe8dcbe7fb75f854558ae6,8,97774931,0.043166649673130324,1748245584106777,Balanced Dollar,0.155679875,bnUSD,0,1,2025-05-26
cx88fd7df7ddff82f7cc735c871dc519838cb235bb,cxa0af3165c08318e988cb30993b3048335b94af6c,cx21e94c08c03daee80c25d8ee3ea22a20786ec231,0x18e2fa26b607cbd95,0x066748d3e7ae5b02874ac70b9c8a8e8ffe205f0a3bfe8dcbe7fb75f854558ae6,7,97774931,28.692330333064707,1748245584106777,Balanced Dollar,0.155679875,bnUSD,0,1,2025-05-26
cx2609b924e33ef00b648a409245c7ea394c467824,cx21e94c08c03daee80c25d8ee3ea22a20786ec231,cxa0af3165c08318e988cb30993b3048335b94af6c,0xa1abea197d108c618,0x066748d3e7ae5b02874ac70b9c8a8e8ffe205f0a3bfe8dcbe7fb75f854558ae6,6,97774931,186.39459610107582,1748245584106777,Staked ICX,0.155679875,sICX,0,1,2025-05-26
cx2609b924e33ef00b648a409245c7ea394c467824,cxa0af3165c08318e988cb30993b3048335b94af6c,cx5faae53c4dbd1fbe4a2eb4aab6565030f10da5c6,0x3e44474dd18e5f4,0x066748d3e7ae5b02874ac70b9c8a8e8ffe205f0a3bfe8dcbe7fb75f854558ae6,4,97774931,0.2804243455201049,1748245584106777,Staked ICX,0.155679875,sICX,0,1,2025-05-26
cx2609b924e33ef00b648a409245c7ea394c467824,cxa0af3165c08318e988cb30993b3048335b94af6c,cx21e94c08c03daee80c25d8ee3ea22a20786ec231,0xa1abea197d108c618,0x066748d3e7ae5b02874ac70b9c8a8e8ffe205f0a3bfe8dcbe7fb75f854558ae6,3,97774931,186.39459610107582,1748245584106777,Staked ICX,0.155679875,sICX,0,1,2025-05-26
cx3975b43d260fb8ec802cef6e60c2f4d07486f11d,cx21e94c08c03daee80c25d8ee3ea22a20786ec231,cxa0af3165c08318e988cb30993b3048335b94af6c,0xd8d726b7177a80000,0x066748d3e7ae5b02874ac70b9c8a8e8ffe205f0a3bfe8dcbe7fb75f854558ae6,2,97774931,250.0,1748245584106777,Wrapped ICX,0.155679875,wICX,0,1,2025-05-26
cx3975b43d260fb8ec802cef6e60c2f4d07486f11d,hx9092a3fc19763f078f069b5406c4433f37b7ea56,cx21e94c08c03daee80c25d8ee3ea22a20786ec231,0xd8d726b7177a80000,0x066748d3e7ae5b02874ac70b9c8a8e8ffe205f0a3bfe8dcbe7fb75f854558ae6,1,97774931,250.0,1748245584106777,Wrapped ICX,0.155679875,wICX,0,1,2025-05-26
cx3975b43d260fb8ec802cef6e60c2f4d07486f11d,hx0000000000000000000000000000000000000000,hx9092a3fc19763f078f069b5406c4433f37b7ea56,0xd8d726b7177a80000,0x066748d3e7ae5b02874ac70b9c8a8e8ffe205f0a3bfe8dcbe7fb75f854558ae6,0,97774931,250.0,1748245584106777,Wrapped ICX,0.155679875,wICX,0,1,2025-05-26
cx88fd7df7ddff82f7cc735c871dc519838cb235bb,cxa0af3165c08318e988cb30993b3048335b94af6c,cx5faae53c4dbd1fbe4a2eb4aab6565030f10da5c6,0x2ec99bf86b7a402,0xb65a5ba01bb6bb5babf6fe0c8efbb2af2df7f8183c6219245c1168b20dccb499,2,97774897,0.21071233045755597,1748245516067526,Balanced Dollar,0.0569578875,bnUSD,0,1,2025-05-26
cx88fd7df7ddff82f7cc735c871dc519838cb235bb,cxa0af3165c08318e988cb30993b3048335b94af6c,hxd75467e3e4ce64e3424c747dfb71503017440433,0x798e2806f54b6861c,0xb65a5ba01bb6bb5babf6fe0c8efbb2af2df7f8183c6219245c1168b20dccb499,1,97774897,140.14371737011948,1748245516067526,Balanced Dollar,0.0569578875,bnUSD,0,1,2025-05-26
cx4297f4b63262507623b6ad575d0d8dd2db980e4e,hxd75467e3e4ce64e3424c747dfb71503017440433,cxa0af3165c08318e988cb30993b3048335b94af6c,0x8ac7230489e80000,0xb65a5ba01bb6bb5babf6fe0c8efbb2af2df7f8183c6219245c1168b20dccb499,0,97774897,10.0,1748245516067526,Injective,0.0569578875,INJ,0,1,2025-05-26
cx2609b924e33ef00b648a409245c7ea394c467824,cx21e94c08c03daee80c25d8ee3ea22a20786ec231,hxd75467e3e4ce64e3424c747dfb71503017440433,0xca393d2ca9b12ae9fc,0xbdefa17af47cb24012c8304ebf487c35d872aab60cb500ff6e15709091819d01,6,97774821,3730.3668048304044,1748245362741403,Staked ICX,0.091708575,sICX,0,1,2025-05-26
cx2609b924e33ef00b648a409245c7ea394c467824,cxa0af3165c08318e988cb30993b3048335b94af6c,cx5faae53c4dbd1fbe4a2eb4aab6565030f10da5c6,0x4dd69f608615f2b6,0xbdefa17af47cb24012c8304ebf487c35d872aab60cb500ff6e15709091819d01,4,97774821,5.608845622851794,1748245362741403,Staked ICX,0.091708575,sICX,0,1,2025-05-26
cx2609b924e33ef00b648a409245c7ea394c467824,cxa0af3165c08318e988cb30993b3048335b94af6c,cx21e94c08c03daee80c25d8ee3ea22a20786ec231,0xca393d2ca9b12ae9fc,0xbdefa17af47cb24012c8304ebf487c35d872aab60cb500ff6e15709091819d01,3,97774821,3730.3668048304044,1748245362741403,Staked ICX,0.091708575,sICX,0,1,2025-05-26
cx3975b43d260fb8ec802cef6e60c2f4d07486f11d,cx21e94c08c03daee80c25d8ee3ea22a20786ec231,cxa0af3165c08318e988cb30993b3048335b94af6c,0x10f0cf064dd59200000,0xbdefa17af47cb24012c8304ebf487c35d872aab60cb500ff6e15709091819d01,2,97774821,5000.0,1748245362741403,Wrapped ICX,0.091708575,wICX,0,1,2025-05-26
cx3975b43d260fb8ec802cef6e60c2f4d07486f11d,hxd75467e3e4ce64e3424c747dfb71503017440433,cx21e94c08c03daee80c25d8ee3ea22a20786ec231,0x10f0cf064dd59200000,0xbdefa17af47cb24012c8304ebf487c35d872aab60cb500ff6e15709091819d01,1,97774821,5000.0,1748245362741403,Wrapped ICX,0.091708575,wICX,0,1,2025-05-26
cx3975b43d260fb8ec802cef6e60c2f4d07486f11d,hx0000000000000000000000000000000000000000,hxd75467e3e4ce64e3424c747dfb71503017440433,0x10f0cf064dd59200000,0xbdefa17af47cb24012c8304ebf487c35d872aab60cb500ff6e15709091819d01,0,97774821,5000.0,1748245362741403,Wrapped ICX,0.091708575,wICX,0,1,2025-05-26
cx88fd7df7ddff82f7cc735c871dc519838cb235bb,cx21e94c08c03daee80c25d8ee3ea22a20786ec231,hx2debd9ec927cca1639da8d3518dd9dbf1cdfb357,0x16d9bab26d1db87aa9,0x213cc8045a70fddccf6c83d551bd65fc628ff81e7f165588b3915a9fb34ea3b3,5,97774766,421.51741805522846,1748245252703842,Balanced Dollar,0.0884297375,bnUSD,0,1,2025-05-26
cx88fd7df7ddff82f7cc735c871dc519838cb235bb,cxa0af3165c08318e988cb30993b3048335b94af6c,cx5faae53c4dbd1fbe4a2eb4aab6565030f10da5c6,0x8c8b30ab908881e,0x213cc8045a70fddccf6c83d551bd65fc628ff81e7f165588b3915a9fb34ea3b3,3,97774766,0.6329526062809436,1748245252703842,Balanced Dollar,0.0884297375,bnUSD,0,1,2025-05-26
cx88fd7df7ddff82f7cc735c871dc519838cb235bb,cxa0af3165c08318e988cb30993b3048335b94af6c,cx21e94c08c03daee80c25d8ee3ea22a20786ec231,0x16d9bab26d1db87aa9,0x213cc8045a70fddccf6c83d551bd65fc628ff81e7f165588b3915a9fb34ea3b3,2,97774766,421.51741805522846,1748245252703842,Balanced Dollar,0.0884297375,bnUSD,0,1,2025-05-26
cx4297f4b63262507623b6ad575d0d8dd2db980e4e,cx21e94c08c03daee80c25d8ee3ea22a20786ec231,cxa0af3165c08318e988cb30993b3048335b94af6c,0x1a055690d9db80000,0x213cc8045a70fddccf6c83d551bd65fc628ff81e7f165588b3915a9fb34ea3b3,1,97774766,30.0,1748245252703842,Injective,0.0884297375,INJ,0,1,2025-05-26
cx4297f4b63262507623b6ad575d0d8dd2db980e4e,hx2debd9ec927cca1639da8d3518dd9dbf1cdfb357,cx21e94c08c03daee80c25d8ee3ea22a20786ec231,0x1a055690d9db80000,0x213cc8045a70fddccf6c83d551bd65fc628ff81e7f165588b3915a9fb34ea3b3,0,97774766,30.0,1748245252703842,Injective,0.0884297375,INJ,0,1,2025-05-26
cx3975b43d260fb8ec802cef6e60c2f4d07486f11d,hxf45e082a0181739edb074a6bf0b1e5c1b3346ce5,hx0000000000000000000000000000000000000000,0xcc009e0494e661978,0xa599bf6a352d323cfd6c64cbaabf697d44e5a9c33b4c85a05853fbd65722136a,19,97774676,235.19876682003974,1748245071412005,Wrapped ICX,0.3647751375,wICX,0,1,2025-05-26
cx3975b43d260fb8ec802cef6e60c2f4d07486f11d,cx21e94c08c03daee80c25d8ee3ea22a20786ec231,hxf45e082a0181739edb074a6bf0b1e5c1b3346ce5,0xcc009e0494e661978,0xa599bf6a352d323cfd6c64cbaabf697d44e5a9c33b4c85a05853fbd65722136a,18,97774676,235.19876682003974,1748245071412005,Wrapped ICX,0.3647751375,wICX,0,1,2025-05-26
cx2609b924e33ef00b648a409245c7ea394c467824,cxa0af3165c08318e988cb30993b3048335b94af6c,cx5faae53c4dbd1fbe4a2eb4aab6565030f10da5c6,0x3ad52641069fc0f,0xa599bf6a352d323cfd6c64cbaabf697d44e5a9c33b4c85a05853fbd65722136a,16,97774676,0.2649585428103158,1748245071412005,Staked ICX,0.3647751375,sICX,0,1,2025-05-26
cx3975b43d260fb8ec802cef6e60c2f4d07486f11d,cxa0af3165c08318e988cb30993b3048335b94af6c,cx21e94c08c03daee80c25d8ee3ea22a20786ec231,0xcc009e0494e661978,0xa599bf6a352d323cfd6c64cbaabf697d44e5a9c33b4c85a05853fbd65722136a,15,97774676,235.19876682003974,1748245071412005,Wrapped ICX,0.3647751375,wICX,0,1,2025-05-26
cx2609b924e33ef00b648a409245c7ea394c467824,cx21e94c08c03daee80c25d8ee3ea22a20786ec231,cxa0af3165c08318e988cb30993b3048335b94af6c,0x9935be4956955bc85,0xa599bf6a352d323cfd6c64cbaabf697d44e5a9c33b4c85a05853fbd65722136a,14,97774676,176.63902854021052,1748245071412005,Staked ICX,0.3647751375,sICX,0,1,2025-05-26
cx2609b924e33ef00b648a409245c7ea394c467824,cx203d9cd2a669be67177e997b8948ce2c35caffae,cx835b300dcfe01f0bdb794e134a0c5628384f4367,0x3cbd556d08742ffd,0xa599bf6a352d323cfd6c64cbaabf697d44e5a9c33b4c85a05853fbd65722136a,11,97774676,4.376748339655618,1748245071412005,Staked ICX,0.3647751375,sICX,0,1,2025-05-26
cx2609b924e33ef00b648a409245c7ea394c467824,cx5faae53c4dbd1fbe4a2eb4aab6565030f10da5c6,cx203d9cd2a669be67177e997b8948ce2c35caffae,0x56c5557730a5fb6a,0xa599bf6a352d323cfd6c64cbaabf697d44e5a9c33b4c85a05853fbd65722136a,8,97774676,6.252497628079455,1748245071412005,Staked ICX,0.3647751375,sICX,0,1,2025-05-26
cx2609b924e33ef00b648a409245c7ea394c467824,cx5faae53c4dbd1fbe4a2eb4aab6565030f10da5c6,cxdc30a0d3a1f131565c071272a20bc0b06fd4c17b,0x56c5557730a5fb69,0xa599bf6a352d323cfd6c64cbaabf697d44e5a9c33b4c85a05853fbd65722136a,6,97774676,6.252497628079455,1748245071412005,Staked ICX,0.3647751375,sICX,0,1,2025-05-26
cx2609b924e33ef00b648a409245c7ea394c467824,cxa0af3165c08318e988cb30993b3048335b94af6c,cx5faae53c4dbd1fbe4a2eb4aab6565030f10da5c6,0x3af54b21e1113ea,0xa599bf6a352d323cfd6c64cbaabf697d44e5a9c33b4c85a05853fbd65722136a,5,97774676,0.26552402702349615,1748245071412005,Staked ICX,0.3647751375,sICX,0,1,2025-05-26
cx2609b924e33ef00b648a409245c7ea394c467824,cxa0af3165c08318e988cb30993b3048335b94af6c,cx21e94c08c03daee80c25d8ee3ea22a20786ec231,0x9935be4956955bc85,0xa599bf6a352d323cfd6c64cbaabf697d44e5a9c33b4c85a05853fbd65722136a,4,97774676,176.63902854021052,1748245071412005,Staked ICX,0.3647751375,sICX,0,1,2025-05-26
cxe2da9f10bc6e2754347bde2ef73379bd398fd9f3,cx21e94c08c03daee80c25d8ee3ea22a20786ec231,cxa0af3165c08318e988cb30993b3048335b94af6c,0x4a5a40dae682b440000,0xa599bf6a352d323cfd6c64cbaabf697d44e5a9c33b4c85a05853fbd65722136a,3,97774676,21945.0,1748245071412005,HAVAH,0.3647751375,HVH,0,1,2025-05-26
cxe2da9f10bc6e2754347bde2ef73379bd398fd9f3,hx0000000000000000000000000000000000000000,cx21e94c08c03daee80c25d8ee3ea22a20786ec231,0x4a5a40dae682b440000,0xa599bf6a352d323cfd6c64cbaabf697d44e5a9c33b4c85a05853fbd65722136a,1,97774676,21945.0,1748245071412005,HAVAH,0.3647751375,HVH,0,1,2025-05-26
cx88fd7df7ddff82f7cc735c871dc519838cb235bb,cx21e94c08c03daee80c25d8ee3ea22a20786ec231,hx2debd9ec927cca1639da8d3518dd9dbf1cdfb357,0x16f06b2b833bf11240,0xc24ec010ed4e240eef997fb5acce9ec3d5789735fb2f7fbe3e067520feda0e83,10,97774415,423.15235785586725,1748244545506146,Balanced Dollar,0.1305316375,bnUSD,0,1,2025-05-26
cx88fd7df7ddff82f7cc735c871dc519838cb235bb,cx203d9cd2a669be67177e997b8948ce2c35caffae,cx835b300dcfe01f0bdb794e134a0c5628384f4367,0x52df9f97d82742b2,0xc24ec010ed4e240eef997fb5acce9ec3d5789735fb2f7fbe3e067520feda0e83,7,97774415,5.971667105431897,1748244545506146,Balanced Dollar,0.1305316375,bnUSD,0,1,2025-05-26
cx88fd7df7ddff82f7cc735c871dc519838cb235bb,cx5faae53c4dbd1fbe4a2eb4aab6565030f10da5c6,cx203d9cd2a669be67177e997b8948ce2c35caffae,0x7664088fc71383da,0xc24ec010ed4e240eef997fb5acce9ec3d5789735fb2f7fbe3e067520feda0e83,5,97774415,8.530953007759852,1748244545506146,Balanced Dollar,0.1305316375,bnUSD,0,1,2025-05-26
cx88fd7df7ddff82f7cc735c871dc519838cb235bb,cx5faae53c4dbd1fbe4a2eb4aab6565030f10da5c6,cxdc30a0d3a1f131565c071272a20bc0b06fd4c17b,0x7664088fc71383d9,0xc24ec010ed4e240eef997fb5acce9ec3d5789735fb2f7fbe3e067520feda0e83,4,97774415,8.530953007759852,1748244545506146,Balanced Dollar,0.1305316375,bnUSD,0,1,2025-05-26
cx88fd7df7ddff82f7cc735c871dc519838cb235bb,cxa0af3165c08318e988cb30993b3048335b94af6c,cx5faae53c4dbd1fbe4a2eb4aab6565030f10da5c6,0x8d169b6aab66d34,0xc24ec010ed4e240eef997fb5acce9ec3d5789735fb2f7fbe3e067520feda0e83,3,97774415,0.6354052557049972,1748244545506146,Balanced Dollar,0.1305316375,bnUSD,0,1,2025-05-26
cx88fd7df7ddff82f7cc735c871dc519838cb235bb,cxa0af3165c08318e988cb30993b3048335b94af6c,cx21e94c08c03daee80c25d8ee3ea22a20786ec231,0x16f06b2b833bf11240,0xc24ec010ed4e240eef997fb5acce9ec3d5789735fb2f7fbe3e067520feda0e83,2,97774415,423.15235785586725,1748244545506146,Balanced Dollar,0.1305316375,bnUSD,0,1,2025-05-26
cx4297f4b63262507623b6ad575d0d8dd2db980e4e,cx21e94c08c03daee80c25d8ee3ea22a20786ec231,cxa0af3165c08318e988cb30993b3048335b94af6c,0x1a055690d9db80000,0xc24ec010ed4e240eef997fb5acce9ec3d5789735fb2f7fbe3e067520feda0e83,1,97774415,30.0,1748244545506146,Injective,0.1305316375,INJ,0,1,2025-05-26
cx4297f4b63262507623b6ad575d0d8dd2db980e4e,hx2debd9ec927cca1639da8d3518dd9dbf1cdfb357,cx21e94c08c03daee80c25d8ee3ea22a20786ec231,0x1a055690d9db80000,0xc24ec010ed4e240eef997fb5acce9ec3d5789735fb2f7fbe3e067520feda0e83,0,97774415,30.0,1748244545506146,Injective,0.1305316375,INJ,0,1,2025-05-26
cx07b184a37f03c6ab681fcbd0b45aec6dc3eafbeb,cx21e94c08c03daee80c25d8ee3ea22a20786ec231,hx1adc2b41608d81704d775ff143f43ab6efe0d792,0x371091862a3c9,0xb6e3300ad8bf59ce79d398c2755a8272e3e1a1caf5c29576074c5b96c961ec69,5,97773928,0.000968708807893961,1748243554352796,Bitcoin,0.085981325,BTC,0,1,2025-05-26
cx88fd7df7ddff82f7cc735c871dc519838cb235bb,cxa0af3165c08318e988cb30993b3048335b94af6c,cx5faae53c4dbd1fbe4a2eb4aab6565030f10da5c6,0x236a04ba4bda3dc,0xb6e3300ad8bf59ce79d398c2755a8272e3e1a1caf5c29576074c5b96c961ec69,3,97773928,0.15949108356511432,1748243554352796,Balanced Dollar,0.085981325,bnUSD,0,1,2025-05-26
cx07b184a37f03c6ab681fcbd0b45aec6dc3eafbeb,cxa0af3165c08318e988cb30993b3048335b94af6c,cx21e94c08c03daee80c25d8ee3ea22a20786ec231,0x371091862a3c9,0xb6e3300ad8bf59ce79d398c2755a8272e3e1a1caf5c29576074c5b96c961ec69,2,97773928,0.000968708807893961,1748243554352796,Bitcoin,0.085981325,BTC,0,1,2025-05-26
cx88fd7df7ddff82f7cc735c871dc519838cb235bb,cx21e94c08c03daee80c25d8ee3ea22a20786ec231,cxa0af3165c08318e988cb30993b3048335b94af6c,0x5c396c4fd03300f1d,0xb6e3300ad8bf59ce79d398c2755a8272e3e1a1caf5c29576074c5b96c961ec69,1,97773928,106.32738904340955,1748243554352796,Balanced Dollar,0.085981325,bnUSD,0,1,2025-05-26
cx88fd7df7ddff82f7cc735c871dc519838cb235bb,hx1adc2b41608d81704d775ff143f43ab6efe0d792,cx21e94c08c03daee80c25d8ee3ea22a20786ec231,0x5c396c4fd03300f1d,0xb6e3300ad8bf59ce79d398c2755a8272e3e1a1caf5c29576074c5b96c961ec69,0,97773928,106.32738904340955,1748243554352796,Balanced Dollar,0.085981325,bnUSD,0,1,2025-05-26
cx88fd7df7ddff82f7cc735c871dc519838cb235bb,hx0000000000000000000000000000000000000000,cx5faae53c4dbd1fbe4a2eb4aab6565030f10da5c6,0xd054652780194d,0xf38d26be753e9c063d869bbad5069d35ce267efd006a59094c88144c5720db14,3,97773915,0.058639588586953034,1748243527154010,Balanced Dollar,0.1017686125,bnUSD,0,1,2025-05-26
cx88fd7df7ddff82f7cc735c871dc519838cb235bb,cx66d4d90f5f113eba575bf793570135f9b10cece1,hx1adc2b41608d81704d775ff143f43ab6efe0d792,0x196e4d59126316a9a,0xf38d26be753e9c063d869bbad5069d35ce267efd006a59094c88144c5720db14,1,97773915,29.31979429347652,1748243527154010,Balanced Dollar,0.1017686125,bnUSD,0,1,2025-05-26
cx88fd7df7ddff82f7cc735c871dc519838cb235bb,hx0000000000000000000000000000000000000000,cx66d4d90f5f113eba575bf793570135f9b10cece1,0x196e4d59126316a9a,0xf38d26be753e9c063d869bbad5069d35ce267efd006a59094c88144c5720db14,0,97773915,29.31979429347652,1748243527154010,Balanced Dollar,0.1017686125,bnUSD,0,1,2025-05-26
cx88fd7df7ddff82f7cc735c871dc519838cb235bb,hx0000000000000000000000000000000000000000,cx5faae53c4dbd1fbe4a2eb4aab6565030f10da5c6,0x2232bffb4276bd9,0xa32fb6459a0d97485ab09a717834cbc3787795db37b34ee25179ef9d039f7ee4,3,97773909,0.15401518949986606,1748243515088732,Balanced Dollar,0.10229675,bnUSD,0,1,2025-05-26
cx88fd7df7ddff82f7cc735c871dc519838cb235bb,cx66d4d90f5f113eba575bf793570135f9b10cece1,hx1adc2b41608d81704d775ff143f43ab6efe0d792,0x42cb1ef6bdcfea483,0xa32fb6459a0d97485ab09a717834cbc3787795db37b34ee25179ef9d039f7ee4,1,97773909,77.00759474993303,1748243515088732,Balanced Dollar,0.10229675,bnUSD,0,1,2025-05-26
cx88fd7df7ddff82f7cc735c871dc519838cb235bb,hx0000000000000000000000000000000000000000,cx66d4d90f5f113eba575bf793570135f9b10cece1,0x42cb1ef6bdcfea483,0xa32fb6459a0d97485ab09a717834cbc3787795db37b34ee25179ef9d039f7ee4,0,97773909,77.00759474993303,1748243515088732,Balanced Dollar,0.10229675,bnUSD,0,1,2025-05-26
cx88fd7df7ddff82f7cc735c871dc519838cb235bb,cxa0af3165c08318e988cb30993b3048335b94af6c,cx5faae53c4dbd1fbe4a2eb4aab6565030f10da5c6,0x3cec6ed57df9be7,0x62dca2d01d1c70826eaf6989d54724fb4a3a86e6637bfe2ec08781d4cd4ac4cb,2,97773906,0.27437534999999996,1748243509134234,Balanced Dollar,0.0460587125,bnUSD,0,1,2025-05-26
cx508002ec116fbf3ab406329c0df28e70d7e75fb3,cxa0af3165c08318e988cb30993b3048335b94af6c,hxd75467e3e4ce64e3424c747dfb71503017440433,0xbaaa8fa84,0x62dca2d01d1c70826eaf6989d54724fb4a3a86e6637bfe2ec08781d4cd4ac4cb,1,97773906,50.107841156,1748243509134234,Sui,0.0460587125,SUI,0,1,2025-05-26
cx88fd7df7ddff82f7cc735c871dc519838cb235bb,hxd75467e3e4ce64e3424c747dfb71503017440433,cxa0af3165c08318e988cb30993b3048335b94af6c,0x9ea7b5f6a2ba60000,0x62dca2d01d1c70826eaf6989d54724fb4a3a86e6637bfe2ec08781d4cd4ac4cb,0,97773906,182.91689999999997,1748243509134234,Balanced Dollar,0.0460587125,bnUSD,0,1,2025-05-26
cx07b184a37f03c6ab681fcbd0b45aec6dc3eafbeb,hx1adc2b41608d81704d775ff143f43ab6efe0d792,cx66d4d90f5f113eba575bf793570135f9b10cece1,0x20cc55194fe41,0x6adae26decc25264095ee57bd4356ebeb3ff99ead955372ff30f1de96b8a6d54,0,97773902,0.000576991570230849,1748243501094499,Bitcoin,0.022582375,BTC,0,1,2025-05-26
cx88fd7df7ddff82f7cc735c871dc519838cb235bb,cx21e94c08c03daee80c25d8ee3ea22a20786ec231,hx385a695da4288bf7d70df14d1201e832c2bcf2a6,0x57d1f31294835397c,0x943abefa06a60faa6868316a703bd6da48a7dc260d92f86ac1051fec8d943400,13,97773886,101.24969940094165,1748243467911984,Balanced Dollar,0.2236679125,bnUSD,0,1,2025-05-26
cx88fd7df7ddff82f7cc735c871dc519838cb235bb,cxa0af3165c08318e988cb30993b3048335b94af6c,cx5faae53c4dbd1fbe4a2eb4aab6565030f10da5c6,0x21d21723c3395f1,0x943abefa06a60faa6868316a703bd6da48a7dc260d92f86ac1051fec8d943400,11,97773886,0.15231473692046693,1748243467911984,Balanced Dollar,0.2236679125,bnUSD,0,1,2025-05-26
cx88fd7df7ddff82f7cc735c871dc519838cb235bb,cxa0af3165c08318e988cb30993b3048335b94af6c,cx21e94c08c03daee80c25d8ee3ea22a20786ec231,0x57d1f31294835397c,0x943abefa06a60faa6868316a703bd6da48a7dc260d92f86ac1051fec8d943400,10,97773886,101.24969940094165,1748243467911984,Balanced Dollar,0.2236679125,bnUSD,0,1,2025-05-26
cx2609b924e33ef00b648a409245c7ea394c467824,cx21e94c08c03daee80c25d8ee3ea22a20786ec231,cxa0af3165c08318e988cb30993b3048335b94af6c,0x23a6d46c0942258762,0x943abefa06a60faa6868316a703bd6da48a7dc260d92f86ac1051fec8d943400,9,97773886,657.6573946722133,1748243467911984,Staked ICX,0.2236679125,sICX,0,1,2025-05-26
cx2609b924e33ef00b648a409245c7ea394c467824,cxa0af3165c08318e988cb30993b3048335b94af6c,cx5faae53c4dbd1fbe4a2eb4aab6565030f10da5c6,0xdb8aec60b791d75,0x943abefa06a60faa6868316a703bd6da48a7dc260d92f86ac1051fec8d943400,7,97773886,0.9887322838270682,1748243467911984,Staked ICX,0.2236679125,sICX,0,1,2025-05-26
cx2609b924e33ef00b648a409245c7ea394c467824,cxa0af3165c08318e988cb30993b3048335b94af6c,cx21e94c08c03daee80c25d8ee3ea22a20786ec231,0x23a6d46c0942258762,0x943abefa06a60faa6868316a703bd6da48a7dc260d92f86ac1051fec8d943400,6,97773886,657.6573946722133,1748243467911984,Staked ICX,0.2236679125,sICX,0,1,2025-05-26
cxf61cd5a45dc9f91c15aa65831a30a90d59a09619,cx21e94c08c03daee80c25d8ee3ea22a20786ec231,cxa0af3165c08318e988cb30993b3048335b94af6c,0x4e729ad6f18d76755c,0x943abefa06a60faa6868316a703bd6da48a7dc260d92f86ac1051fec8d943400,5,97773886,1447.1041869490311,1748243467911984,Balance Token,0.2236679125,BALN,0,1,2025-05-26
cx88fd7df7ddff82f7cc735c871dc519838cb235bb,cxa0af3165c08318e988cb30993b3048335b94af6c,cx5faae53c4dbd1fbe4a2eb4aab6565030f10da5c6,0x21a3c728378c000,0x943abefa06a60faa6868316a703bd6da48a7dc260d92f86ac1051fec8d943400,3,97773886,0.1515,1748243467911984,Balanced Dollar,0.2236679125,bnUSD,0,1,2025-05-26
cxf61cd5a45dc9f91c15aa65831a30a90d59a09619,cxa0af3165c08318e988cb30993b3048335b94af6c,cx21e94c08c03daee80c25d8ee3ea22a20786ec231,0x4e729ad6f18d76755c,0x943abefa06a60faa6868316a703bd6da48a7dc260d92f86ac1051fec8d943400,2,97773886,1447.1041869490311,1748243467911984,Balance Token,0.2236679125,BALN,0,1,2025-05-26
cx88fd7df7ddff82f7cc735c871dc519838cb235bb,cx21e94c08c03daee80c25d8ee3ea22a20786ec231,cxa0af3165c08318e988cb30993b3048335b94af6c,0x579a814e10a740000,0x943abefa06a60faa6868316a703bd6da48a7dc260d92f86ac1051fec8d943400,1,97773886,101.0,1748243467911984,Balanced Dollar,0.2236679125,bnUSD,0,1,2025-05-26
cx88fd7df7ddff82f7cc735c871dc519838cb235bb,hx385a695da4288bf7d70df14d1201e832c2bcf2a6,cx21e94c08c03daee80c25d8ee3ea22a20786ec231,0x579a814e10a740000,0x943abefa06a60faa6868316a703bd6da48a7dc260d92f86ac1051fec8d943400,0,97773886,101.0,1748243467911984,Balanced Dollar,0.2236679125,bnUSD,0,1,2025-05-26
cx3975b43d260fb8ec802cef6e60c2f4d07486f11d,hx970eda4988e547df0de8324226fdf3e8ebc9734f,hx0000000000000000000000000000000000000000,0x21e19e0c9bab2400013,0x4e92e06616e727795e4b7ecdac35310b56fb925de1485bdc690d6af843f4e27d,10,97773885,10000.0,1748243465875971,Wrapped ICX,0.1556136375,wICX,0,1,2025-05-26
cx3975b43d260fb8ec802cef6e60c2f4d07486f11d,cx21e94c08c03daee80c25d8ee3ea22a20786ec231,hx970eda4988e547df0de8324226fdf3e8ebc9734f,0x21e19e0c9bab2400013,0x4e92e06616e727795e4b7ecdac35310b56fb925de1485bdc690d6af843f4e27d,9,97773885,10000.0,1748243465875971,Wrapped ICX,0.1556136375,wICX,0,1,2025-05-26
cx2609b924e33ef00b648a409245c7ea394c467824,cxa0af3165c08318e988cb30993b3048335b94af6c,cx5faae53c4dbd1fbe4a2eb4aab6565030f10da5c6,0x9c22a77637c1c574,0x4e92e06616e727795e4b7ecdac35310b56fb925de1485bdc690d6af843f4e27d,7,97773885,11.250738945308346,1748243465875971,Staked ICX,0.1556136375,sICX,0,1,2025-05-26
cx3975b43d260fb8ec802cef6e60c2f4d07486f11d,cxa0af3165c08318e988cb30993b3048335b94af6c,cx21e94c08c03daee80c25d8ee3ea22a20786ec231,0x21e19e0c9bab2400013,0x4e92e06616e727795e4b7ecdac35310b56fb925de1485bdc690d6af843f4e27d,6,97773885,10000.0,1748243465875971,Wrapped ICX,0.1556136375,wICX,0,1,2025-05-26
cx2609b924e33ef00b648a409245c7ea394c467824,cx21e94c08c03daee80c25d8ee3ea22a20786ec231,cxa0af3165c08318e988cb30993b3048335b94af6c,0x1969a3ec3dbddf23403,0x4e92e06616e727795e4b7ecdac35310b56fb925de1485bdc690d6af843f4e27d,5,97773885,7500.492630205564,1748243465875971,Staked ICX,0.1556136375,sICX,0,1,2025-05-26
cx88fd7df7ddff82f7cc735c871dc519838cb235bb,cxa0af3165c08318e988cb30993b3048335b94af6c,cx5faae53c4dbd1fbe4a2eb4aab6565030f10da5c6,0x1827a972c86ce52a,0x4e92e06616e727795e4b7ecdac35310b56fb925de1485bdc690d6af843f4e27d,3,97773885,1.7405460914559316,1748243465875971,Balanced Dollar,0.1556136375,bnUSD,0,1,2025-05-26
cx2609b924e33ef00b648a409245c7ea394c467824,cxa0af3165c08318e988cb30993b3048335b94af6c,cx21e94c08c03daee80c25d8ee3ea22a20786ec231,0x1969a3ec3dbddf23403,0x4e92e06616e727795e4b7ecdac35310b56fb925de1485bdc690d6af843f4e27d,2,97773885,7500.492630205564,1748243465875971,Staked ICX,0.1556136375,sICX,0,1,2025-05-26
cx88fd7df7ddff82f7cc735c871dc519838cb235bb,cx21e94c08c03daee80c25d8ee3ea22a20786ec231,cxa0af3165c08318e988cb30993b3048335b94af6c,0x3ee74945949b94ca6b,0x4e92e06616e727795e4b7ecdac35310b56fb925de1485bdc690d6af843f4e27d,1,97773885,1160.364060970621,1748243465875971,Balanced Dollar,0.1556136375,bnUSD,0,1,2025-05-26
cx88fd7df7ddff82f7cc735c871dc519838cb235bb,hx970eda4988e547df0de8324226fdf3e8ebc9734f,cx21e94c08c03daee80c25d8ee3ea22a20786ec231,0x3ee74945949b94ca6b,0x4e92e06616e727795e4b7ecdac35310b56fb925de1485bdc690d6af843f4e27d,0,97773885,1160.364060970621,1748243465875971,Balanced Dollar,0.1556136375,bnUSD,0,1,2025-05-26
cx88fd7df7ddff82f7cc735c871dc519838cb235bb,cxd82fb5d3effecd8c9071a4bba3856ad7222c4b91,hxd75467e3e4ce64e3424c747dfb71503017440433,0x3635c9adc5dea00000,0x96e64dc860bf0c35f47d25f01c708052d6a175f0654de941b434bbd10a87b4b9,0,97773875,1000.0,1748243445953770,Balanced Dollar,0.0206921875,bnUSD,0,1,2025-05-26
cx88fd7df7ddff82f7cc735c871dc519838cb235bb,cxd82fb5d3effecd8c9071a4bba3856ad7222c4b91,hxd75467e3e4ce64e3424c747dfb71503017440433,0x3635c9adc5dea00000,0x1aab2fd6e693cfc4cf3d8dc683367cbfd1cb3172a5f97a3b56f34523921adb64,0,97773874,1000.0,1748243443866399,Balanced Dollar,0.0206921875,bnUSD,0,1,2025-05-26
cx07b184a37f03c6ab681fcbd0b45aec6dc3eafbeb,cx21e94c08c03daee80c25d8ee3ea22a20786ec231,hx1adc2b41608d81704d775ff143f43ab6efe0d792,0x105fc552af332,0x18141ba50eaa65cc245e36fdd0e6230608e402408f4cdce7ecfd7d832ef2714d,5,97773859,0.000288056295486258,1748243412631115,Bitcoin,0.0859652,BTC,0,1,2025-05-26
cx88fd7df7ddff82f7cc735c871dc519838cb235bb,cxa0af3165c08318e988cb30993b3048335b94af6c,cx5faae53c4dbd1fbe4a2eb4aab6565030f10da5c6,0xa8762416419165,0x18141ba50eaa65cc245e36fdd0e6230608e402408f4cdce7ecfd7d832ef2714d,3,97773859,0.04741769345168625,1748243412631115,Balanced Dollar,0.0859652,bnUSD,0,1,2025-05-26
cx07b184a37f03c6ab681fcbd0b45aec6dc3eafbeb,cxa0af3165c08318e988cb30993b3048335b94af6c,cx21e94c08c03daee80c25d8ee3ea22a20786ec231,0x105fc552af332,0x18141ba50eaa65cc245e36fdd0e6230608e402408f4cdce7ecfd7d832ef2714d,2,97773859,0.000288056295486258,1748243412631115,Bitcoin,0.0859652,BTC,0,1,2025-05-26
cx88fd7df7ddff82f7cc735c871dc519838cb235bb,cx21e94c08c03daee80c25d8ee3ea22a20786ec231,cxa0af3165c08318e988cb30993b3048335b94af6c,0x1b6b3a8a4a0154cdf,0x18141ba50eaa65cc245e36fdd0e6230608e402408f4cdce7ecfd7d832ef2714d,1,97773859,31.611795634457497,1748243412631115,Balanced Dollar,0.0859652,bnUSD,0,1,2025-05-26
cx88fd7df7ddff82f7cc735c871dc519838cb235bb,hx1adc2b41608d81704d775ff143f43ab6efe0d792,cx21e94c08c03daee80c25d8ee3ea22a20786ec231,0x1b6b3a8a4a0154cdf,0x18141ba50eaa65cc245e36fdd0e6230608e402408f4cdce7ecfd7d832ef2714d,0,97773859,31.611795634457497,1748243412631115,Balanced Dollar,0.0859652,bnUSD,0,1,2025-05-26
cx88fd7df7ddff82f7cc735c871dc519838cb235bb,cxa0af3165c08318e988cb30993b3048335b94af6c,hx1adc2b41608d81704d775ff143f43ab6efe0d792,0x1b6b3a8a4a0154cdf,0xa65ca44866e96db47fcff6c8695db047c696f1fe8a07e9250673386b111d58e9,4,97773846,31.611795634457497,1748243386678739,Balanced Dollar,0.051554525,bnUSD,0,1,2025-05-26
cx07b184a37f03c6ab681fcbd0b45aec6dc3eafbeb,cxa0af3165c08318e988cb30993b3048335b94af6c,hx1adc2b41608d81704d775ff143f43ab6efe0d792,0x106c8fc6a0b0f,0xa65ca44866e96db47fcff6c8695db047c696f1fe8a07e9250673386b111d58e9,2,97773846,0.000288935274744591,1748243386678739,Bitcoin,0.051554525,BTC,0,1,2025-05-26
cx88fd7df7ddff82f7cc735c871dc519838cb235bb,cxa0af3165c08318e988cb30993b3048335b94af6c,cx5faae53c4dbd1fbe4a2eb4aab6565030f10da5c6,0x33ddbc1f644a9db,0x05a1c17f5f5e7153fa9cda5cf9319ab9d1ff34f521b0cefac0e3546b455e53e7,2,97773836,0.23358438179999996,1748243365439575,Balanced Dollar,0.056404175,bnUSD,0,1,2025-05-26
cx288d13e1b63563459a2ac6179f237711f6851cb5,cxa0af3165c08318e988cb30993b3048335b94af6c,hxd75467e3e4ce64e3424c747dfb71503017440433,0xd5bc3be78fd209,0x05a1c17f5f5e7153fa9cda5cf9319ab9d1ff34f521b0cefac0e3546b455e53e7,1,97773836,0.06016113551342439,1748243365439575,Ethereum,0.056404175,ETH,0,1,2025-05-26
cx88fd7df7ddff82f7cc735c871dc519838cb235bb,hxd75467e3e4ce64e3424c747dfb71503017440433,cxa0af3165c08318e988cb30993b3048335b94af6c,0x87116f3c6a8250000,0x05a1c17f5f5e7153fa9cda5cf9319ab9d1ff34f521b0cefac0e3546b455e53e7,0,97773836,155.72292119999997,1748243365439575,Balanced Dollar,0.056404175,bnUSD,0,1,2025-05-26
cx88fd7df7ddff82f7cc735c871dc519838cb235bb,cxa0af3165c08318e988cb30993b3048335b94af6c,cx5faae53c4dbd1fbe4a2eb4aab6565030f10da5c6,0x3ce37d3300d8b12,0x9f23fe1b14d7928f547fc9cf8bf923aacc27860f8c7ab304c9a928cd2af34986,2,97773830,0.2742180075,1748243353465283,Balanced Dollar,0.0460587125,bnUSD,0,1,2025-05-26
cx508002ec116fbf3ab406329c0df28e70d7e75fb3,cxa0af3165c08318e988cb30993b3048335b94af6c,hxd75467e3e4ce64e3424c747dfb71503017440433,0xbac878a5d,0x9f23fe1b14d7928f547fc9cf8bf923aacc27860f8c7ab304c9a928cd2af34986,1,97773830,50.139204189,1748243353465283,Sui,0.0460587125,SUI,0,1,2025-05-26
cx88fd7df7ddff82f7cc735c871dc519838cb235bb,hxd75467e3e4ce64e3424c747dfb71503017440433,cxa0af3165c08318e988cb30993b3048335b94af6c,0x9e906b5f7cdef8000,0x9f23fe1b14d7928f547fc9cf8bf923aacc27860f8c7ab304c9a928cd2af34986,0,97773830,182.812005,1748243353465283,Balanced Dollar,0.0460587125,bnUSD,0,1,2025-05-26
cx88fd7df7ddff82f7cc735c871dc519838cb235bb,cxa0af3165c08318e988cb30993b3048335b94af6c,cx5faae53c4dbd1fbe4a2eb4aab6565030f10da5c6,0x33e98a70c1c82e1,0xf91ee3dbeaa7b53729f5277f64bad7feaa67b021f8fff8518c90238997064b91,2,97773827,0.23379207389999998,1748243347401096,Balanced Dollar,0.056404175,bnUSD,0,1,2025-05-26
cx288d13e1b63563459a2ac6179f237711f6851cb5,cxa0af3165c08318e988cb30993b3048335b94af6c,hxd75467e3e4ce64e3424c747dfb71503017440433,0xd60b320bdc8a4f,0xf91ee3dbeaa7b53729f5277f64bad7feaa67b021f8fff8518c90238997064b91,1,97773827,0.060247954591353424,1748243347401096,Ethereum,0.056404175,ETH,0,1,2025-05-26
cx88fd7df7ddff82f7cc735c871dc519838cb235bb,hxd75467e3e4ce64e3424c747dfb71503017440433,cxa0af3165c08318e988cb30993b3048335b94af6c,0x87302ddaf8a3f8000,0xf91ee3dbeaa7b53729f5277f64bad7feaa67b021f8fff8518c90238997064b91,0,97773827,155.86138259999998,1748243347401096,Balanced Dollar,0.056404175,bnUSD,0,1,2025-05-26
cx88fd7df7ddff82f7cc735c871dc519838cb235bb,cxa0af3165c08318e988cb30993b3048335b94af6c,cx5faae53c4dbd1fbe4a2eb4aab6565030f10da5c6,0x2f72a6033f04800,0x4e3b7dbc05f7288fe7161fd02a466bfe27df02eaaaeda474b349c827c2ee0074,2,97773824,0.2136861,1748243341403297,Balanced Dollar,0.056377575,bnUSD,0,2,2025-05-26
cx4297f4b63262507623b6ad575d0d8dd2db980e4e,cxa0af3165c08318e988cb30993b3048335b94af6c,hxd75467e3e4ce64e3424c747dfb71503017440433,0x8b24b4b16930573e,0x4e3b7dbc05f7288fe7161fd02a466bfe27df02eaaaeda474b349c827c2ee0074,1,97773824,10.026337344500554,1748243341403297,Injective,0.056377575,INJ,0,2,2025-05-26
cx88fd7df7ddff82f7cc735c871dc519838cb235bb,hxd75467e3e4ce64e3424c747dfb71503017440433,cxa0af3165c08318e988cb30993b3048335b94af6c,0x7b8fe5a8741bb8000,0x4e3b7dbc05f7288fe7161fd02a466bfe27df02eaaaeda474b349c827c2ee0074,0,97773824,142.4574,1748243341403297,Balanced Dollar,0.056377575,bnUSD,0,2,2025-05-26
cx07b184a37f03c6ab681fcbd0b45aec6dc3eafbeb,cx21e94c08c03daee80c25d8ee3ea22a20786ec231,hx970eda4988e547df0de8324226fdf3e8ebc9734f,0x2386f26fc10001,0xd7b756dac05c8e67bb01b4d5c5972f6c32ed13bf7e0396e9553a4fb293d26e7e,5,97773824,0.01,1748243341403297,Bitcoin,0.086001575,BTC,0,1,2025-05-26
cx88fd7df7ddff82f7cc735c871dc519838cb235bb,cxa0af3165c08318e988cb30993b3048335b94af6c,cx5faae53c4dbd1fbe4a2eb4aab6565030f10da5c6,0x16cf63490dfb7e92,0xd7b756dac05c8e67bb01b4d5c5972f6c32ed13bf7e0396e9553a4fb293d26e7e,3,97773824,1.6436415544318685,1748243341403297,Balanced Dollar,0.086001575,bnUSD,0,1,2025-05-26
cx07b184a37f03c6ab681fcbd0b45aec6dc3eafbeb,cxa0af3165c08318e988cb30993b3048335b94af6c,cx21e94c08c03daee80c25d8ee3ea22a20786ec231,0x2386f26fc10001,0xd7b756dac05c8e67bb01b4d5c5972f6c32ed13bf7e0396e9553a4fb293d26e7e,2,97773824,0.01,1748243341403297,Bitcoin,0.086001575,BTC,0,1,2025-05-26
cx88fd7df7ddff82f7cc735c871dc519838cb235bb,cx21e94c08c03daee80c25d8ee3ea22a20786ec231,cxa0af3165c08318e988cb30993b3048335b94af6c,0x3b66bd38e9beeef3ec,0xd7b756dac05c8e67bb01b4d5c5972f6c32ed13bf7e0396e9553a4fb293d26e7e,1,97773824,1095.7610362879125,1748243341403297,Balanced Dollar,0.086001575,bnUSD,0,1,2025-05-26
cx88fd7df7ddff82f7cc735c871dc519838cb235bb,hx970eda4988e547df0de8324226fdf3e8ebc9734f,cx21e94c08c03daee80c25d8ee3ea22a20786ec231,0x3b66bd38e9beeef3ec,0xd7b756dac05c8e67bb01b4d5c5972f6c32ed13bf7e0396e9553a4fb293d26e7e,0,97773824,1095.7610362879125,1748243341403297,Balanced Dollar,0.086001575,bnUSD,0,1,2025-05-26
cx288d13e1b63563459a2ac6179f237711f6851cb5,cx21e94c08c03daee80c25d8ee3ea22a20786ec231,hx2debd9ec927cca1639da8d3518dd9dbf1cdfb357,0x30d97091074d6a0,0x95c0916d151299721bce86f5ac3cdf40181e221a535be5ca258c78978b8fdce2,5,97773823,0.21999802199761476,1748243339423426,Ethereum,0.0884710625,ETH,0,1,2025-05-26
cx88fd7df7ddff82f7cc735c871dc519838cb235bb,cxa0af3165c08318e988cb30993b3048335b94af6c,cx5faae53c4dbd1fbe4a2eb4aab6565030f10da5c6,0xbd50e528329ee8c,0x95c0916d151299721bce86f5ac3cdf40181e221a535be5ca258c78978b8fdce2,3,97773823,0.8526034520072475,1748243339423426,Balanced Dollar,0.0884710625,bnUSD,0,1,2025-05-26
cx288d13e1b63563459a2ac6179f237711f6851cb5,cxa0af3165c08318e988cb30993b3048335b94af6c,cx21e94c08c03daee80c25d8ee3ea22a20786ec231,0x30d97091074d6a0,0x95c0916d151299721bce86f5ac3cdf40181e221a535be5ca258c78978b8fdce2,2,97773823,0.21999802199761476,1748243339423426,Ethereum,0.0884710625,ETH,0,1,2025-05-26
cx88fd7df7ddff82f7cc735c871dc519838cb235bb,cx21e94c08c03daee80c25d8ee3ea22a20786ec231,cxa0af3165c08318e988cb30993b3048335b94af6c,0x1ed02aa18ae7dd3740,0x95c0916d151299721bce86f5ac3cdf40181e221a535be5ca258c78978b8fdce2,1,97773823,568.402301338165,1748243339423426,Balanced Dollar,0.0884710625,bnUSD,0,1,2025-05-26
cx88fd7df7ddff82f7cc735c871dc519838cb235bb,hx2debd9ec927cca1639da8d3518dd9dbf1cdfb357,cx21e94c08c03daee80c25d8ee3ea22a20786ec231,0x1ed02aa18ae7dd3740,0x95c0916d151299721bce86f5ac3cdf40181e221a535be5ca258c78978b8fdce2,0,97773823,568.402301338165,1748243339423426,Balanced Dollar,0.0884710625,bnUSD,0,1,2025-05-26
cx88fd7df7ddff82f7cc735c871dc519838cb235bb,cxa0af3165c08318e988cb30993b3048335b94af6c,cx5faae53c4dbd1fbe4a2eb4aab6565030f10da5c6,0x2fcb3c4ca8ad818,0x3cb95cbfa1e39a401dbbc0c0ff8cb778a51d2f932c2a635611b79aa25b82abee,2,97773816,0.21524454,1748243324180172,Balanced Dollar,0.056310275,bnUSD,0,1,2025-05-26
cx66a031cc3bd305c76371fb586e93801b948254f0,cxa0af3165c08318e988cb30993b3048335b94af6c,hxd75467e3e4ce64e3424c747dfb71503017440433,0x538bd18812bd4ff1,0x3cb95cbfa1e39a401dbbc0c0ff8cb778a51d2f932c2a635611b79aa25b82abee,1,97773816,6.020135709270954,1748243324180172,Avalanche,0.056310275,AVAX,0,1,2025-05-26
cx88fd7df7ddff82f7cc735c871dc519838cb235bb,hxd75467e3e4ce64e3424c747dfb71503017440433,cxa0af3165c08318e988cb30993b3048335b94af6c,0x7c7697b24c992c000,0x3cb95cbfa1e39a401dbbc0c0ff8cb778a51d2f932c2a635611b79aa25b82abee,0,97773816,143.49636,1748243324180172,Balanced Dollar,0.056310275,bnUSD,0,1,2025-05-26
cx88fd7df7ddff82f7cc735c871dc519838cb235bb,cxa0af3165c08318e988cb30993b3048335b94af6c,cx5faae53c4dbd1fbe4a2eb4aab6565030f10da5c6,0x2f72a6033f04800,0x42a4defce1fade93129d7d53c348eddd7e7b10da5319bb637e56792084862d14,2,97773813,0.2136861,1748243318187844,Balanced Dollar,0.056377575,bnUSD,0,1,2025-05-26
cx4297f4b63262507623b6ad575d0d8dd2db980e4e,cxa0af3165c08318e988cb30993b3048335b94af6c,hxd75467e3e4ce64e3424c747dfb71503017440433,0x8b52fb05a54751f8,0x42a4defce1fade93129d7d53c348eddd7e7b10da5319bb637e56792084862d14,1,97773813,10.039362521028579,1748243318187844,Injective,0.056377575,INJ,0,1,2025-05-26
cx88fd7df7ddff82f7cc735c871dc519838cb235bb,hxd75467e3e4ce64e3424c747dfb71503017440433,cxa0af3165c08318e988cb30993b3048335b94af6c,0x7b8fe5a8741bb8000,0x42a4defce1fade93129d7d53c348eddd7e7b10da5319bb637e56792084862d14,0,97773813,142.4574,1748243318187844,Balanced Dollar,0.056377575,bnUSD,0,1,2025-05-26
cx88fd7df7ddff82f7cc735c871dc519838cb235bb,cxa0af3165c08318e988cb30993b3048335b94af6c,cx5faae53c4dbd1fbe4a2eb4aab6565030f10da5c6,0x3cdbd2a7ba2a106,0x22aae657a303afa969f81dfe36528ef666432c8941b122006520e1ba16731989,2,97773810,0.2740831425,1748243312180731,Balanced Dollar,0.0460587125,bnUSD,0,1,2025-05-26
cx508002ec116fbf3ab406329c0df28e70d7e75fb3,cxa0af3165c08318e988cb30993b3048335b94af6c,hxd75467e3e4ce64e3424c747dfb71503017440433,0xbaea4ffb6,0x22aae657a303afa969f81dfe36528ef666432c8941b122006520e1ba16731989,1,97773810,50.174689206,1748243312180731,Sui,0.0460587125,SUI,0,1,2025-05-26
cx88fd7df7ddff82f7cc735c871dc519838cb235bb,hxd75467e3e4ce64e3424c747dfb71503017440433,cxa0af3165c08318e988cb30993b3048335b94af6c,0x9e7c7494ca22e0000,0x22aae657a303afa969f81dfe36528ef666432c8941b122006520e1ba16731989,0,97773810,182.722095,1748243312180731,Balanced Dollar,0.0460587125,bnUSD,0,1,2025-05-26
cx88fd7df7ddff82f7cc735c871dc519838cb235bb,cxa0af3165c08318e988cb30993b3048335b94af6c,cx5faae53c4dbd1fbe4a2eb4aab6565030f10da5c6,0x33ce741e3f814bc,0xaccbf3e3b1c09c89eb9145a9478000cdb4e7dfdc5b91cf232f9c891654401b1a,2,97773807,0.23331555089999992,1748243306207540,Balanced Dollar,0.056404175,bnUSD,0,1,2025-05-26
cx288d13e1b63563459a2ac6179f237711f6851cb5,cxa0af3165c08318e988cb30993b3048335b94af6c,hxd75467e3e4ce64e3424c747dfb71503017440433,0xd6286ebf6eb7de,0xaccbf3e3b1c09c89eb9145a9478000cdb4e7dfdc5b91cf232f9c891654401b1a,1,97773807,0.06028010113929827,1748243306207540,Ethereum,0.056404175,ETH,0,1,2025-05-26
cx88fd7df7ddff82f7cc735c871dc519838cb235bb,hxd75467e3e4ce64e3424c747dfb71503017440433,cxa0af3165c08318e988cb30993b3048335b94af6c,0x86e9a3b9700b60000,0xaccbf3e3b1c09c89eb9145a9478000cdb4e7dfdc5b91cf232f9c891654401b1a,0,97773807,155.54370059999997,1748243306207540,Balanced Dollar,0.056404175,bnUSD,0,1,2025-05-26
cx88fd7df7ddff82f7cc735c871dc519838cb235bb,cxd82fb5d3effecd8c9071a4bba3856ad7222c4b91,hx970eda4988e547df0de8324226fdf3e8ebc9734f,0x5e59bc0ca5d05e0000,0x097eca5b9f16c6a77112e60c784b6c487d80fcb31e1990b97d963a58e6cb8b67,0,97773800,1740.46,1748243292262456,Balanced Dollar,0.02066025,bnUSD,0,1,2025-05-26
cx88fd7df7ddff82f7cc735c871dc519838cb235bb,cxa0af3165c08318e988cb30993b3048335b94af6c,cx5faae53c4dbd1fbe4a2eb4aab6565030f10da5c6,0x2fbbe7361b50400,0x2964fb3765a5c2ccdbd25eae50b88693bb457489e2b62b9464612015b8a6f11c,2,97773798,0.21497481,1748243288213968,Balanced Dollar,0.0563129625,bnUSD,0,1,2025-05-26
cx66a031cc3bd305c76371fb586e93801b948254f0,cxa0af3165c08318e988cb30993b3048335b94af6c,hxd75467e3e4ce64e3424c747dfb71503017440433,0x5387278a8f80f21b,0x2964fb3765a5c2ccdbd25eae50b88693bb457489e2b62b9464612015b8a6f11c,1,97773798,6.01882290307052,1748243288213968,Avalanche,0.0563129625,AVAX,0,1,2025-05-26
cx88fd7df7ddff82f7cc735c871dc519838cb235bb,hxd75467e3e4ce64e3424c747dfb71503017440433,cxa0af3165c08318e988cb30993b3048335b94af6c,0x7c4eaa1ce720fc000,0x2964fb3765a5c2ccdbd25eae50b88693bb457489e2b62b9464612015b8a6f11c,0,97773798,143.31654,1748243288213968,Balanced Dollar,0.0563129625,bnUSD,0,1,2025-05-26
cx88fd7df7ddff82f7cc735c871dc519838cb235bb,cxa0af3165c08318e988cb30993b3048335b94af6c,cx5faae53c4dbd1fbe4a2eb4aab6565030f10da5c6,0x33ba02aad85a4ed,0x6954134fce1544b3bf0ee446ca47c812129e4dcd51e359d47915f016b813898d,2,97773795,0.23295591089999998,1748243282151973,Balanced Dollar,0.0564028625,bnUSD,0,1,2025-05-26
cx288d13e1b63563459a2ac6179f237711f6851cb5,cxa0af3165c08318e988cb30993b3048335b94af6c,hxd75467e3e4ce64e3424c747dfb71503017440433,0xd5f2325e810094,0x6954134fce1544b3bf0ee446ca47c812129e4dcd51e359d47915f016b813898d,1,97773795,0.06022046818716892,1748243282151973,Ethereum,0.0564028625,ETH,0,1,2025-05-26
cx88fd7df7ddff82f7cc735c871dc519838cb235bb,hxd75467e3e4ce64e3424c747dfb71503017440433,cxa0af3165c08318e988cb30993b3048335b94af6c,0x86b466f23e15d8000,0x6954134fce1544b3bf0ee446ca47c812129e4dcd51e359d47915f016b813898d,0,97773795,155.30394059999998,1748243282151973,Balanced Dollar,0.0564028625,bnUSD,0,1,2025-05-26
cx88fd7df7ddff82f7cc735c871dc519838cb235bb,cxa0af3165c08318e988cb30993b3048335b94af6c,cx5faae53c4dbd1fbe4a2eb4aab6565030f10da5c6,0x3cc16ac7ff97b12,0x8f765eb5666f527fc5aa8ebc3415ffd3918509637f92d5df688b285fb1843785,2,97773791,0.2736186075,1748243272961858,Balanced Dollar,0.0460574,bnUSD,0,1,2025-05-26
cx508002ec116fbf3ab406329c0df28e70d7e75fb3,cxa0af3165c08318e988cb30993b3048335b94af6c,hxd75467e3e4ce64e3424c747dfb71503017440433,0xbad2837f7,0x8f765eb5666f527fc5aa8ebc3415ffd3918509637f92d5df688b285fb1843785,1,97773791,50.149734391,1748243272961858,Sui,0.0460574,SUI,0,1,2025-05-26
cx88fd7df7ddff82f7cc735c871dc519838cb235bb,hxd75467e3e4ce64e3424c747dfb71503017440433,cxa0af3165c08318e988cb30993b3048335b94af6c,0x9e37b0be299b08000,0x8f765eb5666f527fc5aa8ebc3415ffd3918509637f92d5df688b285fb1843785,0,97773791,182.412405,1748243272961858,Balanced Dollar,0.0460574,bnUSD,0,1,2025-05-26
cx88fd7df7ddff82f7cc735c871dc519838cb235bb,cxd82fb5d3effecd8c9071a4bba3856ad7222c4b91,hx2795b422d55c51caa27f5c6397561e73d73e8bff,0x150f558ffcc9060000,0x92fe82bb9e070c7d9ab7f62eebb38d36f826893c2e97d7b37ed71af4e9817515,0,97773789,388.48657314735703,1748243268979373,Balanced Dollar,0.0206895625,bnUSD,0,1,2025-05-26
cx88fd7df7ddff82f7cc735c871dc519838cb235bb,cxa0af3165c08318e988cb30993b3048335b94af6c,cx5faae53c4dbd1fbe4a2eb4aab6565030f10da5c6,0x2f619ccdbe64000,0x6d194b2613d5fac6d42ad2726625f9b45bb2ea9864b5e94690523f8009bf2dc3,2,97773788,0.2133864,1748243266950856,Balanced Dollar,0.0563762625,bnUSD,0,1,2025-05-26
cx4297f4b63262507623b6ad575d0d8dd2db980e4e,cxa0af3165c08318e988cb30993b3048335b94af6c,hxd75467e3e4ce64e3424c747dfb71503017440433,0x8b4f39621bbf0853,0x6d194b2613d5fac6d42ad2726625f9b45bb2ea9864b5e94690523f8009bf2dc3,1,97773788,10.038305187967207,1748243266950856,Injective,0.0563762625,INJ,0,1,2025-05-26
cx88fd7df7ddff82f7cc735c871dc519838cb235bb,hxd75467e3e4ce64e3424c747dfb71503017440433,cxa0af3165c08318e988cb30993b3048335b94af6c,0x7b638857ca79c0000,0x6d194b2613d5fac6d42ad2726625f9b45bb2ea9864b5e94690523f8009bf2dc3,0,97773788,142.2576,1748243266950856,Balanced Dollar,0.0563762625,bnUSD,0,1,2025-05-26
cx88fd7df7ddff82f7cc735c871dc519838cb235bb,cxa0af3165c08318e988cb30993b3048335b94af6c,cx5faae53c4dbd1fbe4a2eb4aab6565030f10da5c6,0x81645b850af7f3b,0xaa3541c5e4dab45de9fae68efb2d88ebc0293e34a8496d06349bc04a77200be6,2,97773787,0.5827298597210355,1748243264942862,Balanced Dollar,0.0460154875,bnUSD,0,1,2025-05-26
cx65c9e3d4fea842e00add0d32a5b4c5e4e04c7a6b,cxa0af3165c08318e988cb30993b3048335b94af6c,hx2795b422d55c51caa27f5c6397561e73d73e8bff,0x83216b60,0xaa3541c5e4dab45de9fae68efb2d88ebc0293e34a8496d06349bc04a77200be6,1,97773787,2.200005472,1748243264942862,Solana,0.0460154875,SOL,0,1,2025-05-26
cx88fd7df7ddff82f7cc735c871dc519838cb235bb,hx2795b422d55c51caa27f5c6397561e73d73e8bff,cxa0af3165c08318e988cb30993b3048335b94af6c,0x150f558ffcc9060000,0xaa3541c5e4dab45de9fae68efb2d88ebc0293e34a8496d06349bc04a77200be6,0,97773787,388.48657314735703,1748243264942862,Balanced Dollar,0.0460154875,bnUSD,0,1,2025-05-26
cx07b184a37f03c6ab681fcbd0b45aec6dc3eafbeb,cx21e94c08c03daee80c25d8ee3ea22a20786ec231,hx970eda4988e547df0de8324226fdf3e8ebc9734f,0x2386f26fc10001,0x1d62576de3f1fe39e947457a80ab782da85eb9b19a35c53985aec96a1ade93a4,5,97773783,0.01,1748243257550941,Bitcoin,0.08600295,BTC,0,1,2025-05-26
cx88fd7df7ddff82f7cc735c871dc519838cb235bb,cxa0af3165c08318e988cb30993b3048335b94af6c,cx5faae53c4dbd1fbe4a2eb4aab6565030f10da5c6,0x16be4aef1d174c28,0x1d62576de3f1fe39e947457a80ab782da85eb9b19a35c53985aec96a1ade93a4,3,97773783,1.6388297052551446,1748243257550941,Balanced Dollar,0.08600295,bnUSD,0,1,2025-05-26
cx07b184a37f03c6ab681fcbd0b45aec6dc3eafbeb,cxa0af3165c08318e988cb30993b3048335b94af6c,cx21e94c08c03daee80c25d8ee3ea22a20786ec231,0x2386f26fc10001,0x1d62576de3f1fe39e947457a80ab782da85eb9b19a35c53985aec96a1ade93a4,2,97773783,0.01,1748243257550941,Bitcoin,0.08600295,BTC,0,1,2025-05-26
cx88fd7df7ddff82f7cc735c871dc519838cb235bb,cx21e94c08c03daee80c25d8ee3ea22a20786ec231,cxa0af3165c08318e988cb30993b3048335b94af6c,0x3b3a38795bc200ff91,0x1d62576de3f1fe39e947457a80ab782da85eb9b19a35c53985aec96a1ade93a4,1,97773783,1092.553136836763,1748243257550941,Balanced Dollar,0.08600295,bnUSD,0,1,2025-05-26
cx88fd7df7ddff82f7cc735c871dc519838cb235bb,hx970eda4988e547df0de8324226fdf3e8ebc9734f,cx21e94c08c03daee80c25d8ee3ea22a20786ec231,0x3b3a38795bc200ff91,0x1d62576de3f1fe39e947457a80ab782da85eb9b19a35c53985aec96a1ade93a4,0,97773783,1092.553136836763,1748243257550941,Balanced Dollar,0.08600295,bnUSD,0,1,2025-05-26
cx88fd7df7ddff82f7cc735c871dc519838cb235bb,cxa0af3165c08318e988cb30993b3048335b94af6c,cx5faae53c4dbd1fbe4a2eb4aab6565030f10da5c6,0x2fac921f8df3000,0x5324924a50d576144f66880923a983a6878cf1a887f137b74ef298e2dbccca32,2,97773774,0.21470508,1748243238944251,Balanced Dollar,0.0563089625,bnUSD,0,1,2025-05-26
cx66a031cc3bd305c76371fb586e93801b948254f0,cxa0af3165c08318e988cb30993b3048335b94af6c,hxd75467e3e4ce64e3424c747dfb71503017440433,0x53827105716bd75d,0x5324924a50d576144f66880923a983a6878cf1a887f137b74ef298e2dbccca32,1,97773774,6.017496320312072,1748243238944251,Avalanche,0.0563089625,AVAX,0,1,2025-05-26
cx88fd7df7ddff82f7cc735c871dc519838cb235bb,hxd75467e3e4ce64e3424c747dfb71503017440433,cxa0af3165c08318e988cb30993b3048335b94af6c,0x7c26bc8781a8d0000,0x5324924a50d576144f66880923a983a6878cf1a887f137b74ef298e2dbccca32,0,97773774,143.13672,1748243238944251,Balanced Dollar,0.0563089625,bnUSD,0,1,2025-05-26
cx88fd7df7ddff82f7cc735c871dc519838cb235bb,cxd82fb5d3effecd8c9071a4bba3856ad7222c4b91,hx970eda4988e547df0de8324226fdf3e8ebc9734f,0x6930455bf6c7fdbbc9,0x041e4c396e38991c1c573f858e738529d0bc9b8f7be859ce0f51662cccabd1d7,0,97773765,1940.386415142192,1748243219757317,Balanced Dollar,0.0207070625,bnUSD,0,1,2025-05-26
cx88fd7df7ddff82f7cc735c871dc519838cb235bb,cxd82fb5d3effecd8c9071a4bba3856ad7222c4b91,hxd75467e3e4ce64e3424c747dfb71503017440433,0x6c6b935b8bbd400000,0xc5686a8444f2e2d79e829a9d10d37dfe730d53dce2e6aafd559dc4e1eaec3579,0,97773754,2000.0,1748243197780784,Balanced Dollar,0.0206921875,bnUSD,0,1,2025-05-26
cx88fd7df7ddff82f7cc735c871dc519838cb235bb,cxa09dbb60dcb62fffbd232b6eae132d730a2aafa6,cx21e94c08c03daee80c25d8ee3ea22a20786ec231,0xf37e87f5abbc1b000,0x43692087d0b035228d2c4b84a3b21980dabb16f76d9fbd7bb248ebd495938324,5,97773736,280.729771,1748243160504230,Balanced Dollar,0.0922769,bnUSD,0,1,2025-05-26
cx88fd7df7ddff82f7cc735c871dc519838cb235bb,hx0000000000000000000000000000000000000000,cxa09dbb60dcb62fffbd232b6eae132d730a2aafa6,0xf37e87f5abbc1b000,0x43692087d0b035228d2c4b84a3b21980dabb16f76d9fbd7bb248ebd495938324,4,97773736,280.729771,1748243160504230,Balanced Dollar,0.0922769,bnUSD,0,1,2025-05-26
cx22319ac7f412f53eabe3c9827acf5e27e9c6a95f,cx21e94c08c03daee80c25d8ee3ea22a20786ec231,cxa09dbb60dcb62fffbd232b6eae132d730a2aafa6,0x10bb98ab,0x43692087d0b035228d2c4b84a3b21980dabb16f76d9fbd7bb248ebd495938324,3,97773736,280.729771,1748243160504230,USDC,0.0922769,USDC,0,1,2025-05-26
cx22319ac7f412f53eabe3c9827acf5e27e9c6a95f,hx0000000000000000000000000000000000000000,cx21e94c08c03daee80c25d8ee3ea22a20786ec231,0x10bb98ab,0x43692087d0b035228d2c4b84a3b21980dabb16f76d9fbd7bb248ebd495938324,1,97773736,280.729771,1748243160504230,USDC,0.0922769,USDC,0,1,2025-05-26
cx88fd7df7ddff82f7cc735c871dc519838cb235bb,cxa0af3165c08318e988cb30993b3048335b94af6c,cx5faae53c4dbd1fbe4a2eb4aab6565030f10da5c6,0x3ca0326c77f84ed,0xd885f661bfc99662e2fdebf64d4151347e3aa0d912a516a399d1ed6bd54a38f3,2,97773708,0.2730341925,1748243103168169,Balanced Dollar,0.0460574,bnUSD,0,1,2025-05-26
cx508002ec116fbf3ab406329c0df28e70d7e75fb3,cxa0af3165c08318e988cb30993b3048335b94af6c,hxd75467e3e4ce64e3424c747dfb71503017440433,0xbaa588c3f,0xd885f661bfc99662e2fdebf64d4151347e3aa0d912a516a399d1ed6bd54a38f3,1,97773708,50.102570047,1748243103168169,Sui,0.0460574,SUI,0,1,2025-05-26
cx88fd7df7ddff82f7cc735c871dc519838cb235bb,hxd75467e3e4ce64e3424c747dfb71503017440433,cxa0af3165c08318e988cb30993b3048335b94af6c,0x9de12dfa786bf8000,0xd885f661bfc99662e2fdebf64d4151347e3aa0d912a516a399d1ed6bd54a38f3,0,97773708,182.02279499999997,1748243103168169,Balanced Dollar,0.0460574,bnUSD,0,1,2025-05-26
cx88fd7df7ddff82f7cc735c871dc519838cb235bb,cxa0af3165c08318e988cb30993b3048335b94af6c,cx5faae53c4dbd1fbe4a2eb4aab6565030f10da5c6,0x2f9820ac26cbfe7,0x09834e216c57ee82e912fbe5528853e5d1dcacc0b110f1dab5b0d14836fc077b,2,97773687,0.21434543999999997,1748243060006595,Balanced Dollar,0.0563089625,bnUSD,0,1,2025-05-26
cx66a031cc3bd305c76371fb586e93801b948254f0,cxa0af3165c08318e988cb30993b3048335b94af6c,hxd75467e3e4ce64e3424c747dfb71503017440433,0x5374b690d27403e8,0x09834e216c57ee82e912fbe5528853e5d1dcacc0b110f1dab5b0d14836fc077b,1,97773687,6.01363213556882,1748243060006595,Avalanche,0.0563089625,AVAX,0,1,2025-05-26
cx88fd7df7ddff82f7cc735c871dc519838cb235bb,hxd75467e3e4ce64e3424c747dfb71503017440433,cxa0af3165c08318e988cb30993b3048335b94af6c,0x7bf17fc04fb33c000,0x09834e216c57ee82e912fbe5528853e5d1dcacc0b110f1dab5b0d14836fc077b,0,97773687,142.89695999999998,1748243060006595,Balanced Dollar,0.0563089625,bnUSD,0,1,2025-05-26
cx88fd7df7ddff82f7cc735c871dc519838cb235bb,cxa0af3165c08318e988cb30993b3048335b94af6c,cx5faae53c4dbd1fbe4a2eb4aab6565030f10da5c6,0x2f3f8a62bd23000,0xabaf6a81a1575c2d5b8f649a724a21d7aeb8c8ab04ec5e8ddc76e83554b94a11,2,97773669,0.212787,1748243024395297,Balanced Dollar,0.0563762625,bnUSD,0,1,2025-05-26
cx4297f4b63262507623b6ad575d0d8dd2db980e4e,cxa0af3165c08318e988cb30993b3048335b94af6c,hxd75467e3e4ce64e3424c747dfb71503017440433,0x8b192d31958c5464,0xabaf6a81a1575c2d5b8f649a724a21d7aeb8c8ab04ec5e8ddc76e83554b94a11,1,97773669,10.023092136675398,1748243024395297,Injective,0.0563762625,INJ,0,1,2025-05-26
cx88fd7df7ddff82f7cc735c871dc519838cb235bb,hxd75467e3e4ce64e3424c747dfb71503017440433,cxa0af3165c08318e988cb30993b3048335b94af6c,0x7b0acdb67735d0000,0xabaf6a81a1575c2d5b8f649a724a21d7aeb8c8ab04ec5e8ddc76e83554b94a11,0,97773669,141.858,1748243024395297,Balanced Dollar,0.0563762625,bnUSD,0,1,2025-05-26
cx88fd7df7ddff82f7cc735c871dc519838cb235bb,cxa0af3165c08318e988cb30993b3048335b94af6c,cx5faae53c4dbd1fbe4a2eb4aab6565030f10da5c6,0x2f3705c7fcd2c18,0x7468710446533f5d90c7c9a7bf05bc85e8713fdcd6ab960f2f7ad581df164413,2,97773585,0.21263715000000002,1748242852279216,Balanced Dollar,0.0563762625,bnUSD,0,1,2025-05-26
cx4297f4b63262507623b6ad575d0d8dd2db980e4e,cxa0af3165c08318e988cb30993b3048335b94af6c,hxd75467e3e4ce64e3424c747dfb71503017440433,0x8b2e34a840138d02,0x7468710446533f5d90c7c9a7bf05bc85e8713fdcd6ab960f2f7ad581df164413,1,97773585,10.029011317434847,1748242852279216,Injective,0.0563762625,INJ,0,1,2025-05-26
cx88fd7df7ddff82f7cc735c871dc519838cb235bb,hxd75467e3e4ce64e3424c747dfb71503017440433,cxa0af3165c08318e988cb30993b3048335b94af6c,0x7af49f0e2264d8000,0x7468710446533f5d90c7c9a7bf05bc85e8713fdcd6ab960f2f7ad581df164413,0,97773585,141.7581,1748242852279216,Balanced Dollar,0.0563762625,bnUSD,0,1,2025-05-26
cx88fd7df7ddff82f7cc735c871dc519838cb235bb,cxa0af3165c08318e988cb30993b3048335b94af6c,cx5faae53c4dbd1fbe4a2eb4aab6565030f10da5c6,0x2f2e812d3c82818,0xe6391e3b6ce3b3a70cc49e7f4bf52759d31368bc897e8465271772f20481af90,2,97773577,0.21248730000000002,1748242836289505,Balanced Dollar,0.0563762625,bnUSD,0,1,2025-05-26
cx4297f4b63262507623b6ad575d0d8dd2db980e4e,cxa0af3165c08318e988cb30993b3048335b94af6c,hxd75467e3e4ce64e3424c747dfb71503017440433,0x8b433a18879a25a7,0xe6391e3b6ce3b3a70cc49e7f4bf52759d31368bc897e8465271772f20481af90,1,97773577,10.034928271740249,1748242836289505,Injective,0.0563762625,INJ,0,1,2025-05-26
cx88fd7df7ddff82f7cc735c871dc519838cb235bb,hxd75467e3e4ce64e3424c747dfb71503017440433,cxa0af3165c08318e988cb30993b3048335b94af6c,0x7ade7065cd93dc000,0xe6391e3b6ce3b3a70cc49e7f4bf52759d31368bc897e8465271772f20481af90,0,97773577,141.65820000000002,1748242836289505,Balanced Dollar,0.0563762625,bnUSD,0,1,2025-05-26
cx88fd7df7ddff82f7cc735c871dc519838cb235bb,cxa0af3165c08318e988cb30993b3048335b94af6c,cx5faae53c4dbd1fbe4a2eb4aab6565030f10da5c6,0x2f2e812d3c82818,0x694e06b75eeb845bf3fcdef540674ef88e6ffd5e90ff5e9bd0ba41408651b486,2,97773568,0.21248730000000002,1748242818292801,Balanced Dollar,0.0563762625,bnUSD,0,1,2025-05-26
cx4297f4b63262507623b6ad575d0d8dd2db980e4e,cxa0af3165c08318e988cb30993b3048335b94af6c,hxd75467e3e4ce64e3424c747dfb71503017440433,0x8b716e560392b202,0x694e06b75eeb845bf3fcdef540674ef88e6ffd5e90ff5e9bd0ba41408651b486,1,97773568,10.047933559346475,1748242818292801,Injective,0.0563762625,INJ,0,1,2025-05-26
cx88fd7df7ddff82f7cc735c871dc519838cb235bb,hxd75467e3e4ce64e3424c747dfb71503017440433,cxa0af3165c08318e988cb30993b3048335b94af6c,0x7ade7065cd93dc000,0x694e06b75eeb845bf3fcdef540674ef88e6ffd5e90ff5e9bd0ba41408651b486,0,97773568,141.65820000000002,1748242818292801,Balanced Dollar,0.0563762625,bnUSD,0,1,2025-05-26
cx88fd7df7ddff82f7cc735c871dc519838cb235bb,cxa0af3165c08318e988cb30993b3048335b94af6c,cx5faae53c4dbd1fbe4a2eb4aab6565030f10da5c6,0x2f88cb95996ebce,0xcc74131ed8912225050d641e3d6707683f640d7bf55eef798039505a13bc10a5,2,97773527,0.21407570999999995,1748242736230503,Balanced Dollar,0.0563089625,bnUSD,0,1,2025-05-26
cx66a031cc3bd305c76371fb586e93801b948254f0,cxa0af3165c08318e988cb30993b3048335b94af6c,hxd75467e3e4ce64e3424c747dfb71503017440433,0x536fe22d99e3cac2,0xcc74131ed8912225050d641e3d6707683f640d7bf55eef798039505a13bc10a5,1,97773527,6.0122727130461495,1748242736230503,Avalanche,0.0563089625,AVAX,0,1,2025-05-26
cx88fd7df7ddff82f7cc735c871dc519838cb235bb,hxd75467e3e4ce64e3424c747dfb71503017440433,cxa0af3165c08318e988cb30993b3048335b94af6c,0x7bc9922aea3b0c000,0xcc74131ed8912225050d641e3d6707683f640d7bf55eef798039505a13bc10a5,0,97773527,142.71713999999997,1748242736230503,Balanced Dollar,0.0563089625,bnUSD,0,1,2025-05-26
cx88fd7df7ddff82f7cc735c871dc519838cb235bb,cxd82fb5d3effecd8c9071a4bba3856ad7222c4b91,hxd75467e3e4ce64e3424c747dfb71503017440433,0x3635c9adc5dea00000,0x2597bbc339ced177a483fa4153f2f440e435ceff8359f18d726f2d9ba2e6ac22,0,97773521,1000.0,1748242724275419,Balanced Dollar,0.0206921875,bnUSD,0,1,2025-05-26
cx88fd7df7ddff82f7cc735c871dc519838cb235bb,cxa0af3165c08318e988cb30993b3048335b94af6c,cx5faae53c4dbd1fbe4a2eb4aab6565030f10da5c6,0x33a081effffd800,0x3e0d8456a5bd059a445b2cdbe718906ebe65973440e8b831a8e236b9c8990bae,2,97773514,0.23250726,1748242709029201,Balanced Dollar,0.0564028625,bnUSD,0,1,2025-05-26
cx288d13e1b63563459a2ac6179f237711f6851cb5,cxa0af3165c08318e988cb30993b3048335b94af6c,hxd75467e3e4ce64e3424c747dfb71503017440433,0xd5a6e6b2e3a49a,0x3e0d8456a5bd059a445b2cdbe718906ebe65973440e8b831a8e236b9c8990bae,1,97773514,0.06013767981332188,1748242709029201,Ethereum,0.0564028625,ETH,0,1,2025-05-26
cx88fd7df7ddff82f7cc735c871dc519838cb235bb,hxd75467e3e4ce64e3424c747dfb71503017440433,cxa0af3165c08318e988cb30993b3048335b94af6c,0x8671fd0baaa428000,0x3e0d8456a5bd059a445b2cdbe718906ebe65973440e8b831a8e236b9c8990bae,0,97773514,155.00484,1748242709029201,Balanced Dollar,0.0564028625,bnUSD,0,1,2025-05-26
cx88fd7df7ddff82f7cc735c871dc519838cb235bb,cxa0af3165c08318e988cb30993b3048335b94af6c,cx5faae53c4dbd1fbe4a2eb4aab6565030f10da5c6,0x2f7e92dbe5db400,0x7f093a0a42b049a24f6f544231516fac800c0e08e3543539efaee231b50d6303,2,97773503,0.21389589,1748242686997062,Balanced Dollar,0.0563089625,bnUSD,0,1,2025-05-26
cx66a031cc3bd305c76371fb586e93801b948254f0,cxa0af3165c08318e988cb30993b3048335b94af6c,hxd75467e3e4ce64e3424c747dfb71503017440433,0x5373fd52e11c7dbe,0x7f093a0a42b049a24f6f544231516fac800c0e08e3543539efaee231b50d6303,1,97773503,6.01342845987563,1748242686997062,Avalanche,0.0563089625,AVAX,0,1,2025-05-26
cx88fd7df7ddff82f7cc735c871dc519838cb235bb,hxd75467e3e4ce64e3424c747dfb71503017440433,cxa0af3165c08318e988cb30993b3048335b94af6c,0x7baef3c751404c000,0x7f093a0a42b049a24f6f544231516fac800c0e08e3543539efaee231b50d6303,0,97773503,142.59726,1748242686997062,Balanced Dollar,0.0563089625,bnUSD,0,1,2025-05-26
cx88fd7df7ddff82f7cc735c871dc519838cb235bb,cxa0af3165c08318e988cb30993b3048335b94af6c,cx5faae53c4dbd1fbe4a2eb4aab6565030f10da5c6,0x339b72a88ec7b12,0xb3a428bf74250257d291f29f0d5d3104ed93a618f00458dd629e68d4dec7687d,2,97773500,0.23241824910000003,1748242681109592,Balanced Dollar,0.0564028625,bnUSD,0,1,2025-05-26
cx288d13e1b63563459a2ac6179f237711f6851cb5,cxa0af3165c08318e988cb30993b3048335b94af6c,hxd75467e3e4ce64e3424c747dfb71503017440433,0xd5b020a0c1b3b0,0xb3a428bf74250257d291f29f0d5d3104ed93a618f00458dd629e68d4dec7687d,1,97773500,0.06014782422186078,1748242681109592,Ethereum,0.0564028625,ETH,0,1,2025-05-26
cx88fd7df7ddff82f7cc735c871dc519838cb235bb,hxd75467e3e4ce64e3424c747dfb71503017440433,cxa0af3165c08318e988cb30993b3048335b94af6c,0x8664cfec492808000,0xb3a428bf74250257d291f29f0d5d3104ed93a618f00458dd629e68d4dec7687d,0,97773500,154.94549940000002,1748242681109592,Balanced Dollar,0.0564028625,bnUSD,0,1,2025-05-26
cx88fd7df7ddff82f7cc735c871dc519838cb235bb,cxa0af3165c08318e988cb30993b3048335b94af6c,cx5faae53c4dbd1fbe4a2eb4aab6565030f10da5c6,0x2f03ea277af1418,0xcd4e810b599f93aaa7420302efcf81f45cabba3475d03a73c1cf0a3754c81409,2,97773461,0.21173805,1748242603001252,Balanced Dollar,0.0563762625,bnUSD,0,1,2025-05-26
cx4297f4b63262507623b6ad575d0d8dd2db980e4e,cxa0af3165c08318e988cb30993b3048335b94af6c,hxd75467e3e4ce64e3424c747dfb71503017440433,0x8b219b968f26365b,0xcd4e810b599f93aaa7420302efcf81f45cabba3475d03a73c1cf0a3754c81409,1,97773461,10.02546531645248,1748242603001252,Injective,0.0563762625,INJ,0,1,2025-05-26
cx88fd7df7ddff82f7cc735c871dc519838cb235bb,hxd75467e3e4ce64e3424c747dfb71503017440433,cxa0af3165c08318e988cb30993b3048335b94af6c,0x7a6f871c257ef0000,0xcd4e810b599f93aaa7420302efcf81f45cabba3475d03a73c1cf0a3754c81409,0,97773461,141.1587,1748242603001252,Balanced Dollar,0.0563762625,bnUSD,0,1,2025-05-26
cx88fd7df7ddff82f7cc735c871dc519838cb235bb,cxa0af3165c08318e988cb30993b3048335b94af6c,cx5faae53c4dbd1fbe4a2eb4aab6565030f10da5c6,0x2ef2e0f1fa50c00,0x735a229dc47d524feb96a133c5ede6237a7bab2538cae4444fa61672ee26f3b8,2,97773448,0.21143835,1748242576970379,Balanced Dollar,0.0563762625,bnUSD,0,1,2025-05-26
cx4297f4b63262507623b6ad575d0d8dd2db980e4e,cxa0af3165c08318e988cb30993b3048335b94af6c,hxd75467e3e4ce64e3424c747dfb71503017440433,0x8b1d272dfa23dc44,0x735a229dc47d524feb96a133c5ede6237a7bab2538cae4444fa61672ee26f3b8,1,97773448,10.024211424020258,1748242576970379,Injective,0.0563762625,INJ,0,1,2025-05-26
cx88fd7df7ddff82f7cc735c871dc519838cb235bb,hxd75467e3e4ce64e3424c747dfb71503017440433,cxa0af3165c08318e988cb30993b3048335b94af6c,0x7a4329cb7bdcf4000,0x735a229dc47d524feb96a133c5ede6237a7bab2538cae4444fa61672ee26f3b8,0,97773448,140.9589,1748242576970379,Balanced Dollar,0.0563762625,bnUSD,0,1,2025-05-26
cx88fd7df7ddff82f7cc735c871dc519838cb235bb,cxa0af3165c08318e988cb30993b3048335b94af6c,cx5faae53c4dbd1fbe4a2eb4aab6565030f10da5c6,0x2f745a223247c18,0xd69e49021db48dc8cd0b0198480c10fed7773a0a9fd612fb6dd5aa503e7cfdeb,2,97773445,0.21371607000000004,1748242570940391,Balanced Dollar,0.0563089625,bnUSD,0,1,2025-05-26
cx66a031cc3bd305c76371fb586e93801b948254f0,cxa0af3165c08318e988cb30993b3048335b94af6c,hxd75467e3e4ce64e3424c747dfb71503017440433,0x537812f9947730a5,0xd69e49021db48dc8cd0b0198480c10fed7773a0a9fd612fb6dd5aa503e7cfdeb,1,97773445,6.014578165500294,1748242570940391,Avalanche,0.0563089625,AVAX,0,1,2025-05-26
cx88fd7df7ddff82f7cc735c871dc519838cb235bb,hxd75467e3e4ce64e3424c747dfb71503017440433,cxa0af3165c08318e988cb30993b3048335b94af6c,0x7b945563b84588000,0xd69e49021db48dc8cd0b0198480c10fed7773a0a9fd612fb6dd5aa503e7cfdeb,0,97773445,142.47738,1748242570940391,Balanced Dollar,0.0563089625,bnUSD,0,1,2025-05-26
cx88fd7df7ddff82f7cc735c871dc519838cb235bb,cxa0af3165c08318e988cb30993b3048335b94af6c,cx5faae53c4dbd1fbe4a2eb4aab6565030f10da5c6,0x338e9eab05bb5c2,0x199365bc7f3098999039a724673e19e98464793002aab9b78336fea6862f1d8e,2,97773439,0.23219257499999993,1748242557767048,Balanced Dollar,0.0564028625,bnUSD,0,1,2025-05-26
cx288d13e1b63563459a2ac6179f237711f6851cb5,cxa0af3165c08318e988cb30993b3048335b94af6c,hxd75467e3e4ce64e3424c747dfb71503017440433,0xd59926ae0bef19,0x199365bc7f3098999039a724673e19e98464793002aab9b78336fea6862f1d8e,1,97773439,0.06012256144719439,1748242557767048,Ethereum,0.0564028625,ETH,0,1,2025-05-26
cx88fd7df7ddff82f7cc735c871dc519838cb235bb,hxd75467e3e4ce64e3424c747dfb71503017440433,cxa0af3165c08318e988cb30993b3048335b94af6c,0x864367dd5eed40000,0x199365bc7f3098999039a724673e19e98464793002aab9b78336fea6862f1d8e,0,97773439,154.79504999999995,1748242557767048,Balanced Dollar,0.0564028625,bnUSD,0,1,2025-05-26
cx4297f4b63262507623b6ad575d0d8dd2db980e4e,cx21e94c08c03daee80c25d8ee3ea22a20786ec231,hx2debd9ec927cca1639da8d3518dd9dbf1cdfb357,0x1a05473f66800eb68,0x0b30c473d12ca252e5e58792bdce5f257851088af14e1ca03bb4a01d86c92955,5,97773431,29.999730519965755,1748242541836176,Injective,0.088385925,INJ,0,1,2025-05-26
cx88fd7df7ddff82f7cc735c871dc519838cb235bb,cxa0af3165c08318e988cb30993b3048335b94af6c,cx5faae53c4dbd1fbe4a2eb4aab6565030f10da5c6,0x8c24b4c790fabe1,0x0b30c473d12ca252e5e58792bdce5f257851088af14e1ca03bb4a01d86c92955,3,97773431,0.6311496896059586,1748242541836176,Balanced Dollar,0.088385925,bnUSD,0,1,2025-05-26
cx4297f4b63262507623b6ad575d0d8dd2db980e4e,cxa0af3165c08318e988cb30993b3048335b94af6c,cx21e94c08c03daee80c25d8ee3ea22a20786ec231,0x1a05473f66800eb68,0x0b30c473d12ca252e5e58792bdce5f257851088af14e1ca03bb4a01d86c92955,2,97773431,29.999730519965755,1748242541836176,Injective,0.088385925,INJ,0,1,2025-05-26
cx88fd7df7ddff82f7cc735c871dc519838cb235bb,cx21e94c08c03daee80c25d8ee3ea22a20786ec231,cxa0af3165c08318e988cb30993b3048335b94af6c,0x16cf4ec1d098cf99f0,0x0b30c473d12ca252e5e58792bdce5f257851088af14e1ca03bb4a01d86c92955,1,97773431,420.76645973730575,1748242541836176,Balanced Dollar,0.088385925,bnUSD,0,1,2025-05-26
cx88fd7df7ddff82f7cc735c871dc519838cb235bb,hx2debd9ec927cca1639da8d3518dd9dbf1cdfb357,cx21e94c08c03daee80c25d8ee3ea22a20786ec231,0x16cf4ec1d098cf99f0,0x0b30c473d12ca252e5e58792bdce5f257851088af14e1ca03bb4a01d86c92955,0,97773431,420.76645973730575,1748242541836176,Balanced Dollar,0.088385925,bnUSD,0,1,2025-05-26
cx88fd7df7ddff82f7cc735c871dc519838cb235bb,cxa0af3165c08318e988cb30993b3048335b94af6c,cx5faae53c4dbd1fbe4a2eb4aab6565030f10da5c6,0x339649364c69fce,0x757c912faa95f536b53572c065fd89026207f10c50704d61a89b41bf677312a1,2,97773419,0.23232743999999994,1748242517837044,Balanced Dollar,0.0564028625,bnUSD,0,1,2025-05-26
cx288d13e1b63563459a2ac6179f237711f6851cb5,cxa0af3165c08318e988cb30993b3048335b94af6c,hxd75467e3e4ce64e3424c747dfb71503017440433,0xd5d716b34e0c58,0x757c912faa95f536b53572c065fd89026207f10c50704d61a89b41bf677312a1,1,97773419,0.06019066253685871,1748242517837044,Ethereum,0.0564028625,ETH,0,1,2025-05-26
cx88fd7df7ddff82f7cc735c871dc519838cb235bb,hxd75467e3e4ce64e3424c747dfb71503017440433,cxa0af3165c08318e988cb30993b3048335b94af6c,0x86575ea811a958000,0x757c912faa95f536b53572c065fd89026207f10c50704d61a89b41bf677312a1,0,97773419,154.88495999999998,1748242517837044,Balanced Dollar,0.0564028625,bnUSD,0,1,2025-05-26
cx4297f4b63262507623b6ad575d0d8dd2db980e4e,cx21e94c08c03daee80c25d8ee3ea22a20786ec231,hx2debd9ec927cca1639da8d3518dd9dbf1cdfb357,0x1a05473f62c66c0ba,0xdf42fb6a55c37206a7ed02a695c522027216c96ef722c1b31494754059aa191e,5,97773412,29.999730518965798,1748242502516129,Injective,0.088385925,INJ,0,1,2025-05-26
cx88fd7df7ddff82f7cc735c871dc519838cb235bb,cxa0af3165c08318e988cb30993b3048335b94af6c,cx5faae53c4dbd1fbe4a2eb4aab6565030f10da5c6,0x8b9aaf8d5f9f778,0xdf42fb6a55c37206a7ed02a695c522027216c96ef722c1b31494754059aa191e,3,97773412,0.628721608713435,1748242502516129,Balanced Dollar,0.088385925,bnUSD,0,1,2025-05-26
cx4297f4b63262507623b6ad575d0d8dd2db980e4e,cxa0af3165c08318e988cb30993b3048335b94af6c,cx21e94c08c03daee80c25d8ee3ea22a20786ec231,0x1a05473f62c66c0ba,0xdf42fb6a55c37206a7ed02a695c522027216c96ef722c1b31494754059aa191e,2,97773412,29.999730518965798,1748242502516129,Injective,0.088385925,INJ,0,1,2025-05-26
cx88fd7df7ddff82f7cc735c871dc519838cb235bb,cx21e94c08c03daee80c25d8ee3ea22a20786ec231,cxa0af3165c08318e988cb30993b3048335b94af6c,0x16b8d7e8029049c880,0xdf42fb6a55c37206a7ed02a695c522027216c96ef722c1b31494754059aa191e,1,97773412,419.14773914229,1748242502516129,Balanced Dollar,0.088385925,bnUSD,0,1,2025-05-26
cx88fd7df7ddff82f7cc735c871dc519838cb235bb,hx2debd9ec927cca1639da8d3518dd9dbf1cdfb357,cx21e94c08c03daee80c25d8ee3ea22a20786ec231,0x16b8d7e8029049c880,0xdf42fb6a55c37206a7ed02a695c522027216c96ef722c1b31494754059aa191e,0,97773412,419.14773914229,1748242502516129,Balanced Dollar,0.088385925,bnUSD,0,1,2025-05-26
cx88fd7df7ddff82f7cc735c871dc519838cb235bb,cxa0af3165c08318e988cb30993b3048335b94af6c,cx5faae53c4dbd1fbe4a2eb4aab6565030f10da5c6,0x3390aa035cd8df3,0x8d8aaa072380150f222c2d6030edf2d9e3b6066b0f5795d71794299434aad317,2,97773411,0.23222853899999998,1748242500537840,Balanced Dollar,0.0564028625,bnUSD,0,1,2025-05-26
cx288d13e1b63563459a2ac6179f237711f6851cb5,cxa0af3165c08318e988cb30993b3048335b94af6c,hxd75467e3e4ce64e3424c747dfb71503017440433,0xd5ddf9e5d864df,0x8d8aaa072380150f222c2d6030edf2d9e3b6066b0f5795d71794299434aad317,1,97773411,0.06019823541212899,1748242500537840,Ethereum,0.0564028625,ETH,0,1,2025-05-26
cx88fd7df7ddff82f7cc735c871dc519838cb235bb,hxd75467e3e4ce64e3424c747dfb71503017440433,cxa0af3165c08318e988cb30993b3048335b94af6c,0x8648babe171f70000,0x8d8aaa072380150f222c2d6030edf2d9e3b6066b0f5795d71794299434aad317,0,97773411,154.81902599999998,1748242500537840,Balanced Dollar,0.0564028625,bnUSD,0,1,2025-05-26
cx88fd7df7ddff82f7cc735c871dc519838cb235bb,cxa0af3165c08318e988cb30993b3048335b94af6c,cx5faae53c4dbd1fbe4a2eb4aab6565030f10da5c6,0x2f65050ba4ea800,0x8ba15768447df29e8faafc6d3d38fea69045a0123045973005da422cea10ba6a,2,97773408,0.21344634,1748242494428406,Balanced Dollar,0.0563089625,bnUSD,0,1,2025-05-26
cx66a031cc3bd305c76371fb586e93801b948254f0,cxa0af3165c08318e988cb30993b3048335b94af6c,hxd75467e3e4ce64e3424c747dfb71503017440433,0x5373223cb126dfa9,0x8ba15768447df29e8faafc6d3d38fea69045a0123045973005da422cea10ba6a,1,97773408,6.013187571535241,1748242494428406,Avalanche,0.0563089625,AVAX,0,1,2025-05-26
cx88fd7df7ddff82f7cc735c871dc519838cb235bb,hxd75467e3e4ce64e3424c747dfb71503017440433,cxa0af3165c08318e988cb30993b3048335b94af6c,0x7b6c67ce52cd58000,0x8ba15768447df29e8faafc6d3d38fea69045a0123045973005da422cea10ba6a,0,97773408,142.29756,1748242494428406,Balanced Dollar,0.0563089625,bnUSD,0,1,2025-05-26
cx88fd7df7ddff82f7cc735c871dc519838cb235bb,cxa0af3165c08318e988cb30993b3048335b94af6c,cx5faae53c4dbd1fbe4a2eb4aab6565030f10da5c6,0x2f65050ba4ea800,0x832c04c67db590bd55533b419d023e728617923322cacab57516f300ede45f4b,2,97773400,0.21344634,1748242478609642,Balanced Dollar,0.0563089625,bnUSD,0,1,2025-05-26
cx66a031cc3bd305c76371fb586e93801b948254f0,cxa0af3165c08318e988cb30993b3048335b94af6c,hxd75467e3e4ce64e3424c747dfb71503017440433,0x53892e9e3a331aa4,0x832c04c67db590bd55533b419d023e728617923322cacab57516f300ede45f4b,1,97773400,6.019393634073516,1748242478609642,Avalanche,0.0563089625,AVAX,0,1,2025-05-26
cx88fd7df7ddff82f7cc735c871dc519838cb235bb,hxd75467e3e4ce64e3424c747dfb71503017440433,cxa0af3165c08318e988cb30993b3048335b94af6c,0x7b6c67ce52cd58000,0x832c04c67db590bd55533b419d023e728617923322cacab57516f300ede45f4b,0,97773400,142.29756,1748242478609642,Balanced Dollar,0.0563089625,bnUSD,0,1,2025-05-26
cx88fd7df7ddff82f7cc735c871dc519838cb235bb,cxa0af3165c08318e988cb30993b3048335b94af6c,cx5faae53c4dbd1fbe4a2eb4aab6565030f10da5c6,0x339ce0fffef5ef9,0x695cf7f930b3dcd42f3ee312e470eafdb9af8329d35bbd2203a7b425a2498dbc,2,97773397,0.2324434239,1748242472539850,Balanced Dollar,0.0564028625,bnUSD,0,1,2025-05-26
cx288d13e1b63563459a2ac6179f237711f6851cb5,cxa0af3165c08318e988cb30993b3048335b94af6c,hxd75467e3e4ce64e3424c747dfb71503017440433,0xd62ee3a1dd2c73,0x695cf7f930b3dcd42f3ee312e470eafdb9af8329d35bbd2203a7b425a2498dbc,1,97773397,0.06028720022416088,1748242472539850,Ethereum,0.0564028625,ETH,0,1,2025-05-26
cx88fd7df7ddff82f7cc735c871dc519838cb235bb,hxd75467e3e4ce64e3424c747dfb71503017440433,cxa0af3165c08318e988cb30993b3048335b94af6c,0x866889effd4b20000,0x695cf7f930b3dcd42f3ee312e470eafdb9af8329d35bbd2203a7b425a2498dbc,0,97773397,154.9622826,1748242472539850,Balanced Dollar,0.0564028625,bnUSD,0,1,2025-05-26
cx88fd7df7ddff82f7cc735c871dc519838cb235bb,cxa0af3165c08318e988cb30993b3048335b94af6c,cx5faae53c4dbd1fbe4a2eb4aab6565030f10da5c6,0x3397decdf654106,0x1210b3456ce0e84934c860bab34ae31e69a486e656cb39990b819bf4a69a0934,2,97773392,0.23235531210000002,1748242461304028,Balanced Dollar,0.0564028625,bnUSD,0,1,2025-05-26
cx288d13e1b63563459a2ac6179f237711f6851cb5,cxa0af3165c08318e988cb30993b3048335b94af6c,hxd75467e3e4ce64e3424c747dfb71503017440433,0xd63860dc9b7c5d,0x1210b3456ce0e84934c860bab34ae31e69a486e656cb39990b819bf4a69a0934,1,97773392,0.060297633685273695,1748242461304028,Ethereum,0.0564028625,ETH,0,1,2025-05-26
cx88fd7df7ddff82f7cc735c871dc519838cb235bb,hxd75467e3e4ce64e3424c747dfb71503017440433,cxa0af3165c08318e988cb30993b3048335b94af6c,0x865b7ee306d040000,0x1210b3456ce0e84934c860bab34ae31e69a486e656cb39990b819bf4a69a0934,0,97773392,154.9035414,1748242461304028,Balanced Dollar,0.0564028625,bnUSD,0,1,2025-05-26
cx88fd7df7ddff82f7cc735c871dc519838cb235bb,cxa0af3165c08318e988cb30993b3048335b94af6c,cx5faae53c4dbd1fbe4a2eb4aab6565030f10da5c6,0x2f5acc51f156fe7,0x71e9c6892739ad79f96699ad61f5fc64c97ed1f77b3826d1d7c6e78ddd14c055,2,97773388,0.21326652,1748242453268253,Balanced Dollar,0.056327775,bnUSD,0,1,2025-05-26
cx66a031cc3bd305c76371fb586e93801b948254f0,cxa0af3165c08318e988cb30993b3048335b94af6c,hxd75467e3e4ce64e3424c747dfb71503017440433,0x538d3875fc41ea77,0x71e9c6892739ad79f96699ad61f5fc64c97ed1f77b3826d1d7c6e78ddd14c055,1,97773388,6.020530356258728,1748242453268253,Avalanche,0.056327775,AVAX,0,1,2025-05-26
cx88fd7df7ddff82f7cc735c871dc519838cb235bb,hxd75467e3e4ce64e3424c747dfb71503017440433,cxa0af3165c08318e988cb30993b3048335b94af6c,0x7b51c96ab9d28c000,0x71e9c6892739ad79f96699ad61f5fc64c97ed1f77b3826d1d7c6e78ddd14c055,0,97773388,142.17767999999998,1748242453268253,Balanced Dollar,0.056327775,bnUSD,0,1,2025-05-26
cx4297f4b63262507623b6ad575d0d8dd2db980e4e,hxd75467e3e4ce64e3424c747dfb71503017440433,hx0000000000000000000000000000000000000000,0x56bc75e2d63100000,0x2a361b22da61dd0cfa559f800a5dc1963b8fcf5eb73b9f718d62f1b1681efb54,0,97773290,100.0,1748242253618414,Injective,0.0226061875,INJ,0,1,2025-05-26
cx88fd7df7ddff82f7cc735c871dc519838cb235bb,cx203d9cd2a669be67177e997b8948ce2c35caffae,cx835b300dcfe01f0bdb794e134a0c5628384f4367,0x10569acbdfdc8d03,0xb73c94ddc553dbd978bd2453dde66db5916749cd20ebbb774b3725d67099e22c,6,97773283,1.1772985530287752,1748242239789379,Balanced Dollar,0.0984307375,bnUSD,0,2,2025-05-26
cx88fd7df7ddff82f7cc735c871dc519838cb235bb,cx5faae53c4dbd1fbe4a2eb4aab6565030f10da5c6,cx203d9cd2a669be67177e997b8948ce2c35caffae,0x17572647d216804e,0xb73c94ddc553dbd978bd2453dde66db5916749cd20ebbb774b3725d67099e22c,4,97773283,1.6818550757553932,1748242239789379,Balanced Dollar,0.0984307375,bnUSD,0,2,2025-05-26
cx88fd7df7ddff82f7cc735c871dc519838cb235bb,cx5faae53c4dbd1fbe4a2eb4aab6565030f10da5c6,cxdc30a0d3a1f131565c071272a20bc0b06fd4c17b,0x17572647d216804e,0xb73c94ddc553dbd978bd2453dde66db5916749cd20ebbb774b3725d67099e22c,3,97773283,1.6818550757553932,1748242239789379,Balanced Dollar,0.0984307375,bnUSD,0,2,2025-05-26
cx88fd7df7ddff82f7cc735c871dc519838cb235bb,cxa0af3165c08318e988cb30993b3048335b94af6c,cx5faae53c4dbd1fbe4a2eb4aab6565030f10da5c6,0x2f413e81b066400,0xb73c94ddc553dbd978bd2453dde66db5916749cd20ebbb774b3725d67099e22c,2,97773283,0.21281697,1748242239789379,Balanced Dollar,0.0984307375,bnUSD,0,2,2025-05-26
cx66a031cc3bd305c76371fb586e93801b948254f0,cxa0af3165c08318e988cb30993b3048335b94af6c,hxd75467e3e4ce64e3424c747dfb71503017440433,0x537624b1486dea9b,0xb73c94ddc553dbd978bd2453dde66db5916749cd20ebbb774b3725d67099e22c,1,97773283,6.014034696242851,1748242239789379,Avalanche,0.0984307375,AVAX,0,2,2025-05-26
cx88fd7df7ddff82f7cc735c871dc519838cb235bb,hxd75467e3e4ce64e3424c747dfb71503017440433,cxa0af3165c08318e988cb30993b3048335b94af6c,0x7b0f3d71bb5f9c000,0xb73c94ddc553dbd978bd2453dde66db5916749cd20ebbb774b3725d67099e22c,0,97773283,141.87798,1748242239789379,Balanced Dollar,0.0984307375,bnUSD,0,2,2025-05-26
cx88fd7df7ddff82f7cc735c871dc519838cb235bb,cx21e94c08c03daee80c25d8ee3ea22a20786ec231,hxc0a2c4b422657ff499640f07606b1516e9935b9b,0x27f753a1e2cb005e1,0xeced50341a835740f916912da9e94734736b3f7ded061e743cce49b701a15920,6,97773130,46.07779906378426,1748241931052411,Balanced Dollar,0.1718177125,bnUSD,0,1,2025-05-26
cx88fd7df7ddff82f7cc735c871dc519838cb235bb,cxa0af3165c08318e988cb30993b3048335b94af6c,cx5faae53c4dbd1fbe4a2eb4aab6565030f10da5c6,0xf64740b948adbc,0xeced50341a835740f916912da9e94734736b3f7ded061e743cce49b701a15920,4,97773130,0.06932118758284844,1748241931052411,Balanced Dollar,0.1718177125,bnUSD,0,1,2025-05-26
cx88fd7df7ddff82f7cc735c871dc519838cb235bb,cxa0af3165c08318e988cb30993b3048335b94af6c,cx21e94c08c03daee80c25d8ee3ea22a20786ec231,0x27f753a1e2cb005e1,0xeced50341a835740f916912da9e94734736b3f7ded061e743cce49b701a15920,3,97773130,46.07779906378426,1748241931052411,Balanced Dollar,0.1718177125,bnUSD,0,1,2025-05-26
cx2609b924e33ef00b648a409245c7ea394c467824,cx21e94c08c03daee80c25d8ee3ea22a20786ec231,cxa0af3165c08318e988cb30993b3048335b94af6c,0x1043561a8829300000,0xeced50341a835740f916912da9e94734736b3f7ded061e743cce49b701a15920,2,97773130,300.0,1748241931052411,Staked ICX,0.1718177125,sICX,0,1,2025-05-26
cx2609b924e33ef00b648a409245c7ea394c467824,hxc0a2c4b422657ff499640f07606b1516e9935b9b,cx21e94c08c03daee80c25d8ee3ea22a20786ec231,0x1043561a8829300000,0xeced50341a835740f916912da9e94734736b3f7ded061e743cce49b701a15920,1,97773130,300.0,1748241931052411,Staked ICX,0.1718177125,sICX,0,1,2025-05-26
cx3975b43d260fb8ec802cef6e60c2f4d07486f11d,hx1adc2b41608d81704d775ff143f43ab6efe0d792,hx0000000000000000000000000000000000000000,0x1334a511f4d4d293b5,0x6cedc5f9c5df8b0b7b5bb1d3b5dc8d2715fea04d102344a4348ddba778b963ee,17,97773079,354.28159540485126,1748241827774475,Wrapped ICX,0.3528540375,wICX,0,1,2025-05-26
cx3975b43d260fb8ec802cef6e60c2f4d07486f11d,cx21e94c08c03daee80c25d8ee3ea22a20786ec231,hx1adc2b41608d81704d775ff143f43ab6efe0d792,0x1334a511f4d4d293b5,0x6cedc5f9c5df8b0b7b5bb1d3b5dc8d2715fea04d102344a4348ddba778b963ee,16,97773079,354.28159540485126,1748241827774475,Wrapped ICX,0.3528540375,wICX,0,1,2025-05-26
cx2609b924e33ef00b648a409245c7ea394c467824,cx203d9cd2a669be67177e997b8948ce2c35caffae,cx835b300dcfe01f0bdb794e134a0c5628384f4367,0x2bc908d8c7d98b4,0x6cedc5f9c5df8b0b7b5bb1d3b5dc8d2715fea04d102344a4348ddba778b963ee,13,97773079,0.19719142131928902,1748241827774475,Staked ICX,0.3528540375,sICX,0,1,2025-05-26
cx2609b924e33ef00b648a409245c7ea394c467824,cx5faae53c4dbd1fbe4a2eb4aab6565030f10da5c6,cx203d9cd2a669be67177e997b8948ce2c35caffae,0x3e8ce8111d7feb9,0x6cedc5f9c5df8b0b7b5bb1d3b5dc8d2715fea04d102344a4348ddba778b963ee,10,97773079,0.2817020304561272,1748241827774475,Staked ICX,0.3528540375,sICX,0,1,2025-05-26
cx2609b924e33ef00b648a409245c7ea394c467824,cx5faae53c4dbd1fbe4a2eb4aab6565030f10da5c6,cxdc30a0d3a1f131565c071272a20bc0b06fd4c17b,0x3e8ce8111d7feb8,0x6cedc5f9c5df8b0b7b5bb1d3b5dc8d2715fea04d102344a4348ddba778b963ee,8,97773079,0.2817020304561272,1748241827774475,Staked ICX,0.3528540375,sICX,0,1,2025-05-26
cx2609b924e33ef00b648a409245c7ea394c467824,cxa0af3165c08318e988cb30993b3048335b94af6c,cx5faae53c4dbd1fbe4a2eb4aab6565030f10da5c6,0x5863cc1eb90b1f7,0x6cedc5f9c5df8b0b7b5bb1d3b5dc8d2715fea04d102344a4348ddba778b963ee,7,97773079,0.39807242064735077,1748241827774475,Staked ICX,0.3528540375,sICX,0,1,2025-05-26
cx3975b43d260fb8ec802cef6e60c2f4d07486f11d,cxa0af3165c08318e988cb30993b3048335b94af6c,cx21e94c08c03daee80c25d8ee3ea22a20786ec231,0x1334a511f4d4d293b5,0x6cedc5f9c5df8b0b7b5bb1d3b5dc8d2715fea04d102344a4348ddba778b963ee,6,97773079,354.28159540485126,1748241827774475,Wrapped ICX,0.3528540375,wICX,0,1,2025-05-26
cx2609b924e33ef00b648a409245c7ea394c467824,cx21e94c08c03daee80c25d8ee3ea22a20786ec231,cxa0af3165c08318e988cb30993b3048335b94af6c,0xe62e8e3aac8cf73ed,0x6cedc5f9c5df8b0b7b5bb1d3b5dc8d2715fea04d102344a4348ddba778b963ee,5,97773079,265.3816137649005,1748241827774475,Staked ICX,0.3528540375,sICX,0,1,2025-05-26
cx88fd7df7ddff82f7cc735c871dc519838cb235bb,cxa0af3165c08318e988cb30993b3048335b94af6c,cx5faae53c4dbd1fbe4a2eb4aab6565030f10da5c6,0xda86e206a06b86,0x6cedc5f9c5df8b0b7b5bb1d3b5dc8d2715fea04d102344a4348ddba778b963ee,3,97773079,0.06150985025483047,1748241827774475,Balanced Dollar,0.3528540375,bnUSD,0,1,2025-05-26
cx2609b924e33ef00b648a409245c7ea394c467824,cxa0af3165c08318e988cb30993b3048335b94af6c,cx21e94c08c03daee80c25d8ee3ea22a20786ec231,0xe62e8e3aac8cf73ed,0x6cedc5f9c5df8b0b7b5bb1d3b5dc8d2715fea04d102344a4348ddba778b963ee,2,97773079,265.3816137649005,1748241827774475,Staked ICX,0.3528540375,sICX,0,1,2025-05-26
cx88fd7df7ddff82f7cc735c871dc519838cb235bb,cx21e94c08c03daee80c25d8ee3ea22a20786ec231,cxa0af3165c08318e988cb30993b3048335b94af6c,0x239149746971802f8,0x6cedc5f9c5df8b0b7b5bb1d3b5dc8d2715fea04d102344a4348ddba778b963ee,1,97773079,41.006566836553645,1748241827774475,Balanced Dollar,0.3528540375,bnUSD,0,1,2025-05-26
cx88fd7df7ddff82f7cc735c871dc519838cb235bb,hx1adc2b41608d81704d775ff143f43ab6efe0d792,cx21e94c08c03daee80c25d8ee3ea22a20786ec231,0x239149746971802f8,0x6cedc5f9c5df8b0b7b5bb1d3b5dc8d2715fea04d102344a4348ddba778b963ee,0,97773079,41.006566836553645,1748241827774475,Balanced Dollar,0.3528540375,bnUSD,0,1,2025-05-26
cx88fd7df7ddff82f7cc735c871dc519838cb235bb,hx0000000000000000000000000000000000000000,cx5faae53c4dbd1fbe4a2eb4aab6565030f10da5c6,0x1235e82b3808f5d,0xc75d082e4d9e278b1fccdaed1f71b578195a802dab6cdc591dbbd66f9858bede,3,97773065,0.0820131336731073,1748241798554940,Balanced Dollar,0.1017888,bnUSD,0,1,2025-05-26
cx88fd7df7ddff82f7cc735c871dc519838cb235bb,cx66d4d90f5f113eba575bf793570135f9b10cece1,hx1adc2b41608d81704d775ff143f43ab6efe0d792,0x239149746971802f8,0xc75d082e4d9e278b1fccdaed1f71b578195a802dab6cdc591dbbd66f9858bede,1,97773065,41.006566836553645,1748241798554940,Balanced Dollar,0.1017888,bnUSD,0,1,2025-05-26
cx88fd7df7ddff82f7cc735c871dc519838cb235bb,hx0000000000000000000000000000000000000000,cx66d4d90f5f113eba575bf793570135f9b10cece1,0x239149746971802f8,0xc75d082e4d9e278b1fccdaed1f71b578195a802dab6cdc591dbbd66f9858bede,0,97773065,41.006566836553645,1748241798554940,Balanced Dollar,0.1017888,bnUSD,0,1,2025-05-26
cx288d13e1b63563459a2ac6179f237711f6851cb5,hx1adc2b41608d81704d775ff143f43ab6efe0d792,cx66d4d90f5f113eba575bf793570135f9b10cece1,0x3a1cc3127e1abb,0xa94bde7b494330d63124bb9edf2db3bd5969bf3d55749557832f5b03cb700350,0,97773046,0.016357172803672763,1748241760546208,Ethereum,0.022636,ETH,0,1,2025-05-26
cx88fd7df7ddff82f7cc735c871dc519838cb235bb,cxa0af3165c08318e988cb30993b3048335b94af6c,cx5faae53c4dbd1fbe4a2eb4aab6565030f10da5c6,0x2e842516363d800,0x4aeea89487804c6ee67e31e4ab25186a7d263074a13599846b2038c811a0146a,2,97772978,0.2094903,1748241622021116,Balanced Dollar,0.056373575,bnUSD,0,1,2025-05-26
cx4297f4b63262507623b6ad575d0d8dd2db980e4e,cxa0af3165c08318e988cb30993b3048335b94af6c,hxd75467e3e4ce64e3424c747dfb71503017440433,0x8b13ebfd4abde949,0x4aeea89487804c6ee67e31e4ab25186a7d263074a13599846b2038c811a0146a,1,97772978,10.021613068942699,1748241622021116,Injective,0.056373575,INJ,0,1,2025-05-26
cx88fd7df7ddff82f7cc735c871dc519838cb235bb,hxd75467e3e4ce64e3424c747dfb71503017440433,cxa0af3165c08318e988cb30993b3048335b94af6c,0x7922cb3f2d4028000,0x4aeea89487804c6ee67e31e4ab25186a7d263074a13599846b2038c811a0146a,0,97772978,139.6602,1748241622021116,Balanced Dollar,0.056373575,bnUSD,0,1,2025-05-26
cx88fd7df7ddff82f7cc735c871dc519838cb235bb,cxa0af3165c08318e988cb30993b3048335b94af6c,cx5faae53c4dbd1fbe4a2eb4aab6565030f10da5c6,0x2e7ba07b75ed418,0x17430f0d049492cadea5ebb9c55f40a9f00402bb994f83aeef27f557afa5d6a0,2,97772850,0.20934045,1748241361178239,Balanced Dollar,0.056377575,bnUSD,0,1,2025-05-26
cx4297f4b63262507623b6ad575d0d8dd2db980e4e,cxa0af3165c08318e988cb30993b3048335b94af6c,hxd75467e3e4ce64e3424c747dfb71503017440433,0x8b2830cac552834b,0x17430f0d049492cadea5ebb9c55f40a9f00402bb994f83aeef27f557afa5d6a0,1,97772850,10.027318217792455,1748241361178239,Injective,0.056377575,INJ,0,1,2025-05-26
cx88fd7df7ddff82f7cc735c871dc519838cb235bb,hxd75467e3e4ce64e3424c747dfb71503017440433,cxa0af3165c08318e988cb30993b3048335b94af6c,0x790c9c96d86f30000,0x17430f0d049492cadea5ebb9c55f40a9f00402bb994f83aeef27f557afa5d6a0,0,97772850,139.5603,1748241361178239,Balanced Dollar,0.056377575,bnUSD,0,1,2025-05-26
cx88fd7df7ddff82f7cc735c871dc519838cb235bb,cxa0af3165c08318e988cb30993b3048335b94af6c,cx5faae53c4dbd1fbe4a2eb4aab6565030f10da5c6,0x2e6a9745f54cc00,0x78ab62a8e8c1ee736a1139203df5a6fdb8a91f0e48278b9a05c55a37331b9d3b,2,97772795,0.20904075,1748241249784806,Balanced Dollar,0.056377575,bnUSD,0,1,2025-05-26
cx4297f4b63262507623b6ad575d0d8dd2db980e4e,cxa0af3165c08318e988cb30993b3048335b94af6c,hxd75467e3e4ce64e3424c747dfb71503017440433,0x8b22e64ca7a8c7ce,0x78ab62a8e8c1ee736a1139203df5a6fdb8a91f0e48278b9a05c55a37331b9d3b,1,97772795,10.025828937384905,1748241249784806,Injective,0.056377575,INJ,0,1,2025-05-26
cx88fd7df7ddff82f7cc735c871dc519838cb235bb,hxd75467e3e4ce64e3424c747dfb71503017440433,cxa0af3165c08318e988cb30993b3048335b94af6c,0x78e03f462ecd34000,0x78ab62a8e8c1ee736a1139203df5a6fdb8a91f0e48278b9a05c55a37331b9d3b,0,97772795,139.3605,1748241249784806,Balanced Dollar,0.056377575,bnUSD,0,1,2025-05-26
cx88fd7df7ddff82f7cc735c871dc519838cb235bb,cxa0af3165c08318e988cb30993b3048335b94af6c,cx5faae53c4dbd1fbe4a2eb4aab6565030f10da5c6,0x2e598e1074ac418,0x04c627ad5564b614f8b85454d84967f1e3e07b12ac763ec7c22827b3e64e6e9d,2,97772777,0.20874105,1748241212575491,Balanced Dollar,0.056377575,bnUSD,0,1,2025-05-26
cx4297f4b63262507623b6ad575d0d8dd2db980e4e,cxa0af3165c08318e988cb30993b3048335b94af6c,hxd75467e3e4ce64e3424c747dfb71503017440433,0x8b1d8001a4202024,0x04c627ad5564b614f8b85454d84967f1e3e07b12ac763ec7c22827b3e64e6e9d,1,97772777,10.024309090133483,1748241212575491,Injective,0.056377575,INJ,0,1,2025-05-26
cx88fd7df7ddff82f7cc735c871dc519838cb235bb,hxd75467e3e4ce64e3424c747dfb71503017440433,cxa0af3165c08318e988cb30993b3048335b94af6c,0x78b3e1f5852b40000,0x04c627ad5564b614f8b85454d84967f1e3e07b12ac763ec7c22827b3e64e6e9d,0,97772777,139.16070000000002,1748241212575491,Balanced Dollar,0.056377575,bnUSD,0,1,2025-05-26
cxf61cd5a45dc9f91c15aa65831a30a90d59a09619,hx9dc6be775c7f4010c4d4f251821422fff97febca,cxe0252e6c1fe4040412811d83d13979e335287e45,0x1bc16d674ec80000,0x632cb922176453458d7a48a66a8a4ef4fbabf0b957647bb0950ba22915d4e1ba,0,97772765,2.0,1748241187388309,Balance Token,0.076748475,BALN,0,1,2025-05-26
cx88fd7df7ddff82f7cc735c871dc519838cb235bb,cxa0af3165c08318e988cb30993b3048335b94af6c,cx5faae53c4dbd1fbe4a2eb4aab6565030f10da5c6,0x2e4884daf40bbe7,0x038c7c8fb35113f4979601dacb639133e3e9e9c2d10833d9a8377ed641edbad8,2,97772759,0.20844134999999997,1748241175336425,Balanced Dollar,0.056377575,bnUSD,0,1,2025-05-26
cx4297f4b63262507623b6ad575d0d8dd2db980e4e,cxa0af3165c08318e988cb30993b3048335b94af6c,hxd75467e3e4ce64e3424c747dfb71503017440433,0x8b17fdd9646c6816,0x038c7c8fb35113f4979601dacb639133e3e9e9c2d10833d9a8377ed641edbad8,1,97772759,10.022758605870886,1748241175336425,Injective,0.056377575,INJ,0,1,2025-05-26
cx88fd7df7ddff82f7cc735c871dc519838cb235bb,hxd75467e3e4ce64e3424c747dfb71503017440433,cxa0af3165c08318e988cb30993b3048335b94af6c,0x788784a4db8940000,0x038c7c8fb35113f4979601dacb639133e3e9e9c2d10833d9a8377ed641edbad8,0,97772759,138.96089999999998,1748241175336425,Balanced Dollar,0.056377575,bnUSD,0,1,2025-05-26
cx2609b924e33ef00b648a409245c7ea394c467824,hx9dc6be775c7f4010c4d4f251821422fff97febca,cxa0af3165c08318e988cb30993b3048335b94af6c,0x28e581e1ef5b3487c,0x1e9ce8e15d432904e8025a11bc97024fa9dc27b7d234afb3ee720b97c0861651,0,97772740,47.15046941707543,1748241136123575,Staked ICX,0.03123005,sICX,0,1,2025-05-26
cx3975b43d260fb8ec802cef6e60c2f4d07486f11d,hx9dc6be775c7f4010c4d4f251821422fff97febca,cxa0af3165c08318e988cb30993b3048335b94af6c,0x36c35cb6b30333427,0xb96ae06f411d040cd631df8b08b2fc1968ab2a246ad07bd19a62c889c0c383fe,1,97772736,63.13759421222114,1748241128127078,Wrapped ICX,0.0165668375,wICX,0,1,2025-05-26
cx3975b43d260fb8ec802cef6e60c2f4d07486f11d,hx0000000000000000000000000000000000000000,hx9dc6be775c7f4010c4d4f251821422fff97febca,0x36c35cb6b30333427,0xb96ae06f411d040cd631df8b08b2fc1968ab2a246ad07bd19a62c889c0c383fe,0,97772736,63.13759421222114,1748241128127078,Wrapped ICX,0.0165668375,wICX,0,1,2025-05-26
cx3975b43d260fb8ec802cef6e60c2f4d07486f11d,hx9dc6be775c7f4010c4d4f251821422fff97febca,hx0000000000000000000000000000000000000000,0x3710afc25fa12b627,0x3d2f0b89a3297326dcbacc06d58c61bb5506b438206e49723795ebd8a0fdc0ef,6,97772728,63.48583233722114,1748241112097868,Wrapped ICX,0.0915612625,wICX,0,1,2025-05-26
cx3975b43d260fb8ec802cef6e60c2f4d07486f11d,cx21e94c08c03daee80c25d8ee3ea22a20786ec231,hx9dc6be775c7f4010c4d4f251821422fff97febca,0x3710afc25fa12b627,0x3d2f0b89a3297326dcbacc06d58c61bb5506b438206e49723795ebd8a0fdc0ef,5,97772728,63.48583233722114,1748241112097868,Wrapped ICX,0.0915612625,wICX,0,1,2025-05-26
cx2609b924e33ef00b648a409245c7ea394c467824,cxa0af3165c08318e988cb30993b3048335b94af6c,cx5faae53c4dbd1fbe4a2eb4aab6565030f10da5c6,0xfd698a607ee206,0x3d2f0b89a3297326dcbacc06d58c61bb5506b438206e49723795ebd8a0fdc0ef,3,97772728,0.07132921215312743,1748241112097868,Staked ICX,0.0915612625,sICX,0,1,2025-05-26
cx3975b43d260fb8ec802cef6e60c2f4d07486f11d,cxa0af3165c08318e988cb30993b3048335b94af6c,cx21e94c08c03daee80c25d8ee3ea22a20786ec231,0x3710afc25fa12b627,0x3d2f0b89a3297326dcbacc06d58c61bb5506b438206e49723795ebd8a0fdc0ef,2,97772728,63.48583233722114,1748241112097868,Wrapped ICX,0.0915612625,wICX,0,1,2025-05-26
cx2609b924e33ef00b648a409245c7ea394c467824,cx21e94c08c03daee80c25d8ee3ea22a20786ec231,cxa0af3165c08318e988cb30993b3048335b94af6c,0x293ed8305f517467a,0x3d2f0b89a3297326dcbacc06d58c61bb5506b438206e49723795ebd8a0fdc0ef,1,97772728,47.55280810208495,1748241112097868,Staked ICX,0.0915612625,sICX,0,1,2025-05-26
cx2609b924e33ef00b648a409245c7ea394c467824,hx9dc6be775c7f4010c4d4f251821422fff97febca,cx21e94c08c03daee80c25d8ee3ea22a20786ec231,0x293ed8305f517467a,0x3d2f0b89a3297326dcbacc06d58c61bb5506b438206e49723795ebd8a0fdc0ef,0,97772728,47.55280810208495,1748241112097868,Staked ICX,0.0915612625,sICX,0,1,2025-05-26
cx88fd7df7ddff82f7cc735c871dc519838cb235bb,cxd82fb5d3effecd8c9071a4bba3856ad7222c4b91,hxd75467e3e4ce64e3424c747dfb71503017440433,0x3635c9adc5dea00000,0xb8abb6f81dce5a33ffa2a538ac163b13afecf96f3a74e7ee1a0cb2292a846812,0,97772714,1000.0,1748241082905373,Balanced Dollar,0.0206961875,bnUSD,0,2,2025-05-26
cx88fd7df7ddff82f7cc735c871dc519838cb235bb,cxd82fb5d3effecd8c9071a4bba3856ad7222c4b91,hxd75467e3e4ce64e3424c747dfb71503017440433,0x6c6b935b8bbd400000,0x118e3968890a16b1a101eda13f47ec719a9f661d1ebbe9c599bc01aa4633da49,0,97772714,2000.0,1748241082905373,Balanced Dollar,0.0206921875,bnUSD,0,1,2025-05-26
cxf61cd5a45dc9f91c15aa65831a30a90d59a09619,cx10d59e8103ab44635190bd4139dbfd682fa2d07e,hx9dc6be775c7f4010c4d4f251821422fff97febca,0x2269009060fc4ca8,0x8c4bb87a2ad9eb09d3f534aa12d8127f81a7bf71e90b56e4a931def86f02a27c,3,97772704,2.479513689946607,1748241062889603,Balance Token,0.0722270375,BALN,0,1,2025-05-26
cx2609b924e33ef00b648a409245c7ea394c467824,cx10d59e8103ab44635190bd4139dbfd682fa2d07e,hx9dc6be775c7f4010c4d4f251821422fff97febca,0x52002b6b25e00b676,0x8c4bb87a2ad9eb09d3f534aa12d8127f81a7bf71e90b56e4a931def86f02a27c,1,97772704,94.54032720491242,1748241062889603,Staked ICX,0.0722270375,sICX,0,1,2025-05-26
cx88fd7df7ddff82f7cc735c871dc519838cb235bb,cxa0af3165c08318e988cb30993b3048335b94af6c,cx5faae53c4dbd1fbe4a2eb4aab6565030f10da5c6,0x2f31e96b2309000,0x7bbe5de8bf4a3a60343327ed5a6f210df6d04520b644de0b66ae558abbc42b76,2,97772690,0.21254724,1748241033657804,Balanced Dollar,0.0563089625,bnUSD,0,1,2025-05-26
cx66a031cc3bd305c76371fb586e93801b948254f0,cxa0af3165c08318e988cb30993b3048335b94af6c,hxd75467e3e4ce64e3424c747dfb71503017440433,0x53710abb0e6b6f1f,0x7bbe5de8bf4a3a60343327ed5a6f210df6d04520b644de0b66ae558abbc42b76,1,97772690,6.012598776033407,1748241033657804,Avalanche,0.0563089625,AVAX,0,1,2025-05-26
cx88fd7df7ddff82f7cc735c871dc519838cb235bb,hxd75467e3e4ce64e3424c747dfb71503017440433,cxa0af3165c08318e988cb30993b3048335b94af6c,0x7ae74fdc55e770000,0x7bbe5de8bf4a3a60343327ed5a6f210df6d04520b644de0b66ae558abbc42b76,0,97772690,141.69816,1748241033657804,Balanced Dollar,0.0563089625,bnUSD,0,1,2025-05-26
cx88fd7df7ddff82f7cc735c871dc519838cb235bb,cxa0af3165c08318e988cb30993b3048335b94af6c,cx5faae53c4dbd1fbe4a2eb4aab6565030f10da5c6,0x2e40004033bb7e7,0x3f1965b8a946696cc01bc26203ac29ed3215b4c2677795c03f53faa341aa9c4d,2,97772682,0.20829149999999996,1748241017630541,Balanced Dollar,0.0563762625,bnUSD,0,1,2025-05-26
cx4297f4b63262507623b6ad575d0d8dd2db980e4e,cxa0af3165c08318e988cb30993b3048335b94af6c,hxd75467e3e4ce64e3424c747dfb71503017440433,0x8b2c05ad73269209,0x3f1965b8a946696cc01bc26203ac29ed3215b4c2677795c03f53faa341aa9c4d,1,97772682,10.028396712766641,1748241017630541,Injective,0.0563762625,INJ,0,1,2025-05-26
cx88fd7df7ddff82f7cc735c871dc519838cb235bb,hxd75467e3e4ce64e3424c747dfb71503017440433,cxa0af3165c08318e988cb30993b3048335b94af6c,0x787155fc86b844000,0x3f1965b8a946696cc01bc26203ac29ed3215b4c2677795c03f53faa341aa9c4d,0,97772682,138.861,1748241017630541,Balanced Dollar,0.0563762625,bnUSD,0,1,2025-05-26
cx88fd7df7ddff82f7cc735c871dc519838cb235bb,cxa0af3165c08318e988cb30993b3048335b94af6c,cx5faae53c4dbd1fbe4a2eb4aab6565030f10da5c6,0x2f2ccd0e493f3e7,0x8bcb01742df1237100dd37535f2fcffb80a990425868aa92c7b9827a1704dafb,2,97772676,0.21245732999999997,1748241005628200,Balanced Dollar,0.0563089625,bnUSD,0,1,2025-05-26
cx66a031cc3bd305c76371fb586e93801b948254f0,cxa0af3165c08318e988cb30993b3048335b94af6c,hxd75467e3e4ce64e3424c747dfb71503017440433,0x537dfd995936ecfb,0x8bcb01742df1237100dd37535f2fcffb80a990425868aa92c7b9827a1704dafb,1,97772676,6.016243512305446,1748241005628200,Avalanche,0.0563089625,AVAX,0,1,2025-05-26
cx88fd7df7ddff82f7cc735c871dc519838cb235bb,hxd75467e3e4ce64e3424c747dfb71503017440433,cxa0af3165c08318e988cb30993b3048335b94af6c,0x7ada00aa896a08000,0x8bcb01742df1237100dd37535f2fcffb80a990425868aa92c7b9827a1704dafb,0,97772676,141.63822,1748241005628200,Balanced Dollar,0.0563089625,bnUSD,0,1,2025-05-26
cx88fd7df7ddff82f7cc735c871dc519838cb235bb,cxa0af3165c08318e988cb30993b3048335b94af6c,cx5faae53c4dbd1fbe4a2eb4aab6565030f10da5c6,0x2e2ef70ab31b000,0xb9678ca76787781564a31a12b5f902d3826e39674b26f95b1019ceb9af89d0db,2,97772466,0.2079918,1748240581811530,Balanced Dollar,0.0563762625,bnUSD,0,1,2025-05-26
cx4297f4b63262507623b6ad575d0d8dd2db980e4e,cxa0af3165c08318e988cb30993b3048335b94af6c,hxd75467e3e4ce64e3424c747dfb71503017440433,0x8b265c6b930f7bad,0xb9678ca76787781564a31a12b5f902d3826e39674b26f95b1019ceb9af89d0db,1,97772466,10.02680323748551,1748240581811530,Injective,0.0563762625,INJ,0,1,2025-05-26
cx88fd7df7ddff82f7cc735c871dc519838cb235bb,hxd75467e3e4ce64e3424c747dfb71503017440433,cxa0af3165c08318e988cb30993b3048335b94af6c,0x7844f8abdd1650000,0xb9678ca76787781564a31a12b5f902d3826e39674b26f95b1019ceb9af89d0db,0,97772466,138.6612,1748240581811530,Balanced Dollar,0.0563762625,bnUSD,0,1,2025-05-26
cx88fd7df7ddff82f7cc735c871dc519838cb235bb,cxa0af3165c08318e988cb30993b3048335b94af6c,cx5faae53c4dbd1fbe4a2eb4aab6565030f10da5c6,0x2f1d77f7bbe2018,0x3296c7f74e6c263ad97202a9d026a325dcc8f5d2ba2aba804a72d0af3ca8ebb0,2,97772461,0.21218760000000003,1748240571841122,Balanced Dollar,0.0563089625,bnUSD,0,1,2025-05-26
cx66a031cc3bd305c76371fb586e93801b948254f0,cxa0af3165c08318e988cb30993b3048335b94af6c,hxd75467e3e4ce64e3424c747dfb71503017440433,0x5378d3ad20a51708,0x3296c7f74e6c263ad97202a9d026a325dcc8f5d2ba2aba804a72d0af3ca8ebb0,1,97772461,6.01479004288379,1748240571841122,Avalanche,0.0563089625,AVAX,0,1,2025-05-26
cx88fd7df7ddff82f7cc735c871dc519838cb235bb,hxd75467e3e4ce64e3424c747dfb71503017440433,cxa0af3165c08318e988cb30993b3048335b94af6c,0x7ab2131523f1e4000,0x3296c7f74e6c263ad97202a9d026a325dcc8f5d2ba2aba804a72d0af3ca8ebb0,0,97772461,141.4584,1748240571841122,Balanced Dollar,0.0563089625,bnUSD,0,1,2025-05-26
cx88fd7df7ddff82f7cc735c871dc519838cb235bb,cxa0af3165c08318e988cb30993b3048335b94af6c,cx5faae53c4dbd1fbe4a2eb4aab6565030f10da5c6,0x2e2ef70ab31b000,0x485d847b690df464fda46942a0922fd759a22109fd2161cbc8e9d33217019224,2,97772458,0.2079918,1748240566386576,Balanced Dollar,0.0563762625,bnUSD,0,1,2025-05-26
cx4297f4b63262507623b6ad575d0d8dd2db980e4e,cxa0af3165c08318e988cb30993b3048335b94af6c,hxd75467e3e4ce64e3424c747dfb71503017440433,0x8b54049fc9648a9d,0x485d847b690df464fda46942a0922fd759a22109fd2161cbc8e9d33217019224,1,97772458,10.0396545536408,1748240566386576,Injective,0.0563762625,INJ,0,1,2025-05-26
cx88fd7df7ddff82f7cc735c871dc519838cb235bb,hxd75467e3e4ce64e3424c747dfb71503017440433,cxa0af3165c08318e988cb30993b3048335b94af6c,0x7844f8abdd1650000,0x485d847b690df464fda46942a0922fd759a22109fd2161cbc8e9d33217019224,0,97772458,138.6612,1748240566386576,Balanced Dollar,0.0563762625,bnUSD,0,1,2025-05-26
cx88fd7df7ddff82f7cc735c871dc519838cb235bb,cxa0af3165c08318e988cb30993b3048335b94af6c,cx5faae53c4dbd1fbe4a2eb4aab6565030f10da5c6,0x2f0e22e12e84c00,0x34ba62f550b1794a8d39ebf52cdc3d99e673b3a45ae1964b8af8b36e7efc1fe4,2,97772418,0.21191787,1748240485839117,Balanced Dollar,0.0563089625,bnUSD,0,1,2025-05-26
cx66a031cc3bd305c76371fb586e93801b948254f0,cxa0af3165c08318e988cb30993b3048335b94af6c,hxd75467e3e4ce64e3424c747dfb71503017440433,0x53739cfadba58b62,0x34ba62f550b1794a8d39ebf52cdc3d99e673b3a45ae1964b8af8b36e7efc1fe4,1,97772418,6.01332252871056,1748240485839117,Avalanche,0.0563089625,AVAX,0,1,2025-05-26
cx88fd7df7ddff82f7cc735c871dc519838cb235bb,hxd75467e3e4ce64e3424c747dfb71503017440433,cxa0af3165c08318e988cb30993b3048335b94af6c,0x7a8a257fbe79b4000,0x34ba62f550b1794a8d39ebf52cdc3d99e673b3a45ae1964b8af8b36e7efc1fe4,0,97772418,141.27858,1748240485839117,Balanced Dollar,0.0563089625,bnUSD,0,1,2025-05-26
cx88fd7df7ddff82f7cc735c871dc519838cb235bb,cxa0af3165c08318e988cb30993b3048335b94af6c,cx5faae53c4dbd1fbe4a2eb4aab6565030f10da5c6,0x2f0e22e12e84c00,0xa61f60dc5e4a1a5a5287ea4584f77c05680c19fdbea07c1b4376c3b925d870e2,2,97772410,0.21191787,1748240469772507,Balanced Dollar,0.0563089625,bnUSD,0,1,2025-05-26
cx66a031cc3bd305c76371fb586e93801b948254f0,cxa0af3165c08318e988cb30993b3048335b94af6c,hxd75467e3e4ce64e3424c747dfb71503017440433,0x5389954ddd9f0eac,0xa61f60dc5e4a1a5a5287ea4584f77c05680c19fdbea07c1b4376c3b925d870e2,1,97772410,6.019506538620588,1748240469772507,Avalanche,0.0563089625,AVAX,0,1,2025-05-26
cx88fd7df7ddff82f7cc735c871dc519838cb235bb,hxd75467e3e4ce64e3424c747dfb71503017440433,cxa0af3165c08318e988cb30993b3048335b94af6c,0x7a8a257fbe79b4000,0xa61f60dc5e4a1a5a5287ea4584f77c05680c19fdbea07c1b4376c3b925d870e2,0,97772410,141.27858,1748240469772507,Balanced Dollar,0.0563089625,bnUSD,0,1,2025-05-26
cx88fd7df7ddff82f7cc735c871dc519838cb235bb,cxd82fb5d3effecd8c9071a4bba3856ad7222c4b91,hxd75467e3e4ce64e3424c747dfb71503017440433,0x3635c9adc5dea00000,0x3217e7ad3257d0221905b7885b97ab58c88f5676e2620f5a6058fae607ccdc1b,0,97772399,1000.0,1748240447765240,Balanced Dollar,0.0206921875,bnUSD,0,1,2025-05-26
cx88fd7df7ddff82f7cc735c871dc519838cb235bb,cxa0af3165c08318e988cb30993b3048335b94af6c,cx5faae53c4dbd1fbe4a2eb4aab6565030f10da5c6,0x2e1dedd5327a800,0x474e6c07d22e97f4a10fe93208f81effbd335e561bf8665f5dfa15b0a2c6f397,2,97772394,0.2076921,1748240438086904,Balanced Dollar,0.056395075,bnUSD,0,1,2025-05-26
cx4297f4b63262507623b6ad575d0d8dd2db980e4e,cxa0af3165c08318e988cb30993b3048335b94af6c,hxd75467e3e4ce64e3424c747dfb71503017440433,0x8b4e44ec9d4e52dc,0x474e6c07d22e97f4a10fe93208f81effbd335e561bf8665f5dfa15b0a2c6f397,1,97772394,10.038036402497541,1748240438086904,Injective,0.056395075,INJ,0,1,2025-05-26
cx88fd7df7ddff82f7cc735c871dc519838cb235bb,hxd75467e3e4ce64e3424c747dfb71503017440433,cxa0af3165c08318e988cb30993b3048335b94af6c,0x78189b5b337458000,0x474e6c07d22e97f4a10fe93208f81effbd335e561bf8665f5dfa15b0a2c6f397,0,97772394,138.4614,1748240438086904,Balanced Dollar,0.056395075,bnUSD,0,1,2025-05-26
cx88fd7df7ddff82f7cc735c871dc519838cb235bb,cx203d9cd2a669be67177e997b8948ce2c35caffae,cx835b300dcfe01f0bdb794e134a0c5628384f4367,0x10d609fb1fadb708,0xf53e8bc1d3a73dd6d686def8e0fd33d779c2d531fa5a12e1f07624b3be2c34db,6,97772382,1.213168123795847,1748240413761494,Balanced Dollar,0.0984980375,bnUSD,0,1,2025-05-26
cx88fd7df7ddff82f7cc735c871dc519838cb235bb,cx5faae53c4dbd1fbe4a2eb4aab6565030f10da5c6,cx203d9cd2a669be67177e997b8948ce2c35caffae,0x180d32d47665e0e7,0xf53e8bc1d3a73dd6d686def8e0fd33d779c2d531fa5a12e1f07624b3be2c34db,4,97772382,1.7330973197083528,1748240413761494,Balanced Dollar,0.0984980375,bnUSD,0,1,2025-05-26
cx88fd7df7ddff82f7cc735c871dc519838cb235bb,cx5faae53c4dbd1fbe4a2eb4aab6565030f10da5c6,cxdc30a0d3a1f131565c071272a20bc0b06fd4c17b,0x180d32d47665e0e7,0xf53e8bc1d3a73dd6d686def8e0fd33d779c2d531fa5a12e1f07624b3be2c34db,3,97772382,1.7330973197083528,1748240413761494,Balanced Dollar,0.0984980375,bnUSD,0,1,2025-05-26
cx88fd7df7ddff82f7cc735c871dc519838cb235bb,cxa0af3165c08318e988cb30993b3048335b94af6c,cx5faae53c4dbd1fbe4a2eb4aab6565030f10da5c6,0x2e15693a722a400,0xf53e8bc1d3a73dd6d686def8e0fd33d779c2d531fa5a12e1f07624b3be2c34db,2,97772382,0.20754225,1748240413761494,Balanced Dollar,0.0984980375,bnUSD,0,1,2025-05-26
cx4297f4b63262507623b6ad575d0d8dd2db980e4e,cxa0af3165c08318e988cb30993b3048335b94af6c,hxd75467e3e4ce64e3424c747dfb71503017440433,0x8b6230b58c2a8176,0xf53e8bc1d3a73dd6d686def8e0fd33d779c2d531fa5a12e1f07624b3be2c34db,1,97772382,10.043643675288438,1748240413761494,Injective,0.0984980375,INJ,0,1,2025-05-26
cx88fd7df7ddff82f7cc735c871dc519838cb235bb,hxd75467e3e4ce64e3424c747dfb71503017440433,cxa0af3165c08318e988cb30993b3048335b94af6c,0x78026cb2dea35c000,0xf53e8bc1d3a73dd6d686def8e0fd33d779c2d531fa5a12e1f07624b3be2c34db,0,97772382,138.3615,1748240413761494,Balanced Dollar,0.0984980375,bnUSD,0,1,2025-05-26
cx4297f4b63262507623b6ad575d0d8dd2db980e4e,hxd75467e3e4ce64e3424c747dfb71503017440433,hx0000000000000000000000000000000000000000,0x56bc75e2d63100000,0x931a4a7b547b0a551dfb9ef8ed14b8afc510c525c16aed70b6f1b0ec5df9ffff,0,97772215,100.0,1748240077568040,Injective,0.0226061875,INJ,0,1,2025-05-26
cx7baf94bd53b505353285ee4c4c050f9703581703,hx9645117f1b0c7181a126c7f4f222caefc6ee7a61,hx9645117f1b0c7181a126c7f4f222caefc6ee7a61,0x0,0x19ae4e6b53bab308b7a4d416623f69713044de1bbb63874807c7223351fe7fb9,2,97772051,0.0,1748239749452038,unknown_token,0.097080025,$unknown,32,1,2025-05-26
cx7baf94bd53b505353285ee4c4c050f9703581703,hx9645117f1b0c7181a126c7f4f222caefc6ee7a61,hx9645117f1b0c7181a126c7f4f222caefc6ee7a61,0x0,0x19ae4e6b53bab308b7a4d416623f69713044de1bbb63874807c7223351fe7fb9,1,97772051,0.0,1748239749452038,unknown_token,0.097080025,$unknown,17,1,2025-05-26
cx2609b924e33ef00b648a409245c7ea394c467824,hx6be441ffc2581ab12d7d478dc22e8e71c6c9dd04,cxa0af3165c08318e988cb30993b3048335b94af6c,0x33636d68d9a4e87dd,0x1080b7c996f6824c412ff904c3a69e6afffda4fba6fc0cc0c053f36345bbdf80,0,97771892,59.24677785158671,1748239431536156,Staked ICX,0.03123005,sICX,0,1,2025-05-26
cx3975b43d260fb8ec802cef6e60c2f4d07486f11d,hx6be441ffc2581ab12d7d478dc22e8e71c6c9dd04,cxa0af3165c08318e988cb30993b3048335b94af6c,0x44d044d56475560ae,0x3d70b5cfdac4c3c84a8d2cdd54e97fad17bba96adee44a3703795f89d8506d87,1,97771887,79.3366219686248,1748239421330412,Wrapped ICX,0.0165668375,wICX,0,1,2025-05-26
cx3975b43d260fb8ec802cef6e60c2f4d07486f11d,hx0000000000000000000000000000000000000000,hx6be441ffc2581ab12d7d478dc22e8e71c6c9dd04,0x44d044d56475560ae,0x3d70b5cfdac4c3c84a8d2cdd54e97fad17bba96adee44a3703795f89d8506d87,0,97771887,79.3366219686248,1748239421330412,Wrapped ICX,0.0165668375,wICX,0,1,2025-05-26
cx3975b43d260fb8ec802cef6e60c2f4d07486f11d,hx6be441ffc2581ab12d7d478dc22e8e71c6c9dd04,hx0000000000000000000000000000000000000000,0x4891e7de780b48db5,0x3d66f35b7abda31c66bfd1611b20a1fef1accf78ee85cc01feded6acc36564eb,6,97771867,83.66744936058589,1748239381506656,Wrapped ICX,0.091580075,wICX,0,1,2025-05-26
cx3975b43d260fb8ec802cef6e60c2f4d07486f11d,cx21e94c08c03daee80c25d8ee3ea22a20786ec231,hx6be441ffc2581ab12d7d478dc22e8e71c6c9dd04,0x4891e7de780b48db5,0x3d66f35b7abda31c66bfd1611b20a1fef1accf78ee85cc01feded6acc36564eb,5,97771867,83.66744936058589,1748239381506656,Wrapped ICX,0.091580075,wICX,0,1,2025-05-26
cx2609b924e33ef00b648a409245c7ea394c467824,cxa0af3165c08318e988cb30993b3048335b94af6c,cx5faae53c4dbd1fbe4a2eb4aab6565030f10da5c6,0x14df6b5d7a06974,0x3d66f35b7abda31c66bfd1611b20a1fef1accf78ee85cc01feded6acc36564eb,3,97771867,0.09400242811177612,1748239381506656,Staked ICX,0.091580075,sICX,0,1,2025-05-26
cx3975b43d260fb8ec802cef6e60c2f4d07486f11d,cxa0af3165c08318e988cb30993b3048335b94af6c,cx21e94c08c03daee80c25d8ee3ea22a20786ec231,0x4891e7de780b48db5,0x3d66f35b7abda31c66bfd1611b20a1fef1accf78ee85cc01feded6acc36564eb,2,97771867,83.66744936058589,1748239381506656,Wrapped ICX,0.091580075,wICX,0,1,2025-05-26
cx2609b924e33ef00b648a409245c7ea394c467824,cx21e94c08c03daee80c25d8ee3ea22a20786ec231,cxa0af3165c08318e988cb30993b3048335b94af6c,0x365b2798c31bd4b50,0x3d66f35b7abda31c66bfd1611b20a1fef1accf78ee85cc01feded6acc36564eb,1,97771867,62.668285407850746,1748239381506656,Staked ICX,0.091580075,sICX,0,1,2025-05-26
cx2609b924e33ef00b648a409245c7ea394c467824,hx6be441ffc2581ab12d7d478dc22e8e71c6c9dd04,cx21e94c08c03daee80c25d8ee3ea22a20786ec231,0x365b2798c31bd4b50,0x3d66f35b7abda31c66bfd1611b20a1fef1accf78ee85cc01feded6acc36564eb,0,97771867,62.668285407850746,1748239381506656,Staked ICX,0.091580075,sICX,0,1,2025-05-26
cxf61cd5a45dc9f91c15aa65831a30a90d59a09619,cx10d59e8103ab44635190bd4139dbfd682fa2d07e,hx6be441ffc2581ab12d7d478dc22e8e71c6c9dd04,0x282ab3b67ea8b00f,0x670dfa0d4c32c5e4fdcb2bd4d0683498802e07f1c89a034f18fa7f5d49cea7ae,3,97771856,2.894323306929369,1748239359359334,Balance Token,0.0722357375,BALN,0,1,2025-05-26
cx2609b924e33ef00b648a409245c7ea394c467824,cx10d59e8103ab44635190bd4139dbfd682fa2d07e,hx6be441ffc2581ab12d7d478dc22e8e71c6c9dd04,0x65b1fde50b957dab7,0x670dfa0d4c32c5e4fdcb2bd4d0683498802e07f1c89a034f18fa7f5d49cea7ae,1,97771856,117.24667566227508,1748239359359334,Staked ICX,0.0722357375,sICX,0,1,2025-05-26
cx2609b924e33ef00b648a409245c7ea394c467824,cx21e94c08c03daee80c25d8ee3ea22a20786ec231,hx6be441ffc2581ab12d7d478dc22e8e71c6c9dd04,0x704514c7aa22bbe9,0x28a84878059c59da088351e673eeb48821d035c0fae53c6087008f0fd074fb08,13,97771840,8.089895153426415,1748239327292560,Staked ICX,0.2889747125,sICX,0,1,2025-05-26
cx2609b924e33ef00b648a409245c7ea394c467824,cx203d9cd2a669be67177e997b8948ce2c35caffae,cx835b300dcfe01f0bdb794e134a0c5628384f4367,0x46995103fb05ac,0x28a84878059c59da088351e673eeb48821d035c0fae53c6087008f0fd074fb08,10,97771840,0.01987182160792926,1748239327292560,Staked ICX,0.2889747125,sICX,0,1,2025-05-26
cx2609b924e33ef00b648a409245c7ea394c467824,cx5faae53c4dbd1fbe4a2eb4aab6565030f10da5c6,cx203d9cd2a669be67177e997b8948ce2c35caffae,0x64db0605afbef6,0x28a84878059c59da088351e673eeb48821d035c0fae53c6087008f0fd074fb08,7,97771840,0.028388316582756087,1748239327292560,Staked ICX,0.2889747125,sICX,0,1,2025-05-26
cx2609b924e33ef00b648a409245c7ea394c467824,cx5faae53c4dbd1fbe4a2eb4aab6565030f10da5c6,cxdc30a0d3a1f131565c071272a20bc0b06fd4c17b,0x64db0605afbef6,0x28a84878059c59da088351e673eeb48821d035c0fae53c6087008f0fd074fb08,5,97771840,0.028388316582756087,1748239327292560,Staked ICX,0.2889747125,sICX,0,1,2025-05-26
cx2609b924e33ef00b648a409245c7ea394c467824,cxa0af3165c08318e988cb30993b3048335b94af6c,cx5faae53c4dbd1fbe4a2eb4aab6565030f10da5c6,0x2b3dc4f452622a,0x28a84878059c59da088351e673eeb48821d035c0fae53c6087008f0fd074fb08,4,97771840,0.012171340120482346,1748239327292560,Staked ICX,0.2889747125,sICX,0,1,2025-05-26
cx2609b924e33ef00b648a409245c7ea394c467824,cxa0af3165c08318e988cb30993b3048335b94af6c,cx21e94c08c03daee80c25d8ee3ea22a20786ec231,0x704514c7aa22bbe9,0x28a84878059c59da088351e673eeb48821d035c0fae53c6087008f0fd074fb08,3,97771840,8.089895153426415,1748239327292560,Staked ICX,0.2889747125,sICX,0,1,2025-05-26
cx3975b43d260fb8ec802cef6e60c2f4d07486f11d,cx21e94c08c03daee80c25d8ee3ea22a20786ec231,cxa0af3165c08318e988cb30993b3048335b94af6c,0x96cb64d6ab095ee8,0x28a84878059c59da088351e673eeb48821d035c0fae53c6087008f0fd074fb08,2,97771840,10.865889399116751,1748239327292560,Wrapped ICX,0.2889747125,wICX,0,1,2025-05-26
cx3975b43d260fb8ec802cef6e60c2f4d07486f11d,hx6be441ffc2581ab12d7d478dc22e8e71c6c9dd04,cx21e94c08c03daee80c25d8ee3ea22a20786ec231,0x96cb64d6ab095ee8,0x28a84878059c59da088351e673eeb48821d035c0fae53c6087008f0fd074fb08,1,97771840,10.865889399116751,1748239327292560,Wrapped ICX,0.2889747125,wICX,0,1,2025-05-26
cx3975b43d260fb8ec802cef6e60c2f4d07486f11d,hx0000000000000000000000000000000000000000,hx6be441ffc2581ab12d7d478dc22e8e71c6c9dd04,0x96cb64d6ab095ee8,0x28a84878059c59da088351e673eeb48821d035c0fae53c6087008f0fd074fb08,0,97771840,10.865889399116751,1748239327292560,Wrapped ICX,0.2889747125,wICX,0,1,2025-05-26
cx88fd7df7ddff82f7cc735c871dc519838cb235bb,hx0000000000000000000000000000000000000000,cx5faae53c4dbd1fbe4a2eb4aab6565030f10da5c6,0xde0f413b223cd0c,0xf64feb7c1bc155aa5d90399e1fc07b38493e70e65e0f7a140cc516ba4bf4d01c,3,97771480,1.0000674827064968,1748238607030225,Balanced Dollar,0.1051612625,bnUSD,0,1,2025-05-26
cx88fd7df7ddff82f7cc735c871dc519838cb235bb,cx66d4d90f5f113eba575bf793570135f9b10cece1,hx29574b3742d35c7e0c4508ba51d5f6a39d43e354,0x1b1b5cb677edec7c46,0xf64feb7c1bc155aa5d90399e1fc07b38493e70e65e0f7a140cc516ba4bf4d01c,1,97771480,500.0337413532484,1748238607030225,Balanced Dollar,0.1051612625,bnUSD,0,1,2025-05-26
cx88fd7df7ddff82f7cc735c871dc519838cb235bb,hx0000000000000000000000000000000000000000,cx66d4d90f5f113eba575bf793570135f9b10cece1,0x1b1b5cb677edec7c46,0xf64feb7c1bc155aa5d90399e1fc07b38493e70e65e0f7a140cc516ba4bf4d01c,0,97771480,500.0337413532484,1748238607030225,Balanced Dollar,0.1051612625,bnUSD,0,1,2025-05-26
cxd17316e24ee40f2ef8ed6f3a497311db1b35206d,hx8026678e3d08ba3203ce6161ee8e9e3b9793491f,hx8026678e3d08ba3203ce6161ee8e9e3b9793491f,0x0,0xf93d0c157bdd834005523f5ce272aa7989bd084bb2af214f3c867f71eff91566,0,97771237,0.0,1748238120870432,unknown_token,0.0043651375,$unknown,34,1,2025-05-26
cx384018e03aa8b739472c7a0645b70df97550e2c2,hx66b0a5c1aa35aa0d4ce16bd81e89b6da5f2a379f,hx66b0a5c1aa35aa0d4ce16bd81e89b6da5f2a379f,0x0,0x3c1e0457a33ee36035d6c8e85d52f1194108becb95a9bcb9ef03b1a0f66d61af,0,97771199,0.0,1748238044873989,unknown_token,0.0164421375,$unknown,3083,1,2025-05-26
cxd17316e24ee40f2ef8ed6f3a497311db1b35206d,hx66b0a5c1aa35aa0d4ce16bd81e89b6da5f2a379f,hx66b0a5c1aa35aa0d4ce16bd81e89b6da5f2a379f,0x0,0x32b88e0b5792c88ac9ce0e6bac153d2278d5cb87673a04193ac0c62c17ca0119,0,97771177,0.0,1748238000820066,unknown_token,0.0043651375,$unknown,34,1,2025-05-26
cxd17316e24ee40f2ef8ed6f3a497311db1b35206d,hx66b0a5c1aa35aa0d4ce16bd81e89b6da5f2a379f,hx66b0a5c1aa35aa0d4ce16bd81e89b6da5f2a379f,0x0,0xab0ef16b0ce40b46745aaeadf512419d3da0250303838380b3f50cfefbac432c,0,97771173,0.0,1748237992899433,unknown_token,0.0043651375,$unknown,34,1,2025-05-26
cx88fd7df7ddff82f7cc735c871dc519838cb235bb,cxa0af3165c08318e988cb30993b3048335b94af6c,cx5faae53c4dbd1fbe4a2eb4aab6565030f10da5c6,0x2dead234b099000,0x402a51aac3d18d51ee693047a616c177a1b10d3e6db2fda06950077d99a7e246,2,97771088,0.206793,1748237822903367,Balanced Dollar,0.0563762625,bnUSD,0,1,2025-05-26
cx4297f4b63262507623b6ad575d0d8dd2db980e4e,cxa0af3165c08318e988cb30993b3048335b94af6c,hxd75467e3e4ce64e3424c747dfb71503017440433,0x8b0ed95295d5bf63,0x402a51aac3d18d51ee693047a616c177a1b10d3e6db2fda06950077d99a7e246,1,97771088,10.020185169670292,1748237822903367,Injective,0.0563762625,INJ,0,1,2025-05-26
cx88fd7df7ddff82f7cc735c871dc519838cb235bb,hxd75467e3e4ce64e3424c747dfb71503017440433,cxa0af3165c08318e988cb30993b3048335b94af6c,0x77938369368e70000,0x402a51aac3d18d51ee693047a616c177a1b10d3e6db2fda06950077d99a7e246,0,97771088,137.862,1748237822903367,Balanced Dollar,0.0563762625,bnUSD,0,1,2025-05-26
cx88fd7df7ddff82f7cc735c871dc519838cb235bb,cxd82fb5d3effecd8c9071a4bba3856ad7222c4b91,hx2795b422d55c51caa27f5c6397561e73d73e8bff,0x14fde7bedc9cc50000,0x7881b6c8e229f37d4eb507babdeb81eb19421b7636ce7293393c8fb11a9d3702,0,97770985,387.2306833401392,1748237616712085,Balanced Dollar,0.020918,bnUSD,0,1,2025-05-26
cx88fd7df7ddff82f7cc735c871dc519838cb235bb,cxa0af3165c08318e988cb30993b3048335b94af6c,cx5faae53c4dbd1fbe4a2eb4aab6565030f10da5c6,0x80f9461ddee6020,0xe6a72eb2f609f5b46e29e97f0e2700fc1da368c73fa98ff4185b6ff5a366539f,2,97770983,0.5808460250102088,1748237612696735,Balanced Dollar,0.0460208625,bnUSD,0,2,2025-05-26
cx65c9e3d4fea842e00add0d32a5b4c5e4e04c7a6b,cxa0af3165c08318e988cb30993b3048335b94af6c,hx2795b422d55c51caa27f5c6397561e73d73e8bff,0x83216b84,0xe6a72eb2f609f5b46e29e97f0e2700fc1da368c73fa98ff4185b6ff5a366539f,1,97770983,2.200005508,1748237612696735,Solana,0.0460208625,SOL,0,2,2025-05-26
cx88fd7df7ddff82f7cc735c871dc519838cb235bb,hx2795b422d55c51caa27f5c6397561e73d73e8bff,cxa0af3165c08318e988cb30993b3048335b94af6c,0x14fde7bedc9cc50000,0xe6a72eb2f609f5b46e29e97f0e2700fc1da368c73fa98ff4185b6ff5a366539f,0,97770983,387.2306833401392,1748237612696735,Balanced Dollar,0.0460208625,bnUSD,0,2,2025-05-26
cx88fd7df7ddff82f7cc735c871dc519838cb235bb,cxa0af3165c08318e988cb30993b3048335b94af6c,cx5faae53c4dbd1fbe4a2eb4aab6565030f10da5c6,0x336b5af726fe800,0xeaf1d5decb2087a931af7e971431452956efaebbea8b6418cab94aae490d3a2e,2,97770983,0.231572196,1748237612696735,Balanced Dollar,0.0564028625,bnUSD,0,1,2025-05-26
cx288d13e1b63563459a2ac6179f237711f6851cb5,cxa0af3165c08318e988cb30993b3048335b94af6c,hxd75467e3e4ce64e3424c747dfb71503017440433,0xd59db01578be4e,0xeaf1d5decb2087a931af7e971431452956efaebbea8b6418cab94aae490d3a2e,1,97770983,0.06012754963940923,1748237612696735,Ethereum,0.0564028625,ETH,0,1,2025-05-26
cx88fd7df7ddff82f7cc735c871dc519838cb235bb,hxd75467e3e4ce64e3424c747dfb71503017440433,cxa0af3165c08318e988cb30993b3048335b94af6c,0x85e79238f58c18000,0xeaf1d5decb2087a931af7e971431452956efaebbea8b6418cab94aae490d3a2e,0,97770983,154.381464,1748237612696735,Balanced Dollar,0.0564028625,bnUSD,0,1,2025-05-26
cx88fd7df7ddff82f7cc735c871dc519838cb235bb,cxa0af3165c08318e988cb30993b3048335b94af6c,cx5faae53c4dbd1fbe4a2eb4aab6565030f10da5c6,0x33651ec3507e1db,0xb3ac5a11431659ae222562dc4844056f172c27818a55a334338a99978f08f16d,2,97770966,0.23146250579999997,1748237578704775,Balanced Dollar,0.0564028625,bnUSD,0,1,2025-05-26
cx288d13e1b63563459a2ac6179f237711f6851cb5,cxa0af3165c08318e988cb30993b3048335b94af6c,hxd75467e3e4ce64e3424c747dfb71503017440433,0xd5a1e095ce1713,0xb3ac5a11431659ae222562dc4844056f172c27818a55a334338a99978f08f16d,1,97770966,0.060132155997427474,1748237578704775,Ethereum,0.0564028625,ETH,0,1,2025-05-26
cx88fd7df7ddff82f7cc735c871dc519838cb235bb,hxd75467e3e4ce64e3424c747dfb71503017440433,cxa0af3165c08318e988cb30993b3048335b94af6c,0x85d75571f6f318000,0xb3ac5a11431659ae222562dc4844056f172c27818a55a334338a99978f08f16d,0,97770966,154.30833719999998,1748237578704775,Balanced Dollar,0.0564028625,bnUSD,0,1,2025-05-26
cx88fd7df7ddff82f7cc735c871dc519838cb235bb,cxa0af3165c08318e988cb30993b3048335b94af6c,cx5faae53c4dbd1fbe4a2eb4aab6565030f10da5c6,0x335d0b8cc530000,0xdd9a33a7b8fea53ef6adac67aac83407244adff2ec76e286e11dfc1ecc7807bc,2,97770917,0.231320448,1748237480847365,Balanced Dollar,0.0564028625,bnUSD,0,1,2025-05-26
cx288d13e1b63563459a2ac6179f237711f6851cb5,cxa0af3165c08318e988cb30993b3048335b94af6c,hxd75467e3e4ce64e3424c747dfb71503017440433,0xd59e650a10fe36,0xdd9a33a7b8fea53ef6adac67aac83407244adff2ec76e286e11dfc1ecc7807bc,1,97770917,0.06012832683714105,1748237480847365,Ethereum,0.0564028625,ETH,0,1,2025-05-26
cx88fd7df7ddff82f7cc735c871dc519838cb235bb,hxd75467e3e4ce64e3424c747dfb71503017440433,cxa0af3165c08318e988cb30993b3048335b94af6c,0x85c24e13ec2d00000,0xdd9a33a7b8fea53ef6adac67aac83407244adff2ec76e286e11dfc1ecc7807bc,0,97770917,154.213632,1748237480847365,Balanced Dollar,0.0564028625,bnUSD,0,1,2025-05-26
cx88fd7df7ddff82f7cc735c871dc519838cb235bb,cxa0af3165c08318e988cb30993b3048335b94af6c,cx5faae53c4dbd1fbe4a2eb4aab6565030f10da5c6,0x3c8f2936f757ced,0xf694fe9988c3a2e38213356578da73b485d230538a256bd802c8088d7a8645ce,2,97770854,0.2727344925,1748237354616890,Balanced Dollar,0.0460574,bnUSD,0,1,2025-05-26
cx508002ec116fbf3ab406329c0df28e70d7e75fb3,cxa0af3165c08318e988cb30993b3048335b94af6c,hxd75467e3e4ce64e3424c747dfb71503017440433,0xbaaa349c8,0xf694fe9988c3a2e38213356578da73b485d230538a256bd802c8088d7a8645ce,1,97770854,50.107468232,1748237354616890,Sui,0.0460574,SUI,0,1,2025-05-26
cx88fd7df7ddff82f7cc735c871dc519838cb235bb,hxd75467e3e4ce64e3424c747dfb71503017440433,cxa0af3165c08318e988cb30993b3048335b94af6c,0x9db4d0a9ceca00000,0xf694fe9988c3a2e38213356578da73b485d230538a256bd802c8088d7a8645ce,0,97770854,181.822995,1748237354616890,Balanced Dollar,0.0460574,bnUSD,0,1,2025-05-26
cxd17316e24ee40f2ef8ed6f3a497311db1b35206d,hx9645117f1b0c7181a126c7f4f222caefc6ee7a61,hx0000000000000000000000000000000000000000,0x0,0x3ecd4a133bb322e0b7bdb6440805b9b7ce31cb4d24d6a87f3d7cd36b3de24765,21,97770828,0.0,1748237302578573,unknown_token,0.0900827375,$unknown,5,1,2025-05-26
cxd17316e24ee40f2ef8ed6f3a497311db1b35206d,hx3c72c692480ee86cef5aa9dcf48fdb3d6dd05e14,hx0000000000000000000000000000000000000000,0x0,0x3ecd4a133bb322e0b7bdb6440805b9b7ce31cb4d24d6a87f3d7cd36b3de24765,20,97770828,0.0,1748237302578573,unknown_token,0.0900827375,$unknown,6,1,2025-05-26
cxd17316e24ee40f2ef8ed6f3a497311db1b35206d,hx9645117f1b0c7181a126c7f4f222caefc6ee7a61,hx0000000000000000000000000000000000000000,0x0,0x3ecd4a133bb322e0b7bdb6440805b9b7ce31cb4d24d6a87f3d7cd36b3de24765,19,97770828,0.0,1748237302578573,unknown_token,0.0900827375,$unknown,34,1,2025-05-26
cxd17316e24ee40f2ef8ed6f3a497311db1b35206d,hxb66e8c52f3f583ca21604af2ea30e1ae62d87f96,hx0000000000000000000000000000000000000000,0x0,0x3ecd4a133bb322e0b7bdb6440805b9b7ce31cb4d24d6a87f3d7cd36b3de24765,18,97770828,0.0,1748237302578573,unknown_token,0.0900827375,$unknown,34,1,2025-05-26
cxd17316e24ee40f2ef8ed6f3a497311db1b35206d,hx4c4f7ec136a8ce6d686c837fd800e0ffb9049363,hx0000000000000000000000000000000000000000,0x0,0x3ecd4a133bb322e0b7bdb6440805b9b7ce31cb4d24d6a87f3d7cd36b3de24765,17,97770828,0.0,1748237302578573,unknown_token,0.0900827375,$unknown,34,1,2025-05-26
cxd17316e24ee40f2ef8ed6f3a497311db1b35206d,hxa71249cc33d414e1474951bf6f7f4f81b6681bd5,hx0000000000000000000000000000000000000000,0x0,0x3ecd4a133bb322e0b7bdb6440805b9b7ce31cb4d24d6a87f3d7cd36b3de24765,16,97770828,0.0,1748237302578573,unknown_token,0.0900827375,$unknown,34,1,2025-05-26
cxd17316e24ee40f2ef8ed6f3a497311db1b35206d,hx3c72c692480ee86cef5aa9dcf48fdb3d6dd05e14,hx0000000000000000000000000000000000000000,0x0,0x3ecd4a133bb322e0b7bdb6440805b9b7ce31cb4d24d6a87f3d7cd36b3de24765,15,97770828,0.0,1748237302578573,unknown_token,0.0900827375,$unknown,34,1,2025-05-26
cx88fd7df7ddff82f7cc735c871dc519838cb235bb,cxa0af3165c08318e988cb30993b3048335b94af6c,cx5faae53c4dbd1fbe4a2eb4aab6565030f10da5c6,0x3c8c9b088a72ef9,0x64c5121bd7b12976f33c573747d1abc1306a50f0157d72d790c5221f24eea73a,2,97770827,0.27268953749999997,1748237300566110,Balanced Dollar,0.0460574,bnUSD,0,1,2025-05-26
cx508002ec116fbf3ab406329c0df28e70d7e75fb3,cxa0af3165c08318e988cb30993b3048335b94af6c,hxd75467e3e4ce64e3424c747dfb71503017440433,0xbadb815c7,0x64c5121bd7b12976f33c573747d1abc1306a50f0157d72d790c5221f24eea73a,1,97770827,50.159162823,1748237300566110,Sui,0.0460574,SUI,0,1,2025-05-26
cx88fd7df7ddff82f7cc735c871dc519838cb235bb,hxd75467e3e4ce64e3424c747dfb71503017440433,cxa0af3165c08318e988cb30993b3048335b94af6c,0x9dae2910e88b50000,0x64c5121bd7b12976f33c573747d1abc1306a50f0157d72d790c5221f24eea73a,0,97770827,181.793025,1748237300566110,Balanced Dollar,0.0460574,bnUSD,0,1,2025-05-26
cx508002ec116fbf3ab406329c0df28e70d7e75fb3,hxd75467e3e4ce64e3424c747dfb71503017440433,hx0000000000000000000000000000000000000000,0xae9f7bcc00,0xdce7d514a908c10e54e9987b332b910c25ee6f133563d5f40a00ebe99b687809,0,97770765,750.0,1748237176525837,Sui,0.0228602,SUI,0,1,2025-05-26
cx88fd7df7ddff82f7cc735c871dc519838cb235bb,cxa0af3165c08318e988cb30993b3048335b94af6c,cx5faae53c4dbd1fbe4a2eb4aab6565030f10da5c6,0x33544e3fea5eae1,0x58af043a4c7cbe42485dd0bb72c64e9518068c0fe9c5bc7f2558bd7efc2aabf8,2,97770744,0.23116670189999997,1748237134718193,Balanced Dollar,0.056421675,bnUSD,0,1,2025-05-26
cx288d13e1b63563459a2ac6179f237711f6851cb5,cxa0af3165c08318e988cb30993b3048335b94af6c,hxd75467e3e4ce64e3424c747dfb71503017440433,0xd5981db0e55347,0x58af043a4c7cbe42485dd0bb72c64e9518068c0fe9c5bc7f2558bd7efc2aabf8,1,97770744,0.06012142332866234,1748237134718193,Ethereum,0.056421675,ETH,0,1,2025-05-26
cx88fd7df7ddff82f7cc735c871dc519838cb235bb,hxd75467e3e4ce64e3424c747dfb71503017440433,cxa0af3165c08318e988cb30993b3048335b94af6c,0x85ab8bc6725690000,0x58af043a4c7cbe42485dd0bb72c64e9518068c0fe9c5bc7f2558bd7efc2aabf8,0,97770744,154.11113459999999,1748237134718193,Balanced Dollar,0.056421675,bnUSD,0,1,2025-05-26
cxf61cd5a45dc9f91c15aa65831a30a90d59a09619,cx9345f80d6c98357ccbb70392b14162199c2c5f66,cxd82fb5d3effecd8c9071a4bba3856ad7222c4b91,0x3103b208f55cc738,0x509c97cd760ce98a4ef58175e4cf4da5b9205daa2a834fdbbf3ea09dff0a671e,9,97770646,3.5318622843345815,1748236938461115,Balance Token,0.1727791375,BALN,0,1,2025-05-26
cx2609b924e33ef00b648a409245c7ea394c467824,cx9345f80d6c98357ccbb70392b14162199c2c5f66,cxd82fb5d3effecd8c9071a4bba3856ad7222c4b91,0x33847cfea26573240,0x509c97cd760ce98a4ef58175e4cf4da5b9205daa2a834fdbbf3ea09dff0a671e,8,97770646,59.39567081517162,1748236938461115,Staked ICX,0.1727791375,sICX,0,1,2025-05-26
cx88fd7df7ddff82f7cc735c871dc519838cb235bb,cx203d9cd2a669be67177e997b8948ce2c35caffae,cx835b300dcfe01f0bdb794e134a0c5628384f4367,0x72ffe12bf83a33c,0x509c97cd760ce98a4ef58175e4cf4da5b9205daa2a834fdbbf3ea09dff0a671e,6,97770646,0.5179118386468381,1748236938461115,Balanced Dollar,0.1727791375,bnUSD,0,1,2025-05-26
cx88fd7df7ddff82f7cc735c871dc519838cb235bb,cx5faae53c4dbd1fbe4a2eb4aab6565030f10da5c6,cx203d9cd2a669be67177e997b8948ce2c35caffae,0xa448f887f4e56e9,0x509c97cd760ce98a4ef58175e4cf4da5b9205daa2a834fdbbf3ea09dff0a671e,4,97770646,0.7398740552097687,1748236938461115,Balanced Dollar,0.1727791375,bnUSD,0,1,2025-05-26
cx88fd7df7ddff82f7cc735c871dc519838cb235bb,cx5faae53c4dbd1fbe4a2eb4aab6565030f10da5c6,cxdc30a0d3a1f131565c071272a20bc0b06fd4c17b,0xa448f887f4e56e8,0x509c97cd760ce98a4ef58175e4cf4da5b9205daa2a834fdbbf3ea09dff0a671e,3,97770646,0.7398740552097687,1748236938461115,Balanced Dollar,0.1727791375,bnUSD,0,1,2025-05-26
cx88fd7df7ddff82f7cc735c871dc519838cb235bb,hx0000000000000000000000000000000000000000,cx5faae53c4dbd1fbe4a2eb4aab6565030f10da5c6,0x0,0x509c97cd760ce98a4ef58175e4cf4da5b9205daa2a834fdbbf3ea09dff0a671e,2,97770646,0.0,1748236938461115,Balanced Dollar,0.1727791375,bnUSD,0,1,2025-05-26
cx88fd7df7ddff82f7cc735c871dc519838cb235bb,hx0000000000000000000000000000000000000000,cxd82fb5d3effecd8c9071a4bba3856ad7222c4b91,0x4ebcb2b79fc7b375,0x509c97cd760ce98a4ef58175e4cf4da5b9205daa2a834fdbbf3ea09dff0a671e,1,97770646,5.6736061323094065,1748236938461115,Balanced Dollar,0.1727791375,bnUSD,0,1,2025-05-26
cx88fd7df7ddff82f7cc735c871dc519838cb235bb,hxc6b0f59918b94671a5e20a9a860c703cfec5a4b1,cxd82fb5d3effecd8c9071a4bba3856ad7222c4b91,0x10f0cf064dd59200000,0x509c97cd760ce98a4ef58175e4cf4da5b9205daa2a834fdbbf3ea09dff0a671e,0,97770646,5000.0,1748236938461115,Balanced Dollar,0.1727791375,bnUSD,0,1,2025-05-26
cx2609b924e33ef00b648a409245c7ea394c467824,hxb6c1e2f63c9bc037be86e73141574f4a14f298e8,cxa0af3165c08318e988cb30993b3048335b94af6c,0x1fc8c63eb489d393,0xdcd28d65315bf85921e24365564be159ed6ccb19fc68f4724f5971d4c364464c,0,97770635,2.2902983831371007,1748236916421505,Staked ICX,0.0312237375,sICX,0,1,2025-05-26
cx3975b43d260fb8ec802cef6e60c2f4d07486f11d,hxb6c1e2f63c9bc037be86e73141574f4a14f298e8,cxa0af3165c08318e988cb30993b3048335b94af6c,0x2a900db18bd2ca70,0xa0bbb673ff05cd2950682ef903be7587a88339d32e36f2e3068140a86bd89ecd,1,97770631,3.066966402445528,1748236908458551,Wrapped ICX,0.0165549625,wICX,0,1,2025-05-26
cx3975b43d260fb8ec802cef6e60c2f4d07486f11d,hx0000000000000000000000000000000000000000,hxb6c1e2f63c9bc037be86e73141574f4a14f298e8,0x2a900db18bd2ca70,0xa0bbb673ff05cd2950682ef903be7587a88339d32e36f2e3068140a86bd89ecd,0,97770631,3.066966402445528,1748236908458551,Wrapped ICX,0.0165549625,wICX,0,1,2025-05-26
cx3975b43d260fb8ec802cef6e60c2f4d07486f11d,hxb6c1e2f63c9bc037be86e73141574f4a14f298e8,hx0000000000000000000000000000000000000000,0x2e5207703b2d7e70,0x03e363c299307a11d5826d29ce07a4b07b1aaccdd6f4c5d07738c197cb352c8e,6,97770622,3.3377384524455276,1748236890627322,Wrapped ICX,0.0915288875,wICX,0,1,2025-05-26
cx3975b43d260fb8ec802cef6e60c2f4d07486f11d,cx21e94c08c03daee80c25d8ee3ea22a20786ec231,hxb6c1e2f63c9bc037be86e73141574f4a14f298e8,0x2e5207703b2d7e70,0x03e363c299307a11d5826d29ce07a4b07b1aaccdd6f4c5d07738c197cb352c8e,5,97770622,3.3377384524455276,1748236890627322,Wrapped ICX,0.0915288875,wICX,0,1,2025-05-26
cx2609b924e33ef00b648a409245c7ea394c467824,cxa0af3165c08318e988cb30993b3048335b94af6c,cx5faae53c4dbd1fbe4a2eb4aab6565030f10da5c6,0xd529ae9e86000,0x03e363c299307a11d5826d29ce07a4b07b1aaccdd6f4c5d07738c197cb352c8e,3,97770622,0.00375,1748236890627322,Staked ICX,0.0915288875,sICX,0,1,2025-05-26
cx3975b43d260fb8ec802cef6e60c2f4d07486f11d,cxa0af3165c08318e988cb30993b3048335b94af6c,cx21e94c08c03daee80c25d8ee3ea22a20786ec231,0x2e5207703b2d7e70,0x03e363c299307a11d5826d29ce07a4b07b1aaccdd6f4c5d07738c197cb352c8e,2,97770622,3.3377384524455276,1748236890627322,Wrapped ICX,0.0915288875,wICX,0,1,2025-05-26
cx2609b924e33ef00b648a409245c7ea394c467824,cx21e94c08c03daee80c25d8ee3ea22a20786ec231,cxa0af3165c08318e988cb30993b3048335b94af6c,0x22b1c8c1227a0000,0x03e363c299307a11d5826d29ce07a4b07b1aaccdd6f4c5d07738c197cb352c8e,1,97770622,2.5,1748236890627322,Staked ICX,0.0915288875,sICX,0,1,2025-05-26
cx2609b924e33ef00b648a409245c7ea394c467824,hxb6c1e2f63c9bc037be86e73141574f4a14f298e8,cx21e94c08c03daee80c25d8ee3ea22a20786ec231,0x22b1c8c1227a0000,0x03e363c299307a11d5826d29ce07a4b07b1aaccdd6f4c5d07738c197cb352c8e,0,97770622,2.5,1748236890627322,Staked ICX,0.0915288875,sICX,0,1,2025-05-26
cx88fd7df7ddff82f7cc735c871dc519838cb235bb,cx21e94c08c03daee80c25d8ee3ea22a20786ec231,hxc6b0f59918b94671a5e20a9a860c703cfec5a4b1,0x10f0cf064dd59200000,0x22f6f7e2ee3f091afc5f45a3c6f4e92aa7806d3c4e19217745f562911acb1186,6,97770610,5000.0,1748236866420990,Balanced Dollar,0.0785106125,bnUSD,0,1,2025-05-26
cx88fd7df7ddff82f7cc735c871dc519838cb235bb,cxa09dbb60dcb62fffbd232b6eae132d730a2aafa6,cx21e94c08c03daee80c25d8ee3ea22a20786ec231,0x10f0cf064dd59200000,0x22f6f7e2ee3f091afc5f45a3c6f4e92aa7806d3c4e19217745f562911acb1186,5,97770610,5000.0,1748236866420990,Balanced Dollar,0.0785106125,bnUSD,0,1,2025-05-26
cx88fd7df7ddff82f7cc735c871dc519838cb235bb,hx0000000000000000000000000000000000000000,cxa09dbb60dcb62fffbd232b6eae132d730a2aafa6,0x10f0cf064dd59200000,0x22f6f7e2ee3f091afc5f45a3c6f4e92aa7806d3c4e19217745f562911acb1186,4,97770610,5000.0,1748236866420990,Balanced Dollar,0.0785106125,bnUSD,0,1,2025-05-26
cx22319ac7f412f53eabe3c9827acf5e27e9c6a95f,cx21e94c08c03daee80c25d8ee3ea22a20786ec231,cxa09dbb60dcb62fffbd232b6eae132d730a2aafa6,0x12a05f200,0x22f6f7e2ee3f091afc5f45a3c6f4e92aa7806d3c4e19217745f562911acb1186,3,97770610,5000.0,1748236866420990,USDC,0.0785106125,USDC,0,1,2025-05-26
cx22319ac7f412f53eabe3c9827acf5e27e9c6a95f,hx0000000000000000000000000000000000000000,cx21e94c08c03daee80c25d8ee3ea22a20786ec231,0x12a05f200,0x22f6f7e2ee3f091afc5f45a3c6f4e92aa7806d3c4e19217745f562911acb1186,1,97770610,5000.0,1748236866420990,USDC,0.0785106125,USDC,0,1,2025-05-26
cxf61cd5a45dc9f91c15aa65831a30a90d59a09619,cx10d59e8103ab44635190bd4139dbfd682fa2d07e,hxb6c1e2f63c9bc037be86e73141574f4a14f298e8,0x1b746e83fa94ac3,0xe80e5079aad8eb847b4dc60978c03d5f15115c9af7679502e9d968c6374c954d,3,97770607,0.1236454780903943,1748236860411155,Balance Token,0.07178995,BALN,0,2,2025-05-26
cx2609b924e33ef00b648a409245c7ea394c467824,cx10d59e8103ab44635190bd4139dbfd682fa2d07e,hxb6c1e2f63c9bc037be86e73141574f4a14f298e8,0x3f85b8c0e8089d32,0xe80e5079aad8eb847b4dc60978c03d5f15115c9af7679502e9d968c6374c954d,1,97770607,4.577267734958087,1748236860411155,Staked ICX,0.07178995,sICX,0,2,2025-05-26
cx2609b924e33ef00b648a409245c7ea394c467824,hx4c4f7ec136a8ce6d686c837fd800e0ffb9049363,cxa0af3165c08318e988cb30993b3048335b94af6c,0x3d303945066c6d13,0xb4de318dad0f2d8adf4633c6d6e68eeac98c42dcb7b557cc07a253808c78201f,0,97770428,4.409087003819011,1748236502353017,Staked ICX,0.0312237375,sICX,0,1,2025-05-26
cx3975b43d260fb8ec802cef6e60c2f4d07486f11d,hx4c4f7ec136a8ce6d686c837fd800e0ffb9049363,cxa0af3165c08318e988cb30993b3048335b94af6c,0x51f02b8769ed9172,0x729c3b30e5286694d274541529da92182c6738f57ebe80bae631d2889dc782ca,1,97770424,5.904266972080476,1748236494364205,Wrapped ICX,0.0165549625,wICX,0,1,2025-05-26
cx3975b43d260fb8ec802cef6e60c2f4d07486f11d,hx0000000000000000000000000000000000000000,hx4c4f7ec136a8ce6d686c837fd800e0ffb9049363,0x51f02b8769ed9172,0x729c3b30e5286694d274541529da92182c6738f57ebe80bae631d2889dc782ca,0,97770424,5.904266972080476,1748236494364205,Wrapped ICX,0.0165549625,wICX,0,1,2025-05-26
cx3975b43d260fb8ec802cef6e60c2f4d07486f11d,hx4c4f7ec136a8ce6d686c837fd800e0ffb9049363,hx0000000000000000000000000000000000000000,0x5ca4168d4c0c2ed4,0xf283edf0063181912ad83f068b2cc997e06e6759fb05bc4fef5f7851f98f0926,6,97770412,6.675485343791984,1748236470349884,Wrapped ICX,0.0915288875,wICX,0,1,2025-05-26
cx3975b43d260fb8ec802cef6e60c2f4d07486f11d,cx21e94c08c03daee80c25d8ee3ea22a20786ec231,hx4c4f7ec136a8ce6d686c837fd800e0ffb9049363,0x5ca4168d4c0c2ed4,0xf283edf0063181912ad83f068b2cc997e06e6759fb05bc4fef5f7851f98f0926,5,97770412,6.675485343791984,1748236470349884,Wrapped ICX,0.0915288875,wICX,0,1,2025-05-26
cx2609b924e33ef00b648a409245c7ea394c467824,cxa0af3165c08318e988cb30993b3048335b94af6c,cx5faae53c4dbd1fbe4a2eb4aab6565030f10da5c6,0x1aa535d3d0c000,0xf283edf0063181912ad83f068b2cc997e06e6759fb05bc4fef5f7851f98f0926,3,97770412,0.0075,1748236470349884,Staked ICX,0.0915288875,sICX,0,1,2025-05-26
cx3975b43d260fb8ec802cef6e60c2f4d07486f11d,cxa0af3165c08318e988cb30993b3048335b94af6c,cx21e94c08c03daee80c25d8ee3ea22a20786ec231,0x5ca4168d4c0c2ed4,0xf283edf0063181912ad83f068b2cc997e06e6759fb05bc4fef5f7851f98f0926,2,97770412,6.675485343791984,1748236470349884,Wrapped ICX,0.0915288875,wICX,0,1,2025-05-26
cx2609b924e33ef00b648a409245c7ea394c467824,cx21e94c08c03daee80c25d8ee3ea22a20786ec231,cxa0af3165c08318e988cb30993b3048335b94af6c,0x4563918244f40000,0xf283edf0063181912ad83f068b2cc997e06e6759fb05bc4fef5f7851f98f0926,1,97770412,5.0,1748236470349884,Staked ICX,0.0915288875,sICX,0,1,2025-05-26
cx2609b924e33ef00b648a409245c7ea394c467824,hx4c4f7ec136a8ce6d686c837fd800e0ffb9049363,cx21e94c08c03daee80c25d8ee3ea22a20786ec231,0x4563918244f40000,0xf283edf0063181912ad83f068b2cc997e06e6759fb05bc4fef5f7851f98f0926,0,97770412,5.0,1748236470349884,Staked ICX,0.0915288875,sICX,0,1,2025-05-26
cx3975b43d260fb8ec802cef6e60c2f4d07486f11d,hx4c4f7ec136a8ce6d686c837fd800e0ffb9049363,hx0000000000000000000000000000000000000000,0x230e69547e23d9e,0xe2d8ce2a958b58998b7e4eb1a534a3396eafad8b0cfc8684403363eaafbf84b6,10,97770410,0.1578795157884922,1748236466345601,Wrapped ICX,0.15042125,wICX,0,1,2025-05-26
cx3975b43d260fb8ec802cef6e60c2f4d07486f11d,cx21e94c08c03daee80c25d8ee3ea22a20786ec231,hx4c4f7ec136a8ce6d686c837fd800e0ffb9049363,0x230e69547e23d9e,0xe2d8ce2a958b58998b7e4eb1a534a3396eafad8b0cfc8684403363eaafbf84b6,9,97770410,0.1578795157884922,1748236466345601,Wrapped ICX,0.15042125,wICX,0,1,2025-05-26
cx2609b924e33ef00b648a409245c7ea394c467824,cxa0af3165c08318e988cb30993b3048335b94af6c,cx5faae53c4dbd1fbe4a2eb4aab6565030f10da5c6,0xa1536bde37f6,0xe2d8ce2a958b58998b7e4eb1a534a3396eafad8b0cfc8684403363eaafbf84b6,7,97770410,0.000177379664082934,1748236466345601,Staked ICX,0.15042125,sICX,0,1,2025-05-26
cx3975b43d260fb8ec802cef6e60c2f4d07486f11d,cxa0af3165c08318e988cb30993b3048335b94af6c,cx21e94c08c03daee80c25d8ee3ea22a20786ec231,0x230e69547e23d9e,0xe2d8ce2a958b58998b7e4eb1a534a3396eafad8b0cfc8684403363eaafbf84b6,6,97770410,0.1578795157884922,1748236466345601,Wrapped ICX,0.15042125,wICX,0,1,2025-05-26
cx2609b924e33ef00b648a409245c7ea394c467824,cx21e94c08c03daee80c25d8ee3ea22a20786ec231,cxa0af3165c08318e988cb30993b3048335b94af6c,0x1a41e9392b1bdd5,0xe2d8ce2a958b58998b7e4eb1a534a3396eafad8b0cfc8684403363eaafbf84b6,5,97770410,0.11825310938862332,1748236466345601,Staked ICX,0.15042125,sICX,0,1,2025-05-26
cx2609b924e33ef00b648a409245c7ea394c467824,cxa0af3165c08318e988cb30993b3048335b94af6c,cx5faae53c4dbd1fbe4a2eb4aab6565030f10da5c6,0xa1cfafdf43cc,0xe2d8ce2a958b58998b7e4eb1a534a3396eafad8b0cfc8684403363eaafbf84b6,3,97770410,0.000177913380946892,1748236466345601,Staked ICX,0.15042125,sICX,0,1,2025-05-26
cx2609b924e33ef00b648a409245c7ea394c467824,cxa0af3165c08318e988cb30993b3048335b94af6c,cx21e94c08c03daee80c25d8ee3ea22a20786ec231,0x1a41e9392b1bdd5,0xe2d8ce2a958b58998b7e4eb1a534a3396eafad8b0cfc8684403363eaafbf84b6,2,97770410,0.11825310938862332,1748236466345601,Staked ICX,0.15042125,sICX,0,1,2025-05-26
cxf61cd5a45dc9f91c15aa65831a30a90d59a09619,cx21e94c08c03daee80c25d8ee3ea22a20786ec231,cxa0af3165c08318e988cb30993b3048335b94af6c,0x39bc1353fcf3470,0xe2d8ce2a958b58998b7e4eb1a534a3396eafad8b0cfc8684403363eaafbf84b6,1,97770410,0.2600138379519069,1748236466345601,Balance Token,0.15042125,BALN,0,1,2025-05-26
cxf61cd5a45dc9f91c15aa65831a30a90d59a09619,hx4c4f7ec136a8ce6d686c837fd800e0ffb9049363,cx21e94c08c03daee80c25d8ee3ea22a20786ec231,0x39bc1353fcf3470,0xe2d8ce2a958b58998b7e4eb1a534a3396eafad8b0cfc8684403363eaafbf84b6,0,97770410,0.2600138379519069,1748236466345601,Balance Token,0.15042125,BALN,0,1,2025-05-26
cxf61cd5a45dc9f91c15aa65831a30a90d59a09619,cx10d59e8103ab44635190bd4139dbfd682fa2d07e,hx4c4f7ec136a8ce6d686c837fd800e0ffb9049363,0x39bc1353fcf3470,0xe6df41829a203aa988beefbe87c117eebaaad6e518baba8859c1f5d3ff275c72,3,97770364,0.2600138379519069,1748236374441374,Balance Token,0.0722378625,BALN,0,1,2025-05-26
cx2609b924e33ef00b648a409245c7ea394c467824,cx10d59e8103ab44635190bd4139dbfd682fa2d07e,hx4c4f7ec136a8ce6d686c837fd800e0ffb9049363,0x863585eab13af8df,0xe6df41829a203aa988beefbe87c117eebaaad6e518baba8859c1f5d3ff275c72,1,97770364,9.670783017890281,1748236374441374,Staked ICX,0.0722378625,sICX,0,1,2025-05-26
cx2609b924e33ef00b648a409245c7ea394c467824,cxa0af3165c08318e988cb30993b3048335b94af6c,hx6a67e6f1a32722d56e5f23773b37441dee2fefef,0x1,0x9b74f425217c0ae1c4497d9a8172f178dfaa3d4e09ea7ca2bae51725aea8e3cf,3,97770074,1e-18,1748235794115723,Staked ICX,0.043744125,sICX,0,1,2025-05-26
cx2609b924e33ef00b648a409245c7ea394c467824,hx6a67e6f1a32722d56e5f23773b37441dee2fefef,cxa0af3165c08318e988cb30993b3048335b94af6c,0xab85e6b4292b8259,0x00eca2940fb2caf3043d62535f2fea40caefa815750d5edad87ecc4227c9d397,0,97770070,12.359538413847414,1748235786215685,Staked ICX,0.03119955,sICX,0,1,2025-05-26
cx3975b43d260fb8ec802cef6e60c2f4d07486f11d,hx6a67e6f1a32722d56e5f23773b37441dee2fefef,cxa0af3165c08318e988cb30993b3048335b94af6c,0xe5b06ef084c1c956,0xdfea8696162ea55531a2c1ea38f9d497f0bb8aba26f037edd3b183319d5009cf,1,97770065,16.55085060988507,1748235776106669,Wrapped ICX,0.0165643375,wICX,0,1,2025-05-26
cx3975b43d260fb8ec802cef6e60c2f4d07486f11d,hx0000000000000000000000000000000000000000,hx6a67e6f1a32722d56e5f23773b37441dee2fefef,0xe5b06ef084c1c956,0xdfea8696162ea55531a2c1ea38f9d497f0bb8aba26f037edd3b183319d5009cf,0,97770065,16.55085060988507,1748235776106669,Wrapped ICX,0.0165643375,wICX,0,1,2025-05-26
cx3975b43d260fb8ec802cef6e60c2f4d07486f11d,hx6a67e6f1a32722d56e5f23773b37441dee2fefef,hx0000000000000000000000000000000000000000,0x1036543123fb6a919,0x6cb7df62d460e8b7ce9ba72bb91d99eb415fd425fdb22e0903d783654ca13d75,6,97770056,18.69141957412852,1748235758103188,Wrapped ICX,0.0915537,wICX,0,1,2025-05-26
cx3975b43d260fb8ec802cef6e60c2f4d07486f11d,cx21e94c08c03daee80c25d8ee3ea22a20786ec231,hx6a67e6f1a32722d56e5f23773b37441dee2fefef,0x1036543123fb6a919,0x6cb7df62d460e8b7ce9ba72bb91d99eb415fd425fdb22e0903d783654ca13d75,5,97770056,18.69141957412852,1748235758103188,Wrapped ICX,0.0915537,wICX,0,1,2025-05-26
cx2609b924e33ef00b648a409245c7ea394c467824,cxa0af3165c08318e988cb30993b3048335b94af6c,cx5faae53c4dbd1fbe4a2eb4aab6565030f10da5c6,0x4a9b6384488000,0x6cb7df62d460e8b7ce9ba72bb91d99eb415fd425fdb22e0903d783654ca13d75,3,97770056,0.021,1748235758103188,Staked ICX,0.0915537,sICX,0,1,2025-05-26
cx3975b43d260fb8ec802cef6e60c2f4d07486f11d,cxa0af3165c08318e988cb30993b3048335b94af6c,cx21e94c08c03daee80c25d8ee3ea22a20786ec231,0x1036543123fb6a919,0x6cb7df62d460e8b7ce9ba72bb91d99eb415fd425fdb22e0903d783654ca13d75,2,97770056,18.69141957412852,1748235758103188,Wrapped ICX,0.0915537,wICX,0,1,2025-05-26
cx2609b924e33ef00b648a409245c7ea394c467824,cx21e94c08c03daee80c25d8ee3ea22a20786ec231,cxa0af3165c08318e988cb30993b3048335b94af6c,0xc249fdd327780000,0x6cb7df62d460e8b7ce9ba72bb91d99eb415fd425fdb22e0903d783654ca13d75,1,97770056,14.0,1748235758103188,Staked ICX,0.0915537,sICX,0,1,2025-05-26
cx2609b924e33ef00b648a409245c7ea394c467824,hx6a67e6f1a32722d56e5f23773b37441dee2fefef,cx21e94c08c03daee80c25d8ee3ea22a20786ec231,0xc249fdd327780000,0x6cb7df62d460e8b7ce9ba72bb91d99eb415fd425fdb22e0903d783654ca13d75,0,97770056,14.0,1748235758103188,Staked ICX,0.0915537,sICX,0,1,2025-05-26
cx2609b924e33ef00b648a409245c7ea394c467824,cxa0af3165c08318e988cb30993b3048335b94af6c,hx5ad7f8c180e3c9bd7c3133c763eec23e187e9469,0x1,0xe8b90acc0fdc999dc166a6ff80be4154acfecaa274fa48e81fb2556b4024ef00,3,97769873,1e-18,1748235391948980,Staked ICX,0.0437405,sICX,0,1,2025-05-26
cx2609b924e33ef00b648a409245c7ea394c467824,hx5ad7f8c180e3c9bd7c3133c763eec23e187e9469,cxa0af3165c08318e988cb30993b3048335b94af6c,0x5e8c303fcfe9479d,0x9d68adb5ab60147c36cf3ec641e923a2c4a54428bb23c1a402ee016f6b6a5751,0,97769869,6.812873386933963,1748235384203678,Staked ICX,0.0311957375,sICX,0,1,2025-05-26
cx3975b43d260fb8ec802cef6e60c2f4d07486f11d,hx5ad7f8c180e3c9bd7c3133c763eec23e187e9469,cxa0af3165c08318e988cb30993b3048335b94af6c,0x7e9c5befeff74c8a,0x275c60a14289b681298b123d9df7e322703c75ed4da135bc3160adf46aaee9a3,1,97769862,9.123268031227056,1748235369941258,Wrapped ICX,0.0165549625,wICX,0,1,2025-05-26
cx3975b43d260fb8ec802cef6e60c2f4d07486f11d,hx0000000000000000000000000000000000000000,hx5ad7f8c180e3c9bd7c3133c763eec23e187e9469,0x7e9c5befeff74c8a,0x275c60a14289b681298b123d9df7e322703c75ed4da135bc3160adf46aaee9a3,0,97769862,9.123268031227056,1748235369941258,Wrapped ICX,0.0165549625,wICX,0,1,2025-05-26
cx3975b43d260fb8ec802cef6e60c2f4d07486f11d,hx5ad7f8c180e3c9bd7c3133c763eec23e187e9469,hx0000000000000000000000000000000000000000,0x943a013086651d12,0xecb93303676085c30433e2238e3d93a38e91ea82d6deb0c56fc04656858fd708,6,97769854,10.680850774187384,1748235353949328,Wrapped ICX,0.0915588875,wICX,0,1,2025-05-26
cx3975b43d260fb8ec802cef6e60c2f4d07486f11d,cx21e94c08c03daee80c25d8ee3ea22a20786ec231,hx5ad7f8c180e3c9bd7c3133c763eec23e187e9469,0x943a013086651d12,0xecb93303676085c30433e2238e3d93a38e91ea82d6deb0c56fc04656858fd708,5,97769854,10.680850774187384,1748235353949328,Wrapped ICX,0.0915588875,wICX,0,1,2025-05-26
cx2609b924e33ef00b648a409245c7ea394c467824,cxa0af3165c08318e988cb30993b3048335b94af6c,cx5faae53c4dbd1fbe4a2eb4aab6565030f10da5c6,0x2aa1efb94e0000,0xecb93303676085c30433e2238e3d93a38e91ea82d6deb0c56fc04656858fd708,3,97769854,0.012,1748235353949328,Staked ICX,0.0915588875,sICX,0,1,2025-05-26
cx3975b43d260fb8ec802cef6e60c2f4d07486f11d,cxa0af3165c08318e988cb30993b3048335b94af6c,cx21e94c08c03daee80c25d8ee3ea22a20786ec231,0x943a013086651d12,0xecb93303676085c30433e2238e3d93a38e91ea82d6deb0c56fc04656858fd708,2,97769854,10.680850774187384,1748235353949328,Wrapped ICX,0.0915588875,wICX,0,1,2025-05-26
cx2609b924e33ef00b648a409245c7ea394c467824,cx21e94c08c03daee80c25d8ee3ea22a20786ec231,cxa0af3165c08318e988cb30993b3048335b94af6c,0x6f05b59d3b200000,0xecb93303676085c30433e2238e3d93a38e91ea82d6deb0c56fc04656858fd708,1,97769854,8.0,1748235353949328,Staked ICX,0.0915588875,sICX,0,1,2025-05-26
cx2609b924e33ef00b648a409245c7ea394c467824,hx5ad7f8c180e3c9bd7c3133c763eec23e187e9469,cx21e94c08c03daee80c25d8ee3ea22a20786ec231,0x6f05b59d3b200000,0xecb93303676085c30433e2238e3d93a38e91ea82d6deb0c56fc04656858fd708,0,97769854,8.0,1748235353949328,Staked ICX,0.0915588875,sICX,0,1,2025-05-26
cxd77007090899311f1afbcae86b49cfe817fc6810,hx0000000000000000000000000000000000000000,hx5ad7f8c180e3c9bd7c3133c763eec23e187e9469,0x71755dbe716024ada,0x5342f132506510bf362a825df1d7c4264806af9f80fb7c5a50ab56eb75439506,2,97769806,130.80870033741277,1748235257931972,xCROWN,0.0099641125,XCROWN,0,1,2025-05-26
cx28b2ec885b50c8a93da752f2d0467a67127a70e8,hx5ad7f8c180e3c9bd7c3133c763eec23e187e9469,cxd77007090899311f1afbcae86b49cfe817fc6810,0x96ebc2e1bc5f80000,0x5342f132506510bf362a825df1d7c4264806af9f80fb7c5a50ab56eb75439506,0,97769806,174.0,1748235257931972,CROWN,0.0099641125,CROWN,0,1,2025-05-26
cx28b2ec885b50c8a93da752f2d0467a67127a70e8,cx21e94c08c03daee80c25d8ee3ea22a20786ec231,hx5ad7f8c180e3c9bd7c3133c763eec23e187e9469,0x97bb0f5d10ae11fb9,0x6c3f2d9640b6fcc8be865e739f2298d19be3b0a9fd0a5ed4427c004622943e83,20,97769789,174.93359060413167,1748235224050529,CROWN,0.4015404625,CROWN,0,1,2025-05-26
cx88fd7df7ddff82f7cc735c871dc519838cb235bb,cxa0af3165c08318e988cb30993b3048335b94af6c,cx5faae53c4dbd1fbe4a2eb4aab6565030f10da5c6,0x4bba27bf474c,0x6c3f2d9640b6fcc8be865e739f2298d19be3b0a9fd0a5ed4427c004622943e83,18,97769789,8.3262902847308e-05,1748235224050529,Balanced Dollar,0.4015404625,bnUSD,0,1,2025-05-26
cx28b2ec885b50c8a93da752f2d0467a67127a70e8,cxa0af3165c08318e988cb30993b3048335b94af6c,cx21e94c08c03daee80c25d8ee3ea22a20786ec231,0x97bb0f5d10ae11fb9,0x6c3f2d9640b6fcc8be865e739f2298d19be3b0a9fd0a5ed4427c004622943e83,17,97769789,174.93359060413167,1748235224050529,CROWN,0.4015404625,CROWN,0,1,2025-05-26
cx88fd7df7ddff82f7cc735c871dc519838cb235bb,cx21e94c08c03daee80c25d8ee3ea22a20786ec231,cxa0af3165c08318e988cb30993b3048335b94af6c,0xc534c7821f00a6,0x6c3f2d9640b6fcc8be865e739f2298d19be3b0a9fd0a5ed4427c004622943e83,16,97769789,0.05550860189820535,1748235224050529,Balanced Dollar,0.4015404625,bnUSD,0,1,2025-05-26
cx88fd7df7ddff82f7cc735c871dc519838cb235bb,cxa0af3165c08318e988cb30993b3048335b94af6c,cx5faae53c4dbd1fbe4a2eb4aab6565030f10da5c6,0x4bf47cd0246e,0x6c3f2d9640b6fcc8be865e739f2298d19be3b0a9fd0a5ed4427c004622943e83,14,97769789,8.3513438119022e-05,1748235224050529,Balanced Dollar,0.4015404625,bnUSD,0,1,2025-05-26
cx88fd7df7ddff82f7cc735c871dc519838cb235bb,cxa0af3165c08318e988cb30993b3048335b94af6c,cx21e94c08c03daee80c25d8ee3ea22a20786ec231,0xc534c7821f00a6,0x6c3f2d9640b6fcc8be865e739f2298d19be3b0a9fd0a5ed4427c004622943e83,13,97769789,0.05550860189820535,1748235224050529,Balanced Dollar,0.4015404625,bnUSD,0,1,2025-05-26
cx2609b924e33ef00b648a409245c7ea394c467824,cx21e94c08c03daee80c25d8ee3ea22a20786ec231,cxa0af3165c08318e988cb30993b3048335b94af6c,0x5040169275ab76a,0x6c3f2d9640b6fcc8be865e739f2298d19be3b0a9fd0a5ed4427c004622943e83,12,97769789,0.36141542123993275,1748235224050529,Staked ICX,0.4015404625,sICX,0,1,2025-05-26
cx2609b924e33ef00b648a409245c7ea394c467824,cx203d9cd2a669be67177e997b8948ce2c35caffae,cx835b300dcfe01f0bdb794e134a0c5628384f4367,0x84670f6f672cb1,0x6c3f2d9640b6fcc8be865e739f2298d19be3b0a9fd0a5ed4427c004622943e83,9,97769789,0.03726801291700958,1748235224050529,Staked ICX,0.4015404625,sICX,0,1,2025-05-26
cx2609b924e33ef00b648a409245c7ea394c467824,cx5faae53c4dbd1fbe4a2eb4aab6565030f10da5c6,cx203d9cd2a669be67177e997b8948ce2c35caffae,0xbd2583c3b7f6b4,0x6c3f2d9640b6fcc8be865e739f2298d19be3b0a9fd0a5ed4427c004622943e83,6,97769789,0.05324001845287084,1748235224050529,Staked ICX,0.4015404625,sICX,0,1,2025-05-26
cx2609b924e33ef00b648a409245c7ea394c467824,cx5faae53c4dbd1fbe4a2eb4aab6565030f10da5c6,cxdc30a0d3a1f131565c071272a20bc0b06fd4c17b,0xbd2583c3b7f6b4,0x6c3f2d9640b6fcc8be865e739f2298d19be3b0a9fd0a5ed4427c004622943e83,4,97769789,0.05324001845287084,1748235224050529,Staked ICX,0.4015404625,sICX,0,1,2025-05-26
cx2609b924e33ef00b648a409245c7ea394c467824,cxa0af3165c08318e988cb30993b3048335b94af6c,cx5faae53c4dbd1fbe4a2eb4aab6565030f10da5c6,0x1ee8aa28fdcc6,0x6c3f2d9640b6fcc8be865e739f2298d19be3b0a9fd0a5ed4427c004622943e83,3,97769789,0.00054375417694535,1748235224050529,Staked ICX,0.4015404625,sICX,0,1,2025-05-26
cx2609b924e33ef00b648a409245c7ea394c467824,cxa0af3165c08318e988cb30993b3048335b94af6c,cx21e94c08c03daee80c25d8ee3ea22a20786ec231,0x5040169275ab76a,0x6c3f2d9640b6fcc8be865e739f2298d19be3b0a9fd0a5ed4427c004622943e83,2,97769789,0.36141542123993275,1748235224050529,Staked ICX,0.4015404625,sICX,0,1,2025-05-26
cxf61cd5a45dc9f91c15aa65831a30a90d59a09619,cx21e94c08c03daee80c25d8ee3ea22a20786ec231,cxa0af3165c08318e988cb30993b3048335b94af6c,0xb07420479fbeb16,0x6c3f2d9640b6fcc8be865e739f2298d19be3b0a9fd0a5ed4427c004622943e83,1,97769789,0.7946764462480371,1748235224050529,Balance Token,0.4015404625,BALN,0,1,2025-05-26
cxf61cd5a45dc9f91c15aa65831a30a90d59a09619,hx5ad7f8c180e3c9bd7c3133c763eec23e187e9469,cx21e94c08c03daee80c25d8ee3ea22a20786ec231,0xb07420479fbeb16,0x6c3f2d9640b6fcc8be865e739f2298d19be3b0a9fd0a5ed4427c004622943e83,0,97769789,0.7946764462480371,1748235224050529,Balance Token,0.4015404625,BALN,0,1,2025-05-26
cxf61cd5a45dc9f91c15aa65831a30a90d59a09619,cx10d59e8103ab44635190bd4139dbfd682fa2d07e,hx5ad7f8c180e3c9bd7c3133c763eec23e187e9469,0x5767cf47c02cc66,0xca4ef5489901fb58775a50a552185076e3960cf28fd7edca1002d012e440d761,3,97769771,0.3936394069359197,1748235187894410,Balance Token,0.0911128625,BALN,0,1,2025-05-26
cx2609b924e33ef00b648a409245c7ea394c467824,cx10d59e8103ab44635190bd4139dbfd682fa2d07e,hx5ad7f8c180e3c9bd7c3133c763eec23e187e9469,0xcd91e5dd0b09479d,0xca4ef5489901fb58775a50a552185076e3960cf28fd7edca1002d012e440d761,1,97769771,14.812873386933962,1748235187894410,Staked ICX,0.0911128625,sICX,0,1,2025-05-26
cx88fd7df7ddff82f7cc735c871dc519838cb235bb,cxa0af3165c08318e988cb30993b3048335b94af6c,cx5faae53c4dbd1fbe4a2eb4aab6565030f10da5c6,0x2dead234b099000,0xd673bba9a5db8fb3e04ee5e9f79d31232cb116a0858d5ee6f78b9b02810c2e39,2,97769721,0.206793,1748235087856720,Balanced Dollar,0.0563762625,bnUSD,0,1,2025-05-26
cx4297f4b63262507623b6ad575d0d8dd2db980e4e,cxa0af3165c08318e988cb30993b3048335b94af6c,hxd75467e3e4ce64e3424c747dfb71503017440433,0x8b3c543e78eacbc2,0xd673bba9a5db8fb3e04ee5e9f79d31232cb116a0858d5ee6f78b9b02810c2e39,1,97769721,10.032986697167981,1748235087856720,Injective,0.0563762625,INJ,0,1,2025-05-26
cx88fd7df7ddff82f7cc735c871dc519838cb235bb,hxd75467e3e4ce64e3424c747dfb71503017440433,cxa0af3165c08318e988cb30993b3048335b94af6c,0x77938369368e70000,0xd673bba9a5db8fb3e04ee5e9f79d31232cb116a0858d5ee6f78b9b02810c2e39,0,97769721,137.862,1748235087856720,Balanced Dollar,0.0563762625,bnUSD,0,1,2025-05-26
cx88fd7df7ddff82f7cc735c871dc519838cb235bb,cxa0af3165c08318e988cb30993b3048335b94af6c,cx5faae53c4dbd1fbe4a2eb4aab6565030f10da5c6,0x2dd144646fa8400,0x9d6097d230da1b6840bc1a888c92fccb1c98896ae1411c53d400c12a1e7d6a94,2,97769712,0.20634345,1748235069834975,Balanced Dollar,0.0563762625,bnUSD,0,1,2025-05-26
cx4297f4b63262507623b6ad575d0d8dd2db980e4e,cxa0af3165c08318e988cb30993b3048335b94af6c,hxd75467e3e4ce64e3424c747dfb71503017440433,0x8b1c429dcb094b2a,0x9d6097d230da1b6840bc1a888c92fccb1c98896ae1411c53d400c12a1e7d6a94,1,97769712,10.023960116103565,1748235069834975,Injective,0.0563762625,INJ,0,1,2025-05-26
cx88fd7df7ddff82f7cc735c871dc519838cb235bb,hxd75467e3e4ce64e3424c747dfb71503017440433,cxa0af3165c08318e988cb30993b3048335b94af6c,0x7750f770381b7c000,0x9d6097d230da1b6840bc1a888c92fccb1c98896ae1411c53d400c12a1e7d6a94,0,97769712,137.5623,1748235069834975,Balanced Dollar,0.0563762625,bnUSD,0,1,2025-05-26
cx88fd7df7ddff82f7cc735c871dc519838cb235bb,cxa0af3165c08318e988cb30993b3048335b94af6c,cx5faae53c4dbd1fbe4a2eb4aab6565030f10da5c6,0x2dc03b2eef07c18,0x65dc679656920b7b35794007a09046eab29fbbefaf9cfb9ec984693345f14039,2,97769707,0.20604375000000003,1748235059824440,Balanced Dollar,0.0563762625,bnUSD,0,1,2025-05-26
cx4297f4b63262507623b6ad575d0d8dd2db980e4e,cxa0af3165c08318e988cb30993b3048335b94af6c,hxd75467e3e4ce64e3424c747dfb71503017440433,0x8b15e4a44b16911b,0x65dc679656920b7b35794007a09046eab29fbbefaf9cfb9ec984693345f14039,1,97769707,10.022167940068446,1748235059824440,Injective,0.0563762625,INJ,0,1,2025-05-26
cx88fd7df7ddff82f7cc735c871dc519838cb235bb,hxd75467e3e4ce64e3424c747dfb71503017440433,cxa0af3165c08318e988cb30993b3048335b94af6c,0x77249a1f8e7988000,0x65dc679656920b7b35794007a09046eab29fbbefaf9cfb9ec984693345f14039,0,97769707,137.3625,1748235059824440,Balanced Dollar,0.0563762625,bnUSD,0,1,2025-05-26
cx88fd7df7ddff82f7cc735c871dc519838cb235bb,cxa0af3165c08318e988cb30993b3048335b94af6c,cx5faae53c4dbd1fbe4a2eb4aab6565030f10da5c6,0x2db7b6942eb7800,0x5128ce9312265817edad6bd7b32eab2231c52e825cf3aedb79b47f0a597b3698,2,97769671,0.2058939,1748234987814938,Balanced Dollar,0.0563762625,bnUSD,0,1,2025-05-26
cx4297f4b63262507623b6ad575d0d8dd2db980e4e,cxa0af3165c08318e988cb30993b3048335b94af6c,hxd75467e3e4ce64e3424c747dfb71503017440433,0x8b295c0aa980d192,0x5128ce9312265817edad6bd7b32eab2231c52e825cf3aedb79b47f0a597b3698,1,97769671,10.02764724618034,1748234987814938,Injective,0.0563762625,INJ,0,1,2025-05-26
cx88fd7df7ddff82f7cc735c871dc519838cb235bb,hxd75467e3e4ce64e3424c747dfb71503017440433,cxa0af3165c08318e988cb30993b3048335b94af6c,0x770e6b7739a888000,0x5128ce9312265817edad6bd7b32eab2231c52e825cf3aedb79b47f0a597b3698,0,97769671,137.2626,1748234987814938,Balanced Dollar,0.0563762625,bnUSD,0,1,2025-05-26
cx2609b924e33ef00b648a409245c7ea394c467824,cxa0af3165c08318e988cb30993b3048335b94af6c,hxb66e8c52f3f583ca21604af2ea30e1ae62d87f96,0x1,0xd00481cb9be51d3e6e93f7a2e5199eb58a18303d742c166938169143d4362771,3,97769642,1e-18,1748234929971584,Staked ICX,0.043746625,sICX,0,1,2025-05-26
cx2609b924e33ef00b648a409245c7ea394c467824,hxb66e8c52f3f583ca21604af2ea30e1ae62d87f96,cxa0af3165c08318e988cb30993b3048335b94af6c,0xdd0a61e8b995c97c,0xdc3ac1b68f30179c78aea75e8df15b944948941f4126999a46503eed574bdd16,0,97769638,15.927650684323089,1748234921893847,Staked ICX,0.03119955,sICX,0,1,2025-05-26
cx3975b43d260fb8ec802cef6e60c2f4d07486f11d,hxb66e8c52f3f583ca21604af2ea30e1ae62d87f96,cxa0af3165c08318e988cb30993b3048335b94af6c,0x1280044d926be8b46,0x1b5c67b3e9b9d7b81bdff4d89210ed2456ad748aee372fc7aaa7b8fe7a5e7444,1,97769632,21.329123534675283,1748234909765428,Wrapped ICX,0.0165668375,wICX,0,1,2025-05-26
cx3975b43d260fb8ec802cef6e60c2f4d07486f11d,hx0000000000000000000000000000000000000000,hxb66e8c52f3f583ca21604af2ea30e1ae62d87f96,0x1280044d926be8b46,0x1b5c67b3e9b9d7b81bdff4d89210ed2456ad748aee372fc7aaa7b8fe7a5e7444,0,97769632,21.329123534675283,1748234909765428,Wrapped ICX,0.0165668375,wICX,0,1,2025-05-26
cx3975b43d260fb8ec802cef6e60c2f4d07486f11d,hxb66e8c52f3f583ca21604af2ea30e1ae62d87f96,hx0000000000000000000000000000000000000000,0x13afb998423147341,0x22e425c0196d3f08cf323e51e09621f5d434b7f50c1ad6e7f599ef1e16c3c3a8,6,97769624,22.696903539867023,1748234893804409,Wrapped ICX,0.0915550125,wICX,0,1,2025-05-26
cx3975b43d260fb8ec802cef6e60c2f4d07486f11d,cx21e94c08c03daee80c25d8ee3ea22a20786ec231,hxb66e8c52f3f583ca21604af2ea30e1ae62d87f96,0x13afb998423147341,0x22e425c0196d3f08cf323e51e09621f5d434b7f50c1ad6e7f599ef1e16c3c3a8,5,97769624,22.696903539867023,1748234893804409,Wrapped ICX,0.0915550125,wICX,0,1,2025-05-26
cx2609b924e33ef00b648a409245c7ea394c467824,cxa0af3165c08318e988cb30993b3048335b94af6c,cx5faae53c4dbd1fbe4a2eb4aab6565030f10da5c6,0x5a981d69c5c000,0x22e425c0196d3f08cf323e51e09621f5d434b7f50c1ad6e7f599ef1e16c3c3a8,3,97769624,0.0255,1748234893804409,Staked ICX,0.0915550125,sICX,0,1,2025-05-26
cx3975b43d260fb8ec802cef6e60c2f4d07486f11d,cxa0af3165c08318e988cb30993b3048335b94af6c,cx21e94c08c03daee80c25d8ee3ea22a20786ec231,0x13afb998423147341,0x22e425c0196d3f08cf323e51e09621f5d434b7f50c1ad6e7f599ef1e16c3c3a8,2,97769624,22.696903539867023,1748234893804409,Wrapped ICX,0.0915550125,wICX,0,1,2025-05-26
cx2609b924e33ef00b648a409245c7ea394c467824,cx21e94c08c03daee80c25d8ee3ea22a20786ec231,cxa0af3165c08318e988cb30993b3048335b94af6c,0xebec21ee1da40000,0x22e425c0196d3f08cf323e51e09621f5d434b7f50c1ad6e7f599ef1e16c3c3a8,1,97769624,17.0,1748234893804409,Staked ICX,0.0915550125,sICX,0,1,2025-05-26
cx2609b924e33ef00b648a409245c7ea394c467824,hxb66e8c52f3f583ca21604af2ea30e1ae62d87f96,cx21e94c08c03daee80c25d8ee3ea22a20786ec231,0xebec21ee1da40000,0x22e425c0196d3f08cf323e51e09621f5d434b7f50c1ad6e7f599ef1e16c3c3a8,0,97769624,17.0,1748234893804409,Staked ICX,0.0915550125,sICX,0,1,2025-05-26
cx28b2ec885b50c8a93da752f2d0467a67127a70e8,cx21e94c08c03daee80c25d8ee3ea22a20786ec231,hxb66e8c52f3f583ca21604af2ea30e1ae62d87f96,0x24badfa838c08cab45,0xbc94a0368e9fe45db02e87793f056a84a3d17eda291985447569e95adfa0f8ba,5,97769608,677.548453026107,1748234861822035,CROWN,0.063764725,CROWN,0,1,2025-05-26
cx88fd7df7ddff82f7cc735c871dc519838cb235bb,cxa0af3165c08318e988cb30993b3048335b94af6c,cx5faae53c4dbd1fbe4a2eb4aab6565030f10da5c6,0x124f74cdf17d2,0xbc94a0368e9fe45db02e87793f056a84a3d17eda291985447569e95adfa0f8ba,3,97769608,0.000322119541921746,1748234861822035,Balanced Dollar,0.063764725,bnUSD,0,1,2025-05-26
cx28b2ec885b50c8a93da752f2d0467a67127a70e8,cxa0af3165c08318e988cb30993b3048335b94af6c,cx21e94c08c03daee80c25d8ee3ea22a20786ec231,0x24badfa838c08cab45,0xbc94a0368e9fe45db02e87793f056a84a3d17eda291985447569e95adfa0f8ba,2,97769608,677.548453026107,1748234861822035,CROWN,0.063764725,CROWN,0,1,2025-05-26
cx88fd7df7ddff82f7cc735c871dc519838cb235bb,cx21e94c08c03daee80c25d8ee3ea22a20786ec231,cxa0af3165c08318e988cb30993b3048335b94af6c,0x2faeead84f8b378,0xbc94a0368e9fe45db02e87793f056a84a3d17eda291985447569e95adfa0f8ba,1,97769608,0.21474636128116414,1748234861822035,Balanced Dollar,0.063764725,bnUSD,0,1,2025-05-26
cx88fd7df7ddff82f7cc735c871dc519838cb235bb,hxb66e8c52f3f583ca21604af2ea30e1ae62d87f96,cx21e94c08c03daee80c25d8ee3ea22a20786ec231,0x2faeead84f8b378,0xbc94a0368e9fe45db02e87793f056a84a3d17eda291985447569e95adfa0f8ba,0,97769608,0.21474636128116414,1748234861822035,Balanced Dollar,0.063764725,bnUSD,0,1,2025-05-26
cx2609b924e33ef00b648a409245c7ea394c467824,cx203d9cd2a669be67177e997b8948ce2c35caffae,hxb66e8c52f3f583ca21604af2ea30e1ae62d87f96,0xb5593c09e7bbdd,0xb2a282dbb9e5a5c70970e74d423c7748189ed3129ef4e9bae804539f34068acc,5,97769598,0.05104508518372041,1748234841739448,Staked ICX,0.144781175,sICX,0,1,2025-05-26
cx88fd7df7ddff82f7cc735c871dc519838cb235bb,cx203d9cd2a669be67177e997b8948ce2c35caffae,hxb66e8c52f3f583ca21604af2ea30e1ae62d87f96,0x2faeead84f8b378,0xb2a282dbb9e5a5c70970e74d423c7748189ed3129ef4e9bae804539f34068acc,2,97769598,0.21474636128116414,1748234841739448,Balanced Dollar,0.144781175,bnUSD,0,1,2025-05-26
cxf61cd5a45dc9f91c15aa65831a30a90d59a09619,cx203d9cd2a669be67177e997b8948ce2c35caffae,hxb66e8c52f3f583ca21604af2ea30e1ae62d87f96,0x5d07322d8192,0xb2a282dbb9e5a5c70970e74d423c7748189ed3129ef4e9bae804539f34068acc,0,97769598,0.00010228548799733,1748234841739448,Balance Token,0.144781175,BALN,0,1,2025-05-26
cx28b2ec885b50c8a93da752f2d0467a67127a70e8,cx21e94c08c03daee80c25d8ee3ea22a20786ec231,hxb66e8c52f3f583ca21604af2ea30e1ae62d87f96,0x16bf3603efcc434656,0xcc09d209b8243f3cc40af8a954b69ca375812c364a12e655e7ae4411328b2ea5,13,97769589,419.6065740600558,1748234823899419,CROWN,0.2046291875,CROWN,0,1,2025-05-26
cx88fd7df7ddff82f7cc735c871dc519838cb235bb,cxa0af3165c08318e988cb30993b3048335b94af6c,cx5faae53c4dbd1fbe4a2eb4aab6565030f10da5c6,0xb52a3bbfd4a1,0xcc09d209b8243f3cc40af8a954b69ca375812c364a12e655e7ae4411328b2ea5,11,97769589,0.000199192995681441,1748234823899419,Balanced Dollar,0.2046291875,bnUSD,0,1,2025-05-26
cx28b2ec885b50c8a93da752f2d0467a67127a70e8,cxa0af3165c08318e988cb30993b3048335b94af6c,cx21e94c08c03daee80c25d8ee3ea22a20786ec231,0x16bf3603efcc434656,0xcc09d209b8243f3cc40af8a954b69ca375812c364a12e655e7ae4411328b2ea5,10,97769589,419.6065740600558,1748234823899419,CROWN,0.2046291875,CROWN,0,1,2025-05-26
cx88fd7df7ddff82f7cc735c871dc519838cb235bb,cx21e94c08c03daee80c25d8ee3ea22a20786ec231,cxa0af3165c08318e988cb30993b3048335b94af6c,0x1d7c8a6438f0ee3,0xcc09d209b8243f3cc40af8a954b69ca375812c364a12e655e7ae4411328b2ea5,9,97769589,0.13279533045429423,1748234823899419,Balanced Dollar,0.2046291875,bnUSD,0,1,2025-05-26
cx88fd7df7ddff82f7cc735c871dc519838cb235bb,cxa0af3165c08318e988cb30993b3048335b94af6c,cx5faae53c4dbd1fbe4a2eb4aab6565030f10da5c6,0xb5b5c7af25fc,0xcc09d209b8243f3cc40af8a954b69ca375812c364a12e655e7ae4411328b2ea5,7,97769589,0.00019979234385254,1748234823899419,Balanced Dollar,0.2046291875,bnUSD,0,1,2025-05-26
cx88fd7df7ddff82f7cc735c871dc519838cb235bb,cxa0af3165c08318e988cb30993b3048335b94af6c,cx21e94c08c03daee80c25d8ee3ea22a20786ec231,0x1d7c8a6438f0ee3,0xcc09d209b8243f3cc40af8a954b69ca375812c364a12e655e7ae4411328b2ea5,6,97769589,0.13279533045429423,1748234823899419,Balanced Dollar,0.2046291875,bnUSD,0,1,2025-05-26
cx2609b924e33ef00b648a409245c7ea394c467824,cx21e94c08c03daee80c25d8ee3ea22a20786ec231,cxa0af3165c08318e988cb30993b3048335b94af6c,0xbffc63da33870a6,0xcc09d209b8243f3cc40af8a954b69ca375812c364a12e655e7ae4411328b2ea5,5,97769589,0.8646276215121144,1748234823899419,Staked ICX,0.2046291875,sICX,0,1,2025-05-26
cx2609b924e33ef00b648a409245c7ea394c467824,cxa0af3165c08318e988cb30993b3048335b94af6c,cx5faae53c4dbd1fbe4a2eb4aab6565030f10da5c6,0x49f1c0bfda999,0xcc09d209b8243f3cc40af8a954b69ca375812c364a12e655e7ae4411328b2ea5,3,97769589,0.001300842715916697,1748234823899419,Staked ICX,0.2046291875,sICX,0,1,2025-05-26
cx2609b924e33ef00b648a409245c7ea394c467824,cxa0af3165c08318e988cb30993b3048335b94af6c,cx21e94c08c03daee80c25d8ee3ea22a20786ec231,0xbffc63da33870a6,0xcc09d209b8243f3cc40af8a954b69ca375812c364a12e655e7ae4411328b2ea5,2,97769589,0.8646276215121144,1748234823899419,Staked ICX,0.2046291875,sICX,0,1,2025-05-26
cxf61cd5a45dc9f91c15aa65831a30a90d59a09619,cx21e94c08c03daee80c25d8ee3ea22a20786ec231,cxa0af3165c08318e988cb30993b3048335b94af6c,0x1a622d193fa266d4,0xcc09d209b8243f3cc40af8a954b69ca375812c364a12e655e7ae4411328b2ea5,1,97769589,1.9011315791688108,1748234823899419,Balance Token,0.2046291875,BALN,0,1,2025-05-26
cxf61cd5a45dc9f91c15aa65831a30a90d59a09619,hxb66e8c52f3f583ca21604af2ea30e1ae62d87f96,cx21e94c08c03daee80c25d8ee3ea22a20786ec231,0x1a622d193fa266d4,0xcc09d209b8243f3cc40af8a954b69ca375812c364a12e655e7ae4411328b2ea5,0,97769589,1.9011315791688108,1748234823899419,Balance Token,0.2046291875,BALN,0,1,2025-05-26
cx88fd7df7ddff82f7cc735c871dc519838cb235bb,cxa0af3165c08318e988cb30993b3048335b94af6c,cx5faae53c4dbd1fbe4a2eb4aab6565030f10da5c6,0x2da6ad5eae17018,0x00f99768ed75f7f64d7e30e7eaf272f71ede1d974192c4d9ed5f9305a2a1cc40,2,97769586,0.20559420000000003,1748234817764858,Balanced Dollar,0.0563762625,bnUSD,0,1,2025-05-26
cx4297f4b63262507623b6ad575d0d8dd2db980e4e,cxa0af3165c08318e988cb30993b3048335b94af6c,hxd75467e3e4ce64e3424c747dfb71503017440433,0x8b22d5f6f79e90b8,0x00f99768ed75f7f64d7e30e7eaf272f71ede1d974192c4d9ed5f9305a2a1cc40,1,97769586,10.025810977173181,1748234817764858,Injective,0.0563762625,INJ,0,1,2025-05-26
cx88fd7df7ddff82f7cc735c871dc519838cb235bb,hxd75467e3e4ce64e3424c747dfb71503017440433,cxa0af3165c08318e988cb30993b3048335b94af6c,0x76e20e26900694000,0x00f99768ed75f7f64d7e30e7eaf272f71ede1d974192c4d9ed5f9305a2a1cc40,0,97769586,137.0628,1748234817764858,Balanced Dollar,0.0563762625,bnUSD,0,1,2025-05-26
cxf61cd5a45dc9f91c15aa65831a30a90d59a09619,cx10d59e8103ab44635190bd4139dbfd682fa2d07e,hxb66e8c52f3f583ca21604af2ea30e1ae62d87f96,0x1a616eb16b858c28,0xd8fac1308cdf39aff4b69231ebe32c85bc3e78a68efad5bc4dc39d98da3cc962,3,97769576,1.900922226019241,1748234797738764,Balance Token,0.07223175,BALN,0,1,2025-05-26
cx2609b924e33ef00b648a409245c7ea394c467824,cx10d59e8103ab44635190bd4139dbfd682fa2d07e,hxb66e8c52f3f583ca21604af2ea30e1ae62d87f96,0x1c6af6b34e6819be7,0xd8fac1308cdf39aff4b69231ebe32c85bc3e78a68efad5bc4dc39d98da3cc962,1,97769576,32.763523689093375,1748234797738764,Staked ICX,0.07223175,sICX,0,1,2025-05-26
cx88fd7df7ddff82f7cc735c871dc519838cb235bb,cxa0af3165c08318e988cb30993b3048335b94af6c,cx5faae53c4dbd1fbe4a2eb4aab6565030f10da5c6,0x2d95a4292d76800,0x6ca720bbe95eb9c1fd1849e60de81929d34d0e9edd7bc1e59f6b55273d392176,2,97769569,0.2052945,1748234783906867,Balanced Dollar,0.0563762625,bnUSD,0,1,2025-05-26
cx4297f4b63262507623b6ad575d0d8dd2db980e4e,cxa0af3165c08318e988cb30993b3048335b94af6c,hxd75467e3e4ce64e3424c747dfb71503017440433,0x8b1c334ba88e5110,0x6ca720bbe95eb9c1fd1849e60de81929d34d0e9edd7bc1e59f6b55273d392176,1,97769569,10.023943270663345,1748234783906867,Injective,0.0563762625,INJ,0,1,2025-05-26
cx88fd7df7ddff82f7cc735c871dc519838cb235bb,hxd75467e3e4ce64e3424c747dfb71503017440433,cxa0af3165c08318e988cb30993b3048335b94af6c,0x76b5b0d5e66498000,0x6ca720bbe95eb9c1fd1849e60de81929d34d0e9edd7bc1e59f6b55273d392176,0,97769569,136.863,1748234783906867,Balanced Dollar,0.0563762625,bnUSD,0,1,2025-05-26
cx88fd7df7ddff82f7cc735c871dc519838cb235bb,cxa0af3165c08318e988cb30993b3048335b94af6c,cx5faae53c4dbd1fbe4a2eb4aab6565030f10da5c6,0x2d8d1f8e6d26418,0x4526976afc0ddbc81d4ae6c10c9ae7fcc6fbf0dd5bf3c4ee53c7d5d9fa9cfd99,2,97769558,0.20514465,1748234761704065,Balanced Dollar,0.056373575,bnUSD,0,1,2025-05-26
cx4297f4b63262507623b6ad575d0d8dd2db980e4e,cxa0af3165c08318e988cb30993b3048335b94af6c,hxd75467e3e4ce64e3424c747dfb71503017440433,0x8b2f7f389c49c945,0x4526976afc0ddbc81d4ae6c10c9ae7fcc6fbf0dd5bf3c4ee53c7d5d9fa9cfd99,1,97769558,10.029374776294361,1748234761704065,Injective,0.056373575,INJ,0,1,2025-05-26
cx88fd7df7ddff82f7cc735c871dc519838cb235bb,hxd75467e3e4ce64e3424c747dfb71503017440433,cxa0af3165c08318e988cb30993b3048335b94af6c,0x769f822d9193a0000,0x4526976afc0ddbc81d4ae6c10c9ae7fcc6fbf0dd5bf3c4ee53c7d5d9fa9cfd99,0,97769558,136.7631,1748234761704065,Balanced Dollar,0.056373575,bnUSD,0,1,2025-05-26
cx2609b924e33ef00b648a409245c7ea394c467824,cxa0af3165c08318e988cb30993b3048335b94af6c,hxf91f33e9dcabf1c118f47c1d6799464931e18ac2,0x1,0x9ebaec5973d2a241401427bc8c2cedaf03fa2d4603d09729a2c2c78b5ec0cd16,3,97769495,1e-18,1748234635781067,Staked ICX,0.043749125,sICX,0,1,2025-05-26
cx2609b924e33ef00b648a409245c7ea394c467824,hxf91f33e9dcabf1c118f47c1d6799464931e18ac2,cxa0af3165c08318e988cb30993b3048335b94af6c,0x26b18f37704d77374,0xaf7096c30c01a5f212e3abe318080a8442fa74b14e8fcbf7e47fbfa7c7994e08,0,97769491,44.61067380142634,1748234627675492,Staked ICX,0.03120205,sICX,0,1,2025-05-26
cx3975b43d260fb8ec802cef6e60c2f4d07486f11d,hxf91f33e9dcabf1c118f47c1d6799464931e18ac2,cxa0af3165c08318e988cb30993b3048335b94af6c,0x33d0dd0b61b0f08ef,0x70ab9be560b938badd8439660ba9d2e5154fc99ce119f7a668361df919b651a0,1,97769486,59.739634112696095,1748234617692286,Wrapped ICX,0.0165668375,wICX,0,1,2025-05-26
cx3975b43d260fb8ec802cef6e60c2f4d07486f11d,hx0000000000000000000000000000000000000000,hxf91f33e9dcabf1c118f47c1d6799464931e18ac2,0x33d0dd0b61b0f08ef,0x70ab9be560b938badd8439660ba9d2e5154fc99ce119f7a668361df919b651a0,0,97769486,59.739634112696095,1748234617692286,Wrapped ICX,0.0165668375,wICX,0,1,2025-05-26
cx3975b43d260fb8ec802cef6e60c2f4d07486f11d,hxf91f33e9dcabf1c118f47c1d6799464931e18ac2,hx0000000000000000000000000000000000000000,0x39e6e35098801d7b7,0xba65841b339792e525e9662c8d8b4c52cf5d43c4a0a0b2d1e2bc1f392c1bf64c,6,97769477,66.75635264161224,1748234599688149,Wrapped ICX,0.09156395,wICX,0,1,2025-05-26
cx3975b43d260fb8ec802cef6e60c2f4d07486f11d,cx21e94c08c03daee80c25d8ee3ea22a20786ec231,hxf91f33e9dcabf1c118f47c1d6799464931e18ac2,0x39e6e35098801d7b7,0xba65841b339792e525e9662c8d8b4c52cf5d43c4a0a0b2d1e2bc1f392c1bf64c,5,97769477,66.75635264161224,1748234599688149,Wrapped ICX,0.09156395,wICX,0,1,2025-05-26
cx2609b924e33ef00b648a409245c7ea394c467824,cxa0af3165c08318e988cb30993b3048335b94af6c,cx5faae53c4dbd1fbe4a2eb4aab6565030f10da5c6,0x10a741a46278000,0xba65841b339792e525e9662c8d8b4c52cf5d43c4a0a0b2d1e2bc1f392c1bf64c,3,97769477,0.075,1748234599688149,Staked ICX,0.09156395,sICX,0,1,2025-05-26
cx3975b43d260fb8ec802cef6e60c2f4d07486f11d,cxa0af3165c08318e988cb30993b3048335b94af6c,cx21e94c08c03daee80c25d8ee3ea22a20786ec231,0x39e6e35098801d7b7,0xba65841b339792e525e9662c8d8b4c52cf5d43c4a0a0b2d1e2bc1f392c1bf64c,2,97769477,66.75635264161224,1748234599688149,Wrapped ICX,0.09156395,wICX,0,1,2025-05-26
cx2609b924e33ef00b648a409245c7ea394c467824,cx21e94c08c03daee80c25d8ee3ea22a20786ec231,cxa0af3165c08318e988cb30993b3048335b94af6c,0x2b5e3af16b1880000,0xba65841b339792e525e9662c8d8b4c52cf5d43c4a0a0b2d1e2bc1f392c1bf64c,1,97769477,50.0,1748234599688149,Staked ICX,0.09156395,sICX,0,1,2025-05-26
cx2609b924e33ef00b648a409245c7ea394c467824,hxf91f33e9dcabf1c118f47c1d6799464931e18ac2,cx21e94c08c03daee80c25d8ee3ea22a20786ec231,0x2b5e3af16b1880000,0xba65841b339792e525e9662c8d8b4c52cf5d43c4a0a0b2d1e2bc1f392c1bf64c,0,97769477,50.0,1748234599688149,Staked ICX,0.09156395,sICX,0,1,2025-05-26
cx2609b924e33ef00b648a409245c7ea394c467824,hx8bdfacefaca1edde9cda98eb29aeb512525c919b,hxf91f33e9dcabf1c118f47c1d6799464931e18ac2,0x30f269ef7d99bf4b5,0xfad4d49a88a71449ad38012bfa97327311746c4f8bd015aa597cec1eef2bc4b3,0,97769463,56.43196696815757,1748234571771229,Staked ICX,0.019133175,sICX,0,1,2025-05-26
cx28b2ec885b50c8a93da752f2d0467a67127a70e8,cx21e94c08c03daee80c25d8ee3ea22a20786ec231,hx8bdfacefaca1edde9cda98eb29aeb512525c919b,0x15d4f1163bff5a8021,0xcfe91318e6bdfbf9c53c7005dbe9646805b9297d32be11e084c929ea22f4f594,13,97769438,402.7256954002716,1748234521769439,CROWN,0.2046265625,CROWN,0,1,2025-05-26
cx88fd7df7ddff82f7cc735c871dc519838cb235bb,cxa0af3165c08318e988cb30993b3048335b94af6c,cx5faae53c4dbd1fbe4a2eb4aab6565030f10da5c6,0xadaeefd77327,0xcfe91318e6bdfbf9c53c7005dbe9646805b9297d32be11e084c929ea22f4f594,11,97769438,0.000190966859789095,1748234521769439,Balanced Dollar,0.2046265625,bnUSD,0,1,2025-05-26
cx28b2ec885b50c8a93da752f2d0467a67127a70e8,cxa0af3165c08318e988cb30993b3048335b94af6c,cx21e94c08c03daee80c25d8ee3ea22a20786ec231,0x15d4f1163bff5a8021,0xcfe91318e6bdfbf9c53c7005dbe9646805b9297d32be11e084c929ea22f4f594,10,97769438,402.7256954002716,1748234521769439,CROWN,0.2046265625,CROWN,0,1,2025-05-26
cx88fd7df7ddff82f7cc735c871dc519838cb235bb,cx21e94c08c03daee80c25d8ee3ea22a20786ec231,cxa0af3165c08318e988cb30993b3048335b94af6c,0x1c44ce5ebbbe247,0xcfe91318e6bdfbf9c53c7005dbe9646805b9297d32be11e084c929ea22f4f594,9,97769438,0.12731123985939719,1748234521769439,Balanced Dollar,0.2046265625,bnUSD,0,1,2025-05-26
cx88fd7df7ddff82f7cc735c871dc519838cb235bb,cxa0af3165c08318e988cb30993b3048335b94af6c,cx5faae53c4dbd1fbe4a2eb4aab6565030f10da5c6,0xae34b88acacf,0xcfe91318e6bdfbf9c53c7005dbe9646805b9297d32be11e084c929ea22f4f594,7,97769438,0.000191541457636047,1748234521769439,Balanced Dollar,0.2046265625,bnUSD,0,1,2025-05-26
cx88fd7df7ddff82f7cc735c871dc519838cb235bb,cxa0af3165c08318e988cb30993b3048335b94af6c,cx21e94c08c03daee80c25d8ee3ea22a20786ec231,0x1c44ce5ebbbe247,0xcfe91318e6bdfbf9c53c7005dbe9646805b9297d32be11e084c929ea22f4f594,6,97769438,0.12731123985939719,1748234521769439,Balanced Dollar,0.2046265625,bnUSD,0,1,2025-05-26
cx2609b924e33ef00b648a409245c7ea394c467824,cx21e94c08c03daee80c25d8ee3ea22a20786ec231,cxa0af3165c08318e988cb30993b3048335b94af6c,0xb80eae1db0cfbcf,0xcfe91318e6bdfbf9c53c7005dbe9646805b9297d32be11e084c929ea22f4f594,5,97769438,0.8289205871997737,1748234521769439,Staked ICX,0.2046265625,sICX,0,1,2025-05-26
cx2609b924e33ef00b648a409245c7ea394c467824,cxa0af3165c08318e988cb30993b3048335b94af6c,cx5faae53c4dbd1fbe4a2eb4aab6565030f10da5c6,0x46e40022c6783,0xcfe91318e6bdfbf9c53c7005dbe9646805b9297d32be11e084c929ea22f4f594,3,97769438,0.001247121100269443,1748234521769439,Staked ICX,0.2046265625,sICX,0,1,2025-05-26
cx2609b924e33ef00b648a409245c7ea394c467824,cxa0af3165c08318e988cb30993b3048335b94af6c,cx21e94c08c03daee80c25d8ee3ea22a20786ec231,0xb80eae1db0cfbcf,0xcfe91318e6bdfbf9c53c7005dbe9646805b9297d32be11e084c929ea22f4f594,2,97769438,0.8289205871997737,1748234521769439,Staked ICX,0.2046265625,sICX,0,1,2025-05-26
cxf61cd5a45dc9f91c15aa65831a30a90d59a09619,cx21e94c08c03daee80c25d8ee3ea22a20786ec231,cxa0af3165c08318e988cb30993b3048335b94af6c,0x194b3b9aae7345f3,0xcfe91318e6bdfbf9c53c7005dbe9646805b9297d32be11e084c929ea22f4f594,1,97769438,1.82261600973929,1748234521769439,Balance Token,0.2046265625,BALN,0,1,2025-05-26
cxf61cd5a45dc9f91c15aa65831a30a90d59a09619,hx8bdfacefaca1edde9cda98eb29aeb512525c919b,cx21e94c08c03daee80c25d8ee3ea22a20786ec231,0x194b3b9aae7345f3,0xcfe91318e6bdfbf9c53c7005dbe9646805b9297d32be11e084c929ea22f4f594,0,97769438,1.82261600973929,1748234521769439,Balance Token,0.2046265625,BALN,0,1,2025-05-26
cxf61cd5a45dc9f91c15aa65831a30a90d59a09619,cx10d59e8103ab44635190bd4139dbfd682fa2d07e,hx8bdfacefaca1edde9cda98eb29aeb512525c919b,0x194a8fd3b0799017,0x57e80f113fdb6562381f36af3160aa6738fc9505587a2e7a3894a363606b5eb8,3,97769424,1.822427138586415,1748234493669345,Balance Token,0.0723741875,BALN,0,1,2025-05-26
cx2609b924e33ef00b648a409245c7ea394c467824,cx10d59e8103ab44635190bd4139dbfd682fa2d07e,hx8bdfacefaca1edde9cda98eb29aeb512525c919b,0x1d163a9793ecc5fbd,0x57e80f113fdb6562381f36af3160aa6738fc9505587a2e7a3894a363606b5eb8,1,97769424,33.534833588540565,1748234493669345,Staked ICX,0.0723741875,sICX,0,1,2025-05-26
cx28b2ec885b50c8a93da752f2d0467a67127a70e8,cx21e94c08c03daee80c25d8ee3ea22a20786ec231,hxf91f33e9dcabf1c118f47c1d6799464931e18ac2,0x25530a78d3bbc2d088,0x5b79f2f4440191f3dd3a4e13c5612a69d1d484a18b9f4c0e8ff5cc0a2c382772,5,97769388,688.5132586329521,1748234421721642,CROWN,0.0637634125,CROWN,0,1,2025-05-26
cx88fd7df7ddff82f7cc735c871dc519838cb235bb,cxa0af3165c08318e988cb30993b3048335b94af6c,cx5faae53c4dbd1fbe4a2eb4aab6565030f10da5c6,0x1287f3faa0840,0x5b79f2f4440191f3dd3a4e13c5612a69d1d484a18b9f4c0e8ff5cc0a2c382772,3,97769388,0.000326001970776128,1748234421721642,Balanced Dollar,0.0637634125,bnUSD,0,1,2025-05-26
cx28b2ec885b50c8a93da752f2d0467a67127a70e8,cxa0af3165c08318e988cb30993b3048335b94af6c,cx21e94c08c03daee80c25d8ee3ea22a20786ec231,0x25530a78d3bbc2d088,0x5b79f2f4440191f3dd3a4e13c5612a69d1d484a18b9f4c0e8ff5cc0a2c382772,2,97769388,688.5132586329521,1748234421721642,CROWN,0.0637634125,CROWN,0,1,2025-05-26
cx88fd7df7ddff82f7cc735c871dc519838cb235bb,cx21e94c08c03daee80c25d8ee3ea22a20786ec231,cxa0af3165c08318e988cb30993b3048335b94af6c,0x30420b5cacad2e2,0x5b79f2f4440191f3dd3a4e13c5612a69d1d484a18b9f4c0e8ff5cc0a2c382772,1,97769388,0.21733464718408574,1748234421721642,Balanced Dollar,0.0637634125,bnUSD,0,1,2025-05-26
cx88fd7df7ddff82f7cc735c871dc519838cb235bb,hxf91f33e9dcabf1c118f47c1d6799464931e18ac2,cx21e94c08c03daee80c25d8ee3ea22a20786ec231,0x30420b5cacad2e2,0x5b79f2f4440191f3dd3a4e13c5612a69d1d484a18b9f4c0e8ff5cc0a2c382772,0,97769388,0.21733464718408574,1748234421721642,Balanced Dollar,0.0637634125,bnUSD,0,1,2025-05-26
cx2609b924e33ef00b648a409245c7ea394c467824,cx203d9cd2a669be67177e997b8948ce2c35caffae,hxf91f33e9dcabf1c118f47c1d6799464931e18ac2,0xd17a6821d21701,0x39c52913392769fe59636eb5500a0f73fcac8454973f1d19419e867169f37dbc,5,97769377,0.058962857795131135,1748234399618251,Staked ICX,0.144787675,sICX,0,1,2025-05-26
cx88fd7df7ddff82f7cc735c871dc519838cb235bb,cx203d9cd2a669be67177e997b8948ce2c35caffae,hxf91f33e9dcabf1c118f47c1d6799464931e18ac2,0x30420b5cacad2e2,0x39c52913392769fe59636eb5500a0f73fcac8454973f1d19419e867169f37dbc,2,97769377,0.21733464718408574,1748234399618251,Balanced Dollar,0.144787675,bnUSD,0,1,2025-05-26
cxf61cd5a45dc9f91c15aa65831a30a90d59a09619,cx203d9cd2a669be67177e997b8948ce2c35caffae,hxf91f33e9dcabf1c118f47c1d6799464931e18ac2,0x9a3e9c058203,0x39c52913392769fe59636eb5500a0f73fcac8454973f1d19419e867169f37dbc,0,97769377,0.000169593696256515,1748234399618251,Balance Token,0.144787675,BALN,0,1,2025-05-26
cx28b2ec885b50c8a93da752f2d0467a67127a70e8,cx21e94c08c03daee80c25d8ee3ea22a20786ec231,hxf91f33e9dcabf1c118f47c1d6799464931e18ac2,0x1659010531fd515d21,0x1408938e1612d60f470b8df2266cc664f4ab7517a1de86aefca3fa3821f7ccb5,13,97769365,412.24178267822396,1748234375611097,CROWN,0.2046265625,CROWN,0,1,2025-05-26
cx88fd7df7ddff82f7cc735c871dc519838cb235bb,cxa0af3165c08318e988cb30993b3048335b94af6c,cx5faae53c4dbd1fbe4a2eb4aab6565030f10da5c6,0xb142f03ad3b4,0x1408938e1612d60f470b8df2266cc664f4ab7517a1de86aefca3fa3821f7ccb5,11,97769365,0.000194901056345012,1748234375611097,Balanced Dollar,0.2046265625,bnUSD,0,1,2025-05-26
cx28b2ec885b50c8a93da752f2d0467a67127a70e8,cxa0af3165c08318e988cb30993b3048335b94af6c,cx21e94c08c03daee80c25d8ee3ea22a20786ec231,0x1659010531fd515d21,0x1408938e1612d60f470b8df2266cc664f4ab7517a1de86aefca3fa3821f7ccb5,10,97769365,412.24178267822396,1748234375611097,CROWN,0.2046265625,CROWN,0,1,2025-05-26
cx88fd7df7ddff82f7cc735c871dc519838cb235bb,cx21e94c08c03daee80c25d8ee3ea22a20786ec231,cxa0af3165c08318e988cb30993b3048335b94af6c,0x1cd9e519931fa8f,0x1408938e1612d60f470b8df2266cc664f4ab7517a1de86aefca3fa3821f7ccb5,9,97769365,0.12993403756334146,1748234375611097,Balanced Dollar,0.2046265625,bnUSD,0,1,2025-05-26
cx88fd7df7ddff82f7cc735c871dc519838cb235bb,cxa0af3165c08318e988cb30993b3048335b94af6c,cx5faae53c4dbd1fbe4a2eb4aab6565030f10da5c6,0xb1cb7a7866c3,0x1408938e1612d60f470b8df2266cc664f4ab7517a1de86aefca3fa3821f7ccb5,7,97769365,0.000195487491188419,1748234375611097,Balanced Dollar,0.2046265625,bnUSD,0,1,2025-05-26
cx88fd7df7ddff82f7cc735c871dc519838cb235bb,cxa0af3165c08318e988cb30993b3048335b94af6c,cx21e94c08c03daee80c25d8ee3ea22a20786ec231,0x1cd9e519931fa8f,0x1408938e1612d60f470b8df2266cc664f4ab7517a1de86aefca3fa3821f7ccb5,6,97769365,0.12993403756334146,1748234375611097,Balanced Dollar,0.2046265625,bnUSD,0,1,2025-05-26
cx2609b924e33ef00b648a409245c7ea394c467824,cx21e94c08c03daee80c25d8ee3ea22a20786ec231,cxa0af3165c08318e988cb30993b3048335b94af6c,0xbbd9615f8a9f3f2,0x1408938e1612d60f470b8df2266cc664f4ab7517a1de86aefca3fa3821f7ccb5,5,97769365,0.8459973261258885,1748234375611097,Staked ICX,0.2046265625,sICX,0,1,2025-05-26
cx2609b924e33ef00b648a409245c7ea394c467824,cxa0af3165c08318e988cb30993b3048335b94af6c,cx5faae53c4dbd1fbe4a2eb4aab6565030f10da5c6,0x4859dece251a4,0x1408938e1612d60f470b8df2266cc664f4ab7517a1de86aefca3fa3821f7ccb5,3,97769365,0.001272813237457316,1748234375611097,Staked ICX,0.2046265625,sICX,0,1,2025-05-26
cx2609b924e33ef00b648a409245c7ea394c467824,cxa0af3165c08318e988cb30993b3048335b94af6c,cx21e94c08c03daee80c25d8ee3ea22a20786ec231,0xbbd9615f8a9f3f2,0x1408938e1612d60f470b8df2266cc664f4ab7517a1de86aefca3fa3821f7ccb5,2,97769365,0.8459973261258885,1748234375611097,Staked ICX,0.2046265625,sICX,0,1,2025-05-26
cxf61cd5a45dc9f91c15aa65831a30a90d59a09619,cx21e94c08c03daee80c25d8ee3ea22a20786ec231,cxa0af3165c08318e988cb30993b3048335b94af6c,0x19d09e32f3b1239f,0x1408938e1612d60f470b8df2266cc664f4ab7517a1de86aefca3fa3821f7ccb5,1,97769365,1.8601605877780407,1748234375611097,Balance Token,0.2046265625,BALN,0,1,2025-05-26
cxf61cd5a45dc9f91c15aa65831a30a90d59a09619,hxf91f33e9dcabf1c118f47c1d6799464931e18ac2,cx21e94c08c03daee80c25d8ee3ea22a20786ec231,0x19d09e32f3b1239f,0x1408938e1612d60f470b8df2266cc664f4ab7517a1de86aefca3fa3821f7ccb5,0,97769365,1.8601605877780407,1748234375611097,Balance Token,0.2046265625,BALN,0,1,2025-05-26
cxf61cd5a45dc9f91c15aa65831a30a90d59a09619,cx10d59e8103ab44635190bd4139dbfd682fa2d07e,hxf91f33e9dcabf1c118f47c1d6799464931e18ac2,0x19d09e32f3b1239f,0x6cf1196dc07a2f8f40755bdf05a540838c066d4be1bebc6f06e24a0a3f9e5f6a,3,97769352,1.8601605877780407,1748234349600762,Balance Token,0.0722666875,BALN,0,1,2025-05-26
cx2609b924e33ef00b648a409245c7ea394c467824,cx10d59e8103ab44635190bd4139dbfd682fa2d07e,hxf91f33e9dcabf1c118f47c1d6799464931e18ac2,0x21104892dbaf167bd,0x6cf1196dc07a2f8f40755bdf05a540838c066d4be1bebc6f06e24a0a3f9e5f6a,1,97769352,38.11974397547364,1748234349600762,Staked ICX,0.0722666875,sICX,0,1,2025-05-26
cx28b2ec885b50c8a93da752f2d0467a67127a70e8,cx21e94c08c03daee80c25d8ee3ea22a20786ec231,hx946ec78523871a85930974feb8d9dc94df0c1402,0x11130428b10a7d4409,0x3fefe7f893449f5b9986c4d3f2e852c93ddad9c00481993dd819bb5f9d6495b9,13,97769311,314.9649141805402,1748234267583801,CROWN,0.204625,CROWN,0,1,2025-05-26
cx88fd7df7ddff82f7cc735c871dc519838cb235bb,cxa0af3165c08318e988cb30993b3048335b94af6c,cx5faae53c4dbd1fbe4a2eb4aab6565030f10da5c6,0x874cd4d068a6,0x3fefe7f893449f5b9986c4d3f2e852c93ddad9c00481993dd819bb5f9d6495b9,11,97769311,0.000148764057692326,1748234267583801,Balanced Dollar,0.204625,bnUSD,0,1,2025-05-26
cx28b2ec885b50c8a93da752f2d0467a67127a70e8,cxa0af3165c08318e988cb30993b3048335b94af6c,cx21e94c08c03daee80c25d8ee3ea22a20786ec231,0x11130428b10a7d4409,0x3fefe7f893449f5b9986c4d3f2e852c93ddad9c00481993dd819bb5f9d6495b9,10,97769311,314.9649141805402,1748234267583801,CROWN,0.204625,CROWN,0,1,2025-05-26
cx88fd7df7ddff82f7cc735c871dc519838cb235bb,cx21e94c08c03daee80c25d8ee3ea22a20786ec231,cxa0af3165c08318e988cb30993b3048335b94af6c,0x1605814debb3200,0x3fefe7f893449f5b9986c4d3f2e852c93ddad9c00481993dd819bb5f9d6495b9,9,97769311,0.09917603846155111,1748234267583801,Balanced Dollar,0.204625,bnUSD,0,1,2025-05-26
cx88fd7df7ddff82f7cc735c871dc519838cb235bb,cxa0af3165c08318e988cb30993b3048335b94af6c,cx5faae53c4dbd1fbe4a2eb4aab6565030f10da5c6,0x87b50cfb4853,0x3fefe7f893449f5b9986c4d3f2e852c93ddad9c00481993dd819bb5f9d6495b9,7,97769311,0.000149211676624979,1748234267583801,Balanced Dollar,0.204625,bnUSD,0,1,2025-05-26
cx88fd7df7ddff82f7cc735c871dc519838cb235bb,cxa0af3165c08318e988cb30993b3048335b94af6c,cx21e94c08c03daee80c25d8ee3ea22a20786ec231,0x1605814debb3200,0x3fefe7f893449f5b9986c4d3f2e852c93ddad9c00481993dd819bb5f9d6495b9,6,97769311,0.09917603846155111,1748234267583801,Balanced Dollar,0.204625,bnUSD,0,1,2025-05-26
cx2609b924e33ef00b648a409245c7ea394c467824,cx21e94c08c03daee80c25d8ee3ea22a20786ec231,cxa0af3165c08318e988cb30993b3048335b94af6c,0x8f61a5e3238ce1f,0x3fefe7f893449f5b9986c4d3f2e852c93ddad9c00481993dd819bb5f9d6495b9,5,97769311,0.6457325884460764,1748234267583801,Staked ICX,0.204625,sICX,0,1,2025-05-26
cx2609b924e33ef00b648a409245c7ea394c467824,cxa0af3165c08318e988cb30993b3048335b94af6c,cx5faae53c4dbd1fbe4a2eb4aab6565030f10da5c6,0x37395eef88bcd,0x3fefe7f893449f5b9986c4d3f2e852c93ddad9c00481993dd819bb5f9d6495b9,3,97769311,0.000971512726719437,1748234267583801,Staked ICX,0.204625,sICX,0,1,2025-05-26
cx2609b924e33ef00b648a409245c7ea394c467824,cxa0af3165c08318e988cb30993b3048335b94af6c,cx21e94c08c03daee80c25d8ee3ea22a20786ec231,0x8f61a5e3238ce1f,0x3fefe7f893449f5b9986c4d3f2e852c93ddad9c00481993dd819bb5f9d6495b9,2,97769311,0.6457325884460764,1748234267583801,Staked ICX,0.204625,sICX,0,1,2025-05-26
cxf61cd5a45dc9f91c15aa65831a30a90d59a09619,cx21e94c08c03daee80c25d8ee3ea22a20786ec231,cxa0af3165c08318e988cb30993b3048335b94af6c,0x13b43732e58fba69,0x3fefe7f893449f5b9986c4d3f2e852c93ddad9c00481993dd819bb5f9d6495b9,1,97769311,1.419820474267843,1748234267583801,Balance Token,0.204625,BALN,0,1,2025-05-26
cxf61cd5a45dc9f91c15aa65831a30a90d59a09619,hx946ec78523871a85930974feb8d9dc94df0c1402,cx21e94c08c03daee80c25d8ee3ea22a20786ec231,0x13b43732e58fba69,0x3fefe7f893449f5b9986c4d3f2e852c93ddad9c00481993dd819bb5f9d6495b9,0,97769311,1.419820474267843,1748234267583801,Balance Token,0.204625,BALN,0,1,2025-05-26
cxf61cd5a45dc9f91c15aa65831a30a90d59a09619,cx10d59e8103ab44635190bd4139dbfd682fa2d07e,hx946ec78523871a85930974feb8d9dc94df0c1402,0xd1fafdea98e647f,0xf80773c9d735792f365e0e63a4411ab846b48ce465a2408a64deb5f9f3ab63e1,3,97769298,0.9456678176333754,1748234241526247,Balance Token,0.0722459625,BALN,0,1,2025-05-26
cx2609b924e33ef00b648a409245c7ea394c467824,cx10d59e8103ab44635190bd4139dbfd682fa2d07e,hx946ec78523871a85930974feb8d9dc94df0c1402,0x1836f8c99d5d070fb,0xf80773c9d735792f365e0e63a4411ab846b48ce465a2408a64deb5f9f3ab63e1,1,97769298,27.917687207438085,1748234241526247,Staked ICX,0.0722459625,sICX,0,1,2025-05-26
cx28b2ec885b50c8a93da752f2d0467a67127a70e8,cx21e94c08c03daee80c25d8ee3ea22a20786ec231,hx6a67e6f1a32722d56e5f23773b37441dee2fefef,0xb537e2077258e7903,0x370bce930582823bc51304b710a2ae84a1f146cb8a9c72c7e704699e8dfefbda,13,97768998,208.93046665912192,1748233641316228,CROWN,0.204633625,CROWN,0,1,2025-05-26
cx88fd7df7ddff82f7cc735c871dc519838cb235bb,cxa0af3165c08318e988cb30993b3048335b94af6c,cx5faae53c4dbd1fbe4a2eb4aab6565030f10da5c6,0x59aff097ce25,0x370bce930582823bc51304b710a2ae84a1f146cb8a9c72c7e704699e8dfefbda,11,97768998,9.8612190629413e-05,1748233641316228,Balanced Dollar,0.204633625,bnUSD,0,1,2025-05-26
cx28b2ec885b50c8a93da752f2d0467a67127a70e8,cxa0af3165c08318e988cb30993b3048335b94af6c,cx21e94c08c03daee80c25d8ee3ea22a20786ec231,0xb537e2077258e7903,0x370bce930582823bc51304b710a2ae84a1f146cb8a9c72c7e704699e8dfefbda,10,97768998,208.93046665912192,1748233641316228,CROWN,0.204633625,CROWN,0,1,2025-05-26
cx88fd7df7ddff82f7cc735c871dc519838cb235bb,cx21e94c08c03daee80c25d8ee3ea22a20786ec231,cxa0af3165c08318e988cb30993b3048335b94af6c,0xe98f828b53822a,0x370bce930582823bc51304b710a2ae84a1f146cb8a9c72c7e704699e8dfefbda,9,97768998,0.06574146041960913,1748233641316228,Balanced Dollar,0.204633625,bnUSD,0,1,2025-05-26
cx88fd7df7ddff82f7cc735c871dc519838cb235bb,cxa0af3165c08318e988cb30993b3048335b94af6c,cx5faae53c4dbd1fbe4a2eb4aab6565030f10da5c6,0x59f5067678e0,0x370bce930582823bc51304b710a2ae84a1f146cb8a9c72c7e704699e8dfefbda,7,97768998,9.8908910287072e-05,1748233641316228,Balanced Dollar,0.204633625,bnUSD,0,1,2025-05-26
cx88fd7df7ddff82f7cc735c871dc519838cb235bb,cxa0af3165c08318e988cb30993b3048335b94af6c,cx21e94c08c03daee80c25d8ee3ea22a20786ec231,0xe98f828b53822a,0x370bce930582823bc51304b710a2ae84a1f146cb8a9c72c7e704699e8dfefbda,6,97768998,0.06574146041960913,1748233641316228,Balanced Dollar,0.204633625,bnUSD,0,1,2025-05-26
cx2609b924e33ef00b648a409245c7ea394c467824,cx21e94c08c03daee80c25d8ee3ea22a20786ec231,cxa0af3165c08318e988cb30993b3048335b94af6c,0x5f0b4e28d661a2d,0x370bce930582823bc51304b710a2ae84a1f146cb8a9c72c7e704699e8dfefbda,5,97768998,0.42804084972808454,1748233641316228,Staked ICX,0.204633625,sICX,0,1,2025-05-26
cx2609b924e33ef00b648a409245c7ea394c467824,cxa0af3165c08318e988cb30993b3048335b94af6c,cx5faae53c4dbd1fbe4a2eb4aab6565030f10da5c6,0x249b54aede215,0x370bce930582823bc51304b710a2ae84a1f146cb8a9c72c7e704699e8dfefbda,3,97768998,0.000643992948433429,1748233641316228,Staked ICX,0.204633625,sICX,0,1,2025-05-26
cx2609b924e33ef00b648a409245c7ea394c467824,cxa0af3165c08318e988cb30993b3048335b94af6c,cx21e94c08c03daee80c25d8ee3ea22a20786ec231,0x5f0b4e28d661a2d,0x370bce930582823bc51304b710a2ae84a1f146cb8a9c72c7e704699e8dfefbda,2,97768998,0.42804084972808454,1748233641316228,Staked ICX,0.204633625,sICX,0,1,2025-05-26
cxf61cd5a45dc9f91c15aa65831a30a90d59a09619,cx21e94c08c03daee80c25d8ee3ea22a20786ec231,cxa0af3165c08318e988cb30993b3048335b94af6c,0xd0fafea4bf79fbd,0x370bce930582823bc51304b710a2ae84a1f146cb8a9c72c7e704699e8dfefbda,1,97768998,0.9411642679754506,1748233641316228,Balance Token,0.204633625,BALN,0,1,2025-05-26
cxf61cd5a45dc9f91c15aa65831a30a90d59a09619,hx6a67e6f1a32722d56e5f23773b37441dee2fefef,cx21e94c08c03daee80c25d8ee3ea22a20786ec231,0xd0fafea4bf79fbd,0x370bce930582823bc51304b710a2ae84a1f146cb8a9c72c7e704699e8dfefbda,0,97768998,0.9411642679754506,1748233641316228,Balance Token,0.204633625,BALN,0,1,2025-05-26
cxf61cd5a45dc9f91c15aa65831a30a90d59a09619,cx9345f80d6c98357ccbb70392b14162199c2c5f66,cxd82fb5d3effecd8c9071a4bba3856ad7222c4b91,0x1101e62e4a08c08,0x542dcadb0fe1104bcdf89a1c8ed4657d5368c84caa7339573cc24968b808a3bb,4,97768986,0.07659460375665357,1748233617366511,Balance Token,0.13080805,BALN,0,1,2025-05-26
cx2609b924e33ef00b648a409245c7ea394c467824,cx9345f80d6c98357ccbb70392b14162199c2c5f66,cxd82fb5d3effecd8c9071a4bba3856ad7222c4b91,0x11e03f1c84d753c0,0x542dcadb0fe1104bcdf89a1c8ed4657d5368c84caa7339573cc24968b808a3bb,3,97768986,1.2880988851483002,1748233617366511,Staked ICX,0.13080805,sICX,0,1,2025-05-26
cx88fd7df7ddff82f7cc735c871dc519838cb235bb,hx0000000000000000000000000000000000000000,cx5faae53c4dbd1fbe4a2eb4aab6565030f10da5c6,0x0,0x542dcadb0fe1104bcdf89a1c8ed4657d5368c84caa7339573cc24968b808a3bb,2,97768986,0.0,1748233617366511,Balanced Dollar,0.13080805,bnUSD,0,1,2025-05-26
cx88fd7df7ddff82f7cc735c871dc519838cb235bb,hx0000000000000000000000000000000000000000,cxd82fb5d3effecd8c9071a4bba3856ad7222c4b91,0x1b3ef3a3633016e,0x542dcadb0fe1104bcdf89a1c8ed4657d5368c84caa7339573cc24968b808a3bb,1,97768986,0.12270464816558936,1748233617366511,Balanced Dollar,0.13080805,bnUSD,0,1,2025-05-26
cx88fd7df7ddff82f7cc735c871dc519838cb235bb,hx5d8a28197b7c0fd9a38070a8303f8373c52456c1,cxd82fb5d3effecd8c9071a4bba3856ad7222c4b91,0x13051e4dc0a155ee3,0x542dcadb0fe1104bcdf89a1c8ed4657d5368c84caa7339573cc24968b808a3bb,0,97768986,21.928559694356768,1748233617366511,Balanced Dollar,0.13080805,bnUSD,0,1,2025-05-26
cxf61cd5a45dc9f91c15aa65831a30a90d59a09619,cx10d59e8103ab44635190bd4139dbfd682fa2d07e,hx6a67e6f1a32722d56e5f23773b37441dee2fefef,0xd0fafea4bf79fbd,0x2a9ed622c10f8e4bf1bd3ad7a89fd647da7288951903a65bd6c8af59ef920a9e,3,97768983,0.9411642679754506,1748233611693550,Balance Token,0.091181575,BALN,0,1,2025-05-26
cx2609b924e33ef00b648a409245c7ea394c467824,cx10d59e8103ab44635190bd4139dbfd682fa2d07e,hx6a67e6f1a32722d56e5f23773b37441dee2fefef,0x16190117a14488790,0x2a9ed622c10f8e4bf1bd3ad7a89fd647da7288951903a65bd6c8af59ef920a9e,1,97768983,25.476882308058876,1748233611693550,Staked ICX,0.091181575,sICX,0,1,2025-05-26
cx88fd7df7ddff82f7cc735c871dc519838cb235bb,cx21e94c08c03daee80c25d8ee3ea22a20786ec231,hx5d8a28197b7c0fd9a38070a8303f8373c52456c1,0xbb91eead0b18e41b,0xcfb5cb12dead1b01b60771ef099e70fcf9ee3b6fd8c452540f21bc0f17edf5b9,5,97768968,13.515846383698502,1748233581452271,Balanced Dollar,0.1103704625,bnUSD,0,1,2025-05-26
cx88fd7df7ddff82f7cc735c871dc519838cb235bb,cxa0af3165c08318e988cb30993b3048335b94af6c,cx5faae53c4dbd1fbe4a2eb4aab6565030f10da5c6,0x483e18ad86ef69,0xcfb5cb12dead1b01b60771ef099e70fcf9ee3b6fd8c452540f21bc0f17edf5b9,3,97768968,0.020334474034605927,1748233581452271,Balanced Dollar,0.1103704625,bnUSD,0,1,2025-05-26
cx88fd7df7ddff82f7cc735c871dc519838cb235bb,cxa0af3165c08318e988cb30993b3048335b94af6c,cx21e94c08c03daee80c25d8ee3ea22a20786ec231,0xbb91eead0b18e41b,0xcfb5cb12dead1b01b60771ef099e70fcf9ee3b6fd8c452540f21bc0f17edf5b9,2,97768968,13.515846383698502,1748233581452271,Balanced Dollar,0.1103704625,bnUSD,0,1,2025-05-26
cx2609b924e33ef00b648a409245c7ea394c467824,cx21e94c08c03daee80c25d8ee3ea22a20786ec231,cxa0af3165c08318e988cb30993b3048335b94af6c,0x4c53ecdc18a600000,0xcfb5cb12dead1b01b60771ef099e70fcf9ee3b6fd8c452540f21bc0f17edf5b9,1,97768968,88.0,1748233581452271,Staked ICX,0.1103704625,sICX,0,1,2025-05-26
cx2609b924e33ef00b648a409245c7ea394c467824,hx5d8a28197b7c0fd9a38070a8303f8373c52456c1,cx21e94c08c03daee80c25d8ee3ea22a20786ec231,0x4c53ecdc18a600000,0xcfb5cb12dead1b01b60771ef099e70fcf9ee3b6fd8c452540f21bc0f17edf5b9,0,97768968,88.0,1748233581452271,Staked ICX,0.1103704625,sICX,0,1,2025-05-26
cxf61cd5a45dc9f91c15aa65831a30a90d59a09619,cxd82fb5d3effecd8c9071a4bba3856ad7222c4b91,hx5d8a28197b7c0fd9a38070a8303f8373c52456c1,0x48377eb4e0f0cf1a,0x13a12c9192482f681739b97d317c15f5842723a75b96510be1d86c4b44fd2986,6,97768950,5.203767209782988,1748233545540276,Balance Token,0.161051475,BALN,0,1,2025-05-26
cx88fd7df7ddff82f7cc735c871dc519838cb235bb,cxd82fb5d3effecd8c9071a4bba3856ad7222c4b91,hx5d8a28197b7c0fd9a38070a8303f8373c52456c1,0x74bff62efefc7ac8,0x13a12c9192482f681739b97d317c15f5842723a75b96510be1d86c4b44fd2986,5,97768950,8.412713310658264,1748233545540276,Balanced Dollar,0.161051475,bnUSD,0,1,2025-05-26
cx2609b924e33ef00b648a409245c7ea394c467824,cxd82fb5d3effecd8c9071a4bba3856ad7222c4b91,hx5d8a28197b7c0fd9a38070a8303f8373c52456c1,0x4c58225be433f4d0e,0x13a12c9192482f681739b97d317c15f5842723a75b96510be1d86c4b44fd2986,4,97768950,88.01895556638463,1748233545540276,Staked ICX,0.161051475,sICX,0,1,2025-05-26
cxf61cd5a45dc9f91c15aa65831a30a90d59a09619,cx9345f80d6c98357ccbb70392b14162199c2c5f66,cxd82fb5d3effecd8c9071a4bba3856ad7222c4b91,0x8080207a2f5e92,0x13a12c9192482f681739b97d317c15f5842723a75b96510be1d86c4b44fd2986,3,97768950,0.03616967399619752,1748233545540276,Balance Token,0.161051475,BALN,0,1,2025-05-26
cx2609b924e33ef00b648a409245c7ea394c467824,cx9345f80d6c98357ccbb70392b14162199c2c5f66,cxd82fb5d3effecd8c9071a4bba3856ad7222c4b91,0x871015bb0822070,0x13a12c9192482f681739b97d317c15f5842723a75b96510be1d86c4b44fd2986,2,97768950,0.6082689179866974,1748233545540276,Staked ICX,0.161051475,sICX,0,1,2025-05-26
cx88fd7df7ddff82f7cc735c871dc519838cb235bb,hx0000000000000000000000000000000000000000,cx5faae53c4dbd1fbe4a2eb4aab6565030f10da5c6,0x0,0x13a12c9192482f681739b97d317c15f5842723a75b96510be1d86c4b44fd2986,1,97768950,0.0,1748233545540276,Balanced Dollar,0.161051475,bnUSD,0,1,2025-05-26
cx88fd7df7ddff82f7cc735c871dc519838cb235bb,hx0000000000000000000000000000000000000000,cxd82fb5d3effecd8c9071a4bba3856ad7222c4b91,0xcf4b6b3acd72fa,0x13a12c9192482f681739b97d317c15f5842723a75b96510be1d86c4b44fd2986,0,97768950,0.058348244099232505,1748233545540276,Balanced Dollar,0.161051475,bnUSD,0,1,2025-05-26
cxf61cd5a45dc9f91c15aa65831a30a90d59a09619,cx9345f80d6c98357ccbb70392b14162199c2c5f66,cxd82fb5d3effecd8c9071a4bba3856ad7222c4b91,0x13d78c8b565f8b4,0x953a57fbfba841a0be41be95898cc21984e78bdff3f37c82bf1badaffc4ed1bc,4,97768933,0.08936037104942918,1748233511385622,Balance Token,0.1308108,BALN,0,1,2025-05-26
cx2609b924e33ef00b648a409245c7ea394c467824,cx9345f80d6c98357ccbb70392b14162199c2c5f66,cxd82fb5d3effecd8c9071a4bba3856ad7222c4b91,0x14daf44bf0508c60,0x953a57fbfba841a0be41be95898cc21984e78bdff3f37c82bf1badaffc4ed1bc,3,97768933,1.502782032673017,1748233511385622,Staked ICX,0.1308108,sICX,0,1,2025-05-26
cx88fd7df7ddff82f7cc735c871dc519838cb235bb,hx0000000000000000000000000000000000000000,cx5faae53c4dbd1fbe4a2eb4aab6565030f10da5c6,0x0,0x953a57fbfba841a0be41be95898cc21984e78bdff3f37c82bf1badaffc4ed1bc,2,97768933,0.0,1748233511385622,Balanced Dollar,0.1308108,bnUSD,0,1,2025-05-26
cx88fd7df7ddff82f7cc735c871dc519838cb235bb,hx0000000000000000000000000000000000000000,cxd82fb5d3effecd8c9071a4bba3856ad7222c4b91,0x1fe991565ef701c,0x953a57fbfba841a0be41be95898cc21984e78bdff3f37c82bf1badaffc4ed1bc,1,97768933,0.14372055530598812,1748233511385622,Balanced Dollar,0.1308108,bnUSD,0,1,2025-05-26
cx88fd7df7ddff82f7cc735c871dc519838cb235bb,hxfb23be60d27fba8c5f9e279e2d7dc75b117e9de7,cxd82fb5d3effecd8c9071a4bba3856ad7222c4b91,0xeac3093bd9a74038,0x953a57fbfba841a0be41be95898cc21984e78bdff3f37c82bf1badaffc4ed1bc,0,97768933,16.916374777993052,1748233511385622,Balanced Dollar,0.1308108,bnUSD,0,1,2025-05-26
cx88fd7df7ddff82f7cc735c871dc519838cb235bb,cx21e94c08c03daee80c25d8ee3ea22a20786ec231,hxfb23be60d27fba8c5f9e279e2d7dc75b117e9de7,0x91f68a2432222425,0xf2e060eb865e3b414467d6396843ea7036c187d4777c475c895412da1c9d2964,6,97768911,10.517745867834925,1748233467320238,Balanced Dollar,0.1717970125,bnUSD,0,1,2025-05-26
cx88fd7df7ddff82f7cc735c871dc519838cb235bb,cxa0af3165c08318e988cb30993b3048335b94af6c,cx5faae53c4dbd1fbe4a2eb4aab6565030f10da5c6,0x3837c30833834c,0xf2e060eb865e3b414467d6396843ea7036c187d4777c475c895412da1c9d2964,4,97768911,0.015823909491540812,1748233467320238,Balanced Dollar,0.1717970125,bnUSD,0,1,2025-05-26
cx88fd7df7ddff82f7cc735c871dc519838cb235bb,cxa0af3165c08318e988cb30993b3048335b94af6c,cx21e94c08c03daee80c25d8ee3ea22a20786ec231,0x91f68a2432222425,0xf2e060eb865e3b414467d6396843ea7036c187d4777c475c895412da1c9d2964,3,97768911,10.517745867834925,1748233467320238,Balanced Dollar,0.1717970125,bnUSD,0,1,2025-05-26
cx2609b924e33ef00b648a409245c7ea394c467824,cx21e94c08c03daee80c25d8ee3ea22a20786ec231,cxa0af3165c08318e988cb30993b3048335b94af6c,0x3b652889df10d13ad,0xf2e060eb865e3b414467d6396843ea7036c187d4777c475c895412da1c9d2964,2,97768911,68.47794549605722,1748233467320238,Staked ICX,0.1717970125,sICX,0,1,2025-05-26
cx2609b924e33ef00b648a409245c7ea394c467824,hxfb23be60d27fba8c5f9e279e2d7dc75b117e9de7,cx21e94c08c03daee80c25d8ee3ea22a20786ec231,0x3b652889df10d13ad,0xf2e060eb865e3b414467d6396843ea7036c187d4777c475c895412da1c9d2964,1,97768911,68.47794549605722,1748233467320238,Staked ICX,0.1717970125,sICX,0,1,2025-05-26
cxf61cd5a45dc9f91c15aa65831a30a90d59a09619,cxd82fb5d3effecd8c9071a4bba3856ad7222c4b91,hxfb23be60d27fba8c5f9e279e2d7dc75b117e9de7,0x36ec1b48d6b38ef7,0x07f350f66925c33238606d98ce9dd3edbdec89e2304584321d875f91a44b0851,12,97768891,3.9575681722055105,1748233427257535,Balance Token,0.264627425,BALN,0,1,2025-05-26
cx88fd7df7ddff82f7cc735c871dc519838cb235bb,cxd82fb5d3effecd8c9071a4bba3856ad7222c4b91,hxfb23be60d27fba8c5f9e279e2d7dc75b117e9de7,0x58cc7f17a7851c13,0x07f350f66925c33238606d98ce9dd3edbdec89e2304584321d875f91a44b0851,11,97768891,6.398628910158126,1748233427257535,Balanced Dollar,0.264627425,bnUSD,0,1,2025-05-26
cx2609b924e33ef00b648a409245c7ea394c467824,cxd82fb5d3effecd8c9071a4bba3856ad7222c4b91,hxfb23be60d27fba8c5f9e279e2d7dc75b117e9de7,0x392fecfd1b1679519,0x07f350f66925c33238606d98ce9dd3edbdec89e2304584321d875f91a44b0851,10,97768891,65.93236409428211,1748233427257535,Staked ICX,0.264627425,sICX,0,1,2025-05-26
cxf61cd5a45dc9f91c15aa65831a30a90d59a09619,cx9345f80d6c98357ccbb70392b14162199c2c5f66,cxd82fb5d3effecd8c9071a4bba3856ad7222c4b91,0xc2d8de6c182e0b9e,0x07f350f66925c33238606d98ce9dd3edbdec89e2304584321d875f91a44b0851,8,97768891,14.040216394171026,1748233427257535,Balance Token,0.264627425,BALN,0,1,2025-05-26
cx2609b924e33ef00b648a409245c7ea394c467824,cx9345f80d6c98357ccbb70392b14162199c2c5f66,cxd82fb5d3effecd8c9071a4bba3856ad7222c4b91,0xcccc3698f3af5c610,0x07f350f66925c33238606d98ce9dd3edbdec89e2304584321d875f91a44b0851,7,97768891,236.11568175260092,1748233427257535,Staked ICX,0.264627425,sICX,0,1,2025-05-26
cx88fd7df7ddff82f7cc735c871dc519838cb235bb,cx203d9cd2a669be67177e997b8948ce2c35caffae,cx835b300dcfe01f0bdb794e134a0c5628384f4367,0x48f942f78264f85,0x07f350f66925c33238606d98ce9dd3edbdec89e2304584321d875f91a44b0851,5,97768891,0.32864422942148597,1748233427257535,Balanced Dollar,0.264627425,bnUSD,0,1,2025-05-26
cx88fd7df7ddff82f7cc735c871dc519838cb235bb,cx5faae53c4dbd1fbe4a2eb4aab6565030f10da5c6,cx203d9cd2a669be67177e997b8948ce2c35caffae,0x683f843d036babf,0x07f350f66925c33238606d98ce9dd3edbdec89e2304584321d875f91a44b0851,3,97768891,0.4694917563164085,1748233427257535,Balanced Dollar,0.264627425,bnUSD,0,1,2025-05-26
cx88fd7df7ddff82f7cc735c871dc519838cb235bb,cx5faae53c4dbd1fbe4a2eb4aab6565030f10da5c6,cxdc30a0d3a1f131565c071272a20bc0b06fd4c17b,0x683f843d036babf,0x07f350f66925c33238606d98ce9dd3edbdec89e2304584321d875f91a44b0851,2,97768891,0.4694917563164085,1748233427257535,Balanced Dollar,0.264627425,bnUSD,0,1,2025-05-26
cx88fd7df7ddff82f7cc735c871dc519838cb235bb,hx0000000000000000000000000000000000000000,cx5faae53c4dbd1fbe4a2eb4aab6565030f10da5c6,0x0,0x07f350f66925c33238606d98ce9dd3edbdec89e2304584321d875f91a44b0851,1,97768891,0.0,1748233427257535,Balanced Dollar,0.264627425,bnUSD,0,1,2025-05-26
cx88fd7df7ddff82f7cc735c871dc519838cb235bb,hx0000000000000000000000000000000000000000,cxd82fb5d3effecd8c9071a4bba3856ad7222c4b91,0x139c8df34de378778,0x07f350f66925c33238606d98ce9dd3edbdec89e2304584321d875f91a44b0851,0,97768891,22.61056734737305,1748233427257535,Balanced Dollar,0.264627425,bnUSD,0,1,2025-05-26
cx2609b924e33ef00b648a409245c7ea394c467824,cx43e2eec79eb76293c298f2b17aec06097be606e0,hx0000000000000000000000000000000000000000,0x4be2310e5d1188435d9,0x445e2bedc302f93b6e5fa1393071598f86b7286f6b60152363bab59236b87052,1,97768758,22396.874077560573,1748233161213996,Staked ICX,0.0854929125,sICX,0,1,2025-05-26
cx2609b924e33ef00b648a409245c7ea394c467824,hxd75467e3e4ce64e3424c747dfb71503017440433,cx43e2eec79eb76293c298f2b17aec06097be606e0,0x4be2310e5d1188435d9,0x445e2bedc302f93b6e5fa1393071598f86b7286f6b60152363bab59236b87052,0,97768758,22396.874077560573,1748233161213996,Staked ICX,0.0854929125,sICX,0,1,2025-05-26
cx2609b924e33ef00b648a409245c7ea394c467824,cx21e94c08c03daee80c25d8ee3ea22a20786ec231,hxd75467e3e4ce64e3424c747dfb71503017440433,0x3293b4c72395af13dcc,0xf795f88ae81323307eec5d2842a98bfc9030166b323602db615b79971ae14145,13,97768745,14927.68887136816,1748233135225716,Staked ICX,0.289036725,sICX,0,1,2025-05-26
cx2609b924e33ef00b648a409245c7ea394c467824,cx203d9cd2a669be67177e997b8948ce2c35caffae,cx835b300dcfe01f0bdb794e134a0c5628384f4367,0x6ed093868c65edf2,0xf795f88ae81323307eec5d2842a98bfc9030166b323602db615b79971ae14145,10,97768745,7.98504434541828,1748233135225716,Staked ICX,0.289036725,sICX,0,1,2025-05-26
cx2609b924e33ef00b648a409245c7ea394c467824,cx5faae53c4dbd1fbe4a2eb4aab6565030f10da5c6,cx203d9cd2a669be67177e997b8948ce2c35caffae,0x9e4e899ba3ff53ed,0xf795f88ae81323307eec5d2842a98bfc9030166b323602db615b79971ae14145,7,97768745,11.407206207740401,1748233135225716,Staked ICX,0.289036725,sICX,0,1,2025-05-26
cx2609b924e33ef00b648a409245c7ea394c467824,cx5faae53c4dbd1fbe4a2eb4aab6565030f10da5c6,cxdc30a0d3a1f131565c071272a20bc0b06fd4c17b,0x9e4e899ba3ff53ec,0xf795f88ae81323307eec5d2842a98bfc9030166b323602db615b79971ae14145,5,97768745,11.407206207740401,1748233135225716,Staked ICX,0.289036725,sICX,0,1,2025-05-26
cx2609b924e33ef00b648a409245c7ea394c467824,cxa0af3165c08318e988cb30993b3048335b94af6c,cx5faae53c4dbd1fbe4a2eb4aab6565030f10da5c6,0x136e4cf6569875341,0xf795f88ae81323307eec5d2842a98bfc9030166b323602db615b79971ae14145,4,97768745,22.402258480916814,1748233135225716,Staked ICX,0.289036725,sICX,0,1,2025-05-26
cx2609b924e33ef00b648a409245c7ea394c467824,cxa0af3165c08318e988cb30993b3048335b94af6c,cx21e94c08c03daee80c25d8ee3ea22a20786ec231,0x3293b4c72395af13dcc,0xf795f88ae81323307eec5d2842a98bfc9030166b323602db615b79971ae14145,3,97768745,14927.68887136816,1748233135225716,Staked ICX,0.289036725,sICX,0,1,2025-05-26
cx3975b43d260fb8ec802cef6e60c2f4d07486f11d,cx21e94c08c03daee80c25d8ee3ea22a20786ec231,cxa0af3165c08318e988cb30993b3048335b94af6c,0x43c33c1937564800000,0xf795f88ae81323307eec5d2842a98bfc9030166b323602db615b79971ae14145,2,97768745,20000.0,1748233135225716,Wrapped ICX,0.289036725,wICX,0,1,2025-05-26
cx3975b43d260fb8ec802cef6e60c2f4d07486f11d,hxd75467e3e4ce64e3424c747dfb71503017440433,cx21e94c08c03daee80c25d8ee3ea22a20786ec231,0x43c33c1937564800000,0xf795f88ae81323307eec5d2842a98bfc9030166b323602db615b79971ae14145,1,97768745,20000.0,1748233135225716,Wrapped ICX,0.289036725,wICX,0,1,2025-05-26
cx3975b43d260fb8ec802cef6e60c2f4d07486f11d,hx0000000000000000000000000000000000000000,hxd75467e3e4ce64e3424c747dfb71503017440433,0x43c33c1937564800000,0xf795f88ae81323307eec5d2842a98bfc9030166b323602db615b79971ae14145,0,97768745,20000.0,1748233135225716,Wrapped ICX,0.289036725,wICX,0,1,2025-05-26
cx7baf94bd53b505353285ee4c4c050f9703581703,hx9645117f1b0c7181a126c7f4f222caefc6ee7a61,hx9645117f1b0c7181a126c7f4f222caefc6ee7a61,0x0,0x0ed64e6858f48fa41fc22f91db12b6ac59babbc4cd8986fb416d5580148da24f,2,97768727,0.0,1748233099193878,unknown_token,0.1270268125,$unknown,31,1,2025-05-26
cx7baf94bd53b505353285ee4c4c050f9703581703,hx9645117f1b0c7181a126c7f4f222caefc6ee7a61,hx9645117f1b0c7181a126c7f4f222caefc6ee7a61,0x0,0x0ed64e6858f48fa41fc22f91db12b6ac59babbc4cd8986fb416d5580148da24f,1,97768727,0.0,1748233099193878,unknown_token,0.1270268125,$unknown,16,1,2025-05-26
cx288d13e1b63563459a2ac6179f237711f6851cb5,cx21e94c08c03daee80c25d8ee3ea22a20786ec231,hx1adc2b41608d81704d775ff143f43ab6efe0d792,0x3a1d842eb954f5,0x397518a9965d56daefb29958a46341881889a5d52060ed6a4bdeeab54fc412a5,5,97767720,0.01635800220600447,1748231075134891,Ethereum,0.086128425,ETH,0,1,2025-05-26
cx88fd7df7ddff82f7cc735c871dc519838cb235bb,cxa0af3165c08318e988cb30993b3048335b94af6c,cx5faae53c4dbd1fbe4a2eb4aab6565030f10da5c6,0xdf600306fcadc3,0x397518a9965d56daefb29958a46341881889a5d52060ed6a4bdeeab54fc412a5,3,97767720,0.06287448592486752,1748231075134891,Balanced Dollar,0.086128425,bnUSD,0,1,2025-05-26
cx288d13e1b63563459a2ac6179f237711f6851cb5,cxa0af3165c08318e988cb30993b3048335b94af6c,cx21e94c08c03daee80c25d8ee3ea22a20786ec231,0x3a1d842eb954f5,0x397518a9965d56daefb29958a46341881889a5d52060ed6a4bdeeab54fc412a5,2,97767720,0.01635800220600447,1748231075134891,Ethereum,0.086128425,ETH,0,1,2025-05-26
cx88fd7df7ddff82f7cc735c871dc519838cb235bb,cx21e94c08c03daee80c25d8ee3ea22a20786ec231,cxa0af3165c08318e988cb30993b3048335b94af6c,0x245b4b28cdcaf2e0f,0x397518a9965d56daefb29958a46341881889a5d52060ed6a4bdeeab54fc412a5,1,97767720,41.916323949911686,1748231075134891,Balanced Dollar,0.086128425,bnUSD,0,1,2025-05-26
cx88fd7df7ddff82f7cc735c871dc519838cb235bb,hx1adc2b41608d81704d775ff143f43ab6efe0d792,cx21e94c08c03daee80c25d8ee3ea22a20786ec231,0x245b4b28cdcaf2e0f,0x397518a9965d56daefb29958a46341881889a5d52060ed6a4bdeeab54fc412a5,0,97767720,41.916323949911686,1748231075134891,Balanced Dollar,0.086128425,bnUSD,0,1,2025-05-26
cx88fd7df7ddff82f7cc735c871dc519838cb235bb,hx0000000000000000000000000000000000000000,cx5faae53c4dbd1fbe4a2eb4aab6565030f10da5c6,0x8503343cbb8a68,0x23fb0c5fab2657c6769123387b51dd286daba61238e5d59936fc60252e4a0af7,3,97767703,0.03743969479462359,1748231041125075,Balanced Dollar,0.102436225,bnUSD,0,1,2025-05-26
cx88fd7df7ddff82f7cc735c871dc519838cb235bb,cx66d4d90f5f113eba575bf793570135f9b10cece1,hx1adc2b41608d81704d775ff143f43ab6efe0d792,0x103ca42069e4a540d,0x23fb0c5fab2657c6769123387b51dd286daba61238e5d59936fc60252e4a0af7,1,97767703,18.719847397311796,1748231041125075,Balanced Dollar,0.102436225,bnUSD,0,1,2025-05-26
cx88fd7df7ddff82f7cc735c871dc519838cb235bb,hx0000000000000000000000000000000000000000,cx66d4d90f5f113eba575bf793570135f9b10cece1,0x103ca42069e4a540d,0x23fb0c5fab2657c6769123387b51dd286daba61238e5d59936fc60252e4a0af7,0,97767703,18.719847397311796,1748231041125075,Balanced Dollar,0.102436225,bnUSD,0,1,2025-05-26
cx88fd7df7ddff82f7cc735c871dc519838cb235bb,hx0000000000000000000000000000000000000000,cx5faae53c4dbd1fbe4a2eb4aab6565030f10da5c6,0xa4d22521eab29c,0xe7ae565683f8c94e906e988cbe1eb4b202e9f84708a3ae3bbd6605717246e028,3,97767684,0.04639295310519977,1748231003106693,Balanced Dollar,0.1022926875,bnUSD,0,1,2025-05-26
cx88fd7df7ddff82f7cc735c871dc519838cb235bb,cx66d4d90f5f113eba575bf793570135f9b10cece1,hx1adc2b41608d81704d775ff143f43ab6efe0d792,0x141ea70863e64da02,0xe7ae565683f8c94e906e988cbe1eb4b202e9f84708a3ae3bbd6605717246e028,1,97767684,23.196476552599886,1748231003106693,Balanced Dollar,0.1022926875,bnUSD,0,1,2025-05-26
cx88fd7df7ddff82f7cc735c871dc519838cb235bb,hx0000000000000000000000000000000000000000,cx66d4d90f5f113eba575bf793570135f9b10cece1,0x141ea70863e64da02,0xe7ae565683f8c94e906e988cbe1eb4b202e9f84708a3ae3bbd6605717246e028,0,97767684,23.196476552599886,1748231003106693,Balanced Dollar,0.1022926875,bnUSD,0,1,2025-05-26
cx2d552c485ec8bcaa75aac02424e2aca6ffdb2f1b,cx21e94c08c03daee80c25d8ee3ea22a20786ec231,hx2debd9ec927cca1639da8d3518dd9dbf1cdfb357,0x9b6e092a87f6ea9,0xbfce0d5d2a5452de34c5dfd37cb886ad5cddde804772865519f584dd7e839f97,5,97767597,0.6999937125994615,1748230827974761,Binance Coin,0.088269025,BNB,0,1,2025-05-26
cx88fd7df7ddff82f7cc735c871dc519838cb235bb,cxa0af3165c08318e988cb30993b3048335b94af6c,cx5faae53c4dbd1fbe4a2eb4aab6565030f10da5c6,0x9c252a08bb48cb0,0xbfce0d5d2a5452de34c5dfd37cb886ad5cddde804772865519f584dd7e839f97,3,97767597,0.7032153413153291,1748230827974761,Balanced Dollar,0.088269025,bnUSD,0,1,2025-05-26
cx2d552c485ec8bcaa75aac02424e2aca6ffdb2f1b,cxa0af3165c08318e988cb30993b3048335b94af6c,cx21e94c08c03daee80c25d8ee3ea22a20786ec231,0x9b6e092a87f6ea9,0xbfce0d5d2a5452de34c5dfd37cb886ad5cddde804772865519f584dd7e839f97,2,97767597,0.6999937125994615,1748230827974761,Binance Coin,0.088269025,BNB,0,1,2025-05-26
cx88fd7df7ddff82f7cc735c871dc519838cb235bb,cx21e94c08c03daee80c25d8ee3ea22a20786ec231,cxa0af3165c08318e988cb30993b3048335b94af6c,0x196a0c82167b83b500,0xbfce0d5d2a5452de34c5dfd37cb886ad5cddde804772865519f584dd7e839f97,1,97767597,468.8102275435528,1748230827974761,Balanced Dollar,0.088269025,bnUSD,0,1,2025-05-26
cx88fd7df7ddff82f7cc735c871dc519838cb235bb,hx2debd9ec927cca1639da8d3518dd9dbf1cdfb357,cx21e94c08c03daee80c25d8ee3ea22a20786ec231,0x196a0c82167b83b500,0xbfce0d5d2a5452de34c5dfd37cb886ad5cddde804772865519f584dd7e839f97,0,97767597,468.8102275435528,1748230827974761,Balanced Dollar,0.088269025,bnUSD,0,1,2025-05-26
cx3975b43d260fb8ec802cef6e60c2f4d07486f11d,hx28108b8ebbfbd1708c8d3326cb606c210e384c79,hx0000000000000000000000000000000000000000,0xf3b85d98f7d5c5c62,0x05abd5cee449661db0a940c2660aa861022f6763150afa370f140814ac876925,6,97767596,280.99023453609027,1748230825828886,Wrapped ICX,0.09153095,wICX,0,1,2025-05-26
cx3975b43d260fb8ec802cef6e60c2f4d07486f11d,cx21e94c08c03daee80c25d8ee3ea22a20786ec231,hx28108b8ebbfbd1708c8d3326cb606c210e384c79,0xf3b85d98f7d5c5c62,0x05abd5cee449661db0a940c2660aa861022f6763150afa370f140814ac876925,5,97767596,280.99023453609027,1748230825828886,Wrapped ICX,0.09153095,wICX,0,1,2025-05-26
cx2609b924e33ef00b648a409245c7ea394c467824,cxa0af3165c08318e988cb30993b3048335b94af6c,cx5faae53c4dbd1fbe4a2eb4aab6565030f10da5c6,0x4672df4e81042b8,0x05abd5cee449661db0a940c2660aa861022f6763150afa370f140814ac876925,3,97767596,0.3172728286415592,1748230825828886,Staked ICX,0.09153095,sICX,0,1,2025-05-26
cx3975b43d260fb8ec802cef6e60c2f4d07486f11d,cxa0af3165c08318e988cb30993b3048335b94af6c,cx21e94c08c03daee80c25d8ee3ea22a20786ec231,0xf3b85d98f7d5c5c62,0x05abd5cee449661db0a940c2660aa861022f6763150afa370f140814ac876925,2,97767596,280.99023453609027,1748230825828886,Wrapped ICX,0.09153095,wICX,0,1,2025-05-26
cx2609b924e33ef00b648a409245c7ea394c467824,cx21e94c08c03daee80c25d8ee3ea22a20786ec231,cxa0af3165c08318e988cb30993b3048335b94af6c,0xb775d031c55031714,0x05abd5cee449661db0a940c2660aa861022f6763150afa370f140814ac876925,1,97767596,211.5152190943728,1748230825828886,Staked ICX,0.09153095,sICX,0,1,2025-05-26
cx2609b924e33ef00b648a409245c7ea394c467824,hx28108b8ebbfbd1708c8d3326cb606c210e384c79,cx21e94c08c03daee80c25d8ee3ea22a20786ec231,0xb775d031c55031714,0x05abd5cee449661db0a940c2660aa861022f6763150afa370f140814ac876925,0,97767596,211.5152190943728,1748230825828886,Staked ICX,0.09153095,sICX,0,1,2025-05-26
cx2609b924e33ef00b648a409245c7ea394c467824,cx66d4d90f5f113eba575bf793570135f9b10cece1,hx28108b8ebbfbd1708c8d3326cb606c210e384c79,0xb775d031c55031714,0xd1e1cd8ff83ba146537e2c45af216b0d523077fd0dd4fd1c28e25a8cc7406dce,1,97767578,211.5152190943728,1748230789778630,Staked ICX,0.10923755,sICX,0,1,2025-05-26
cx2609b924e33ef00b648a409245c7ea394c467824,cx21e94c08c03daee80c25d8ee3ea22a20786ec231,hx4f56b2b11cf299e00b640a10dddc2fac260004b7,0x36b411cf52995653c,0xc37addbefddb455a3afcfaa14a30a69d83665a34b5b6b06962b41e1f35015f02,5,97767494,63.06872249596336,1748230622092120,Staked ICX,0.1053100875,sICX,0,1,2025-05-26
cx2609b924e33ef00b648a409245c7ea394c467824,cxa0af3165c08318e988cb30993b3048335b94af6c,cx5faae53c4dbd1fbe4a2eb4aab6565030f10da5c6,0x15115dcf66711e0,0xc37addbefddb455a3afcfaa14a30a69d83665a34b5b6b06962b41e1f35015f02,3,97767494,0.0948811059224294,1748230622092120,Staked ICX,0.1053100875,sICX,0,1,2025-05-26
cx2609b924e33ef00b648a409245c7ea394c467824,cxa0af3165c08318e988cb30993b3048335b94af6c,cx21e94c08c03daee80c25d8ee3ea22a20786ec231,0x36b411cf52995653c,0xc37addbefddb455a3afcfaa14a30a69d83665a34b5b6b06962b41e1f35015f02,2,97767494,63.06872249596336,1748230622092120,Staked ICX,0.1053100875,sICX,0,1,2025-05-26
cxf61cd5a45dc9f91c15aa65831a30a90d59a09619,cx21e94c08c03daee80c25d8ee3ea22a20786ec231,cxa0af3165c08318e988cb30993b3048335b94af6c,0x78459590bbb964a5a,0xc37addbefddb455a3afcfaa14a30a69d83665a34b5b6b06962b41e1f35015f02,1,97767494,138.6639601088273,1748230622092120,Balance Token,0.1053100875,BALN,0,1,2025-05-26
cxf61cd5a45dc9f91c15aa65831a30a90d59a09619,hx4f56b2b11cf299e00b640a10dddc2fac260004b7,cx21e94c08c03daee80c25d8ee3ea22a20786ec231,0x78459590bbb964a5a,0xc37addbefddb455a3afcfaa14a30a69d83665a34b5b6b06962b41e1f35015f02,0,97767494,138.6639601088273,1748230622092120,Balance Token,0.1053100875,BALN,0,1,2025-05-26
cx2609b924e33ef00b648a409245c7ea394c467824,cxa0af3165c08318e988cb30993b3048335b94af6c,hx4f56b2b11cf299e00b640a10dddc2fac260004b7,0x1,0xf1fc408ec9d9c1100d64c0d856e42f2a3c08104d1e208391efb3f83db9a58d6d,3,97767466,1e-18,1748230565696020,Staked ICX,0.043754125,sICX,0,1,2025-05-26
cx2609b924e33ef00b648a409245c7ea394c467824,hx4f56b2b11cf299e00b640a10dddc2fac260004b7,cxa0af3165c08318e988cb30993b3048335b94af6c,0x4d636025c0b19ed182,0x06ff8231407b52f8a0b236b32e611ef4ffeb856d7d8c297cf5a01d7423aa734d,0,97767460,1427.5600585926984,1748230553702417,Staked ICX,0.03120455,sICX,0,1,2025-05-26
cx3975b43d260fb8ec802cef6e60c2f4d07486f11d,hx4f56b2b11cf299e00b640a10dddc2fac260004b7,cxa0af3165c08318e988cb30993b3048335b94af6c,0x671ed1d03dae69b5fa,0x713faa0881baa216ae84218dd91bf4f6ad531b7ed93dfbd43ae35719323939dc,1,97767456,1902.2354246466919,1748230545738958,Wrapped ICX,0.0165693375,wICX,0,1,2025-05-26
cx3975b43d260fb8ec802cef6e60c2f4d07486f11d,hx0000000000000000000000000000000000000000,hx4f56b2b11cf299e00b640a10dddc2fac260004b7,0x671ed1d03dae69b5fa,0x713faa0881baa216ae84218dd91bf4f6ad531b7ed93dfbd43ae35719323939dc,0,97767456,1902.2354246466919,1748230545738958,Wrapped ICX,0.0165693375,wICX,0,1,2025-05-26
cxf61cd5a45dc9f91c15aa65831a30a90d59a09619,cx10d59e8103ab44635190bd4139dbfd682fa2d07e,hx4f56b2b11cf299e00b640a10dddc2fac260004b7,0x1f225b82cc87c5345,0xe445bed482ac38f84ca06b8c6e95e766e529e868f2729a324dbfc014c244c1e5,3,97767445,35.89529890750807,1748230523716278,Balance Token,0.0909712375,BALN,0,1,2025-05-26
cx2609b924e33ef00b648a409245c7ea394c467824,cx10d59e8103ab44635190bd4139dbfd682fa2d07e,hx4f56b2b11cf299e00b640a10dddc2fac260004b7,0x4d636025c0b19ed181,0xe445bed482ac38f84ca06b8c6e95e766e529e868f2729a324dbfc014c244c1e5,1,97767445,1427.5600585926984,1748230523716278,Staked ICX,0.0909712375,sICX,0,1,2025-05-26
cx2609b924e33ef00b648a409245c7ea394c467824,cx43e2eec79eb76293c298f2b17aec06097be606e0,hx0000000000000000000000000000000000000000,0x3267bd966469e540000,0x065dca75c86dd54e95e3052d26c45a76e1b1292006af63fe8b6122c9e948ecb8,1,97767331,14877.0,1748230295651708,Staked ICX,0.0855624,sICX,0,1,2025-05-26
cx2609b924e33ef00b648a409245c7ea394c467824,hxc1718c79947e0f673296218b5b23adbd9a3b38a8,cx43e2eec79eb76293c298f2b17aec06097be606e0,0x3267bd966469e540000,0x065dca75c86dd54e95e3052d26c45a76e1b1292006af63fe8b6122c9e948ecb8,0,97767331,14877.0,1748230295651708,Staked ICX,0.0855624,sICX,0,1,2025-05-26
cx88fd7df7ddff82f7cc735c871dc519838cb235bb,cxa09dbb60dcb62fffbd232b6eae132d730a2aafa6,cx21e94c08c03daee80c25d8ee3ea22a20786ec231,0xf1a35332eaf711000,0x407adaaf10b7c7b71367747d3b89119746adbfc74815ddf60a4e4e0644d657ab,5,97767237,278.589633,1748230107540220,Balanced Dollar,0.0922769,bnUSD,0,1,2025-05-26
cx88fd7df7ddff82f7cc735c871dc519838cb235bb,hx0000000000000000000000000000000000000000,cxa09dbb60dcb62fffbd232b6eae132d730a2aafa6,0xf1a35332eaf711000,0x407adaaf10b7c7b71367747d3b89119746adbfc74815ddf60a4e4e0644d657ab,4,97767237,278.589633,1748230107540220,Balanced Dollar,0.0922769,bnUSD,0,1,2025-05-26
cx22319ac7f412f53eabe3c9827acf5e27e9c6a95f,cx21e94c08c03daee80c25d8ee3ea22a20786ec231,cxa09dbb60dcb62fffbd232b6eae132d730a2aafa6,0x109af0c1,0x407adaaf10b7c7b71367747d3b89119746adbfc74815ddf60a4e4e0644d657ab,3,97767237,278.589633,1748230107540220,USDC,0.0922769,USDC,0,1,2025-05-26
cx22319ac7f412f53eabe3c9827acf5e27e9c6a95f,hx0000000000000000000000000000000000000000,cx21e94c08c03daee80c25d8ee3ea22a20786ec231,0x109af0c1,0x407adaaf10b7c7b71367747d3b89119746adbfc74815ddf60a4e4e0644d657ab,1,97767237,278.589633,1748230107540220,USDC,0.0922769,USDC,0,1,2025-05-26
cxf61cd5a45dc9f91c15aa65831a30a90d59a09619,hx6b7a384f7de6be634f3fcc05a6bf1e6225999c67,cxe0252e6c1fe4040412811d83d13979e335287e45,0x4eee0f1dc808c0000,0x3f048de718f3841b3525e64ebb426548adf8bef53914e6d524a4a8db5e68ca45,0,97767187,91.0,1748230007500152,Balance Token,0.0683586875,BALN,0,1,2025-05-26
cxf61cd5a45dc9f91c15aa65831a30a90d59a09619,cxe0252e6c1fe4040412811d83d13979e335287e45,hx6b7a384f7de6be634f3fcc05a6bf1e6225999c67,0x4eee0f1dc808c0000,0x5616ce9e4e94660cdacbbf3081f55d354d2fceba2377f0b897ebdfadbc43e771,0,97767166,91.0,1748229964298611,Balance Token,0.0740931125,BALN,0,1,2025-05-26
cx3975b43d260fb8ec802cef6e60c2f4d07486f11d,hx1adc2b41608d81704d775ff143f43ab6efe0d792,hx0000000000000000000000000000000000000000,0x1bad2f9d4185698f0e,0x60b8d15d44281cf3416964dc331cb23e73c6a30e0e56559a216bd20ecf3b8390,17,97766900,510.54145598736153,1748229431022483,Wrapped ICX,0.3528916625,wICX,0,1,2025-05-26
cx3975b43d260fb8ec802cef6e60c2f4d07486f11d,cx21e94c08c03daee80c25d8ee3ea22a20786ec231,hx1adc2b41608d81704d775ff143f43ab6efe0d792,0x1bad2f9d4185698f0e,0x60b8d15d44281cf3416964dc331cb23e73c6a30e0e56559a216bd20ecf3b8390,16,97766900,510.54145598736153,1748229431022483,Wrapped ICX,0.3528916625,wICX,0,1,2025-05-26
cx2609b924e33ef00b648a409245c7ea394c467824,cx203d9cd2a669be67177e997b8948ce2c35caffae,cx835b300dcfe01f0bdb794e134a0c5628384f4367,0x2ccbba687c00a04,0x60b8d15d44281cf3416964dc331cb23e73c6a30e0e56559a216bd20ecf3b8390,13,97766900,0.20174240724130457,1748229431022483,Staked ICX,0.3528916625,sICX,0,1,2025-05-26
cx2609b924e33ef00b648a409245c7ea394c467824,cx5faae53c4dbd1fbe4a2eb4aab6565030f10da5c6,cx203d9cd2a669be67177e997b8948ce2c35caffae,0x3ffe7802fa4a099,0x60b8d15d44281cf3416964dc331cb23e73c6a30e0e56559a216bd20ecf3b8390,10,97766900,0.2882034389161494,1748229431022483,Staked ICX,0.3528916625,sICX,0,1,2025-05-26
cx2609b924e33ef00b648a409245c7ea394c467824,cx5faae53c4dbd1fbe4a2eb4aab6565030f10da5c6,cxdc30a0d3a1f131565c071272a20bc0b06fd4c17b,0x3ffe7802fa4a098,0x60b8d15d44281cf3416964dc331cb23e73c6a30e0e56559a216bd20ecf3b8390,8,97766900,0.2882034389161494,1748229431022483,Staked ICX,0.3528916625,sICX,0,1,2025-05-26
cx2609b924e33ef00b648a409245c7ea394c467824,cxa0af3165c08318e988cb30993b3048335b94af6c,cx5faae53c4dbd1fbe4a2eb4aab6565030f10da5c6,0x7ffcf005f494131,0x60b8d15d44281cf3416964dc331cb23e73c6a30e0e56559a216bd20ecf3b8390,7,97766900,0.5764068778322988,1748229431022483,Staked ICX,0.3528916625,sICX,0,1,2025-05-26
cx3975b43d260fb8ec802cef6e60c2f4d07486f11d,cxa0af3165c08318e988cb30993b3048335b94af6c,cx21e94c08c03daee80c25d8ee3ea22a20786ec231,0x1bad2f9d4185698f0e,0x60b8d15d44281cf3416964dc331cb23e73c6a30e0e56559a216bd20ecf3b8390,6,97766900,510.54145598736153,1748229431022483,Wrapped ICX,0.3528916625,wICX,0,1,2025-05-26
cx2609b924e33ef00b648a409245c7ea394c467824,cx21e94c08c03daee80c25d8ee3ea22a20786ec231,cxa0af3165c08318e988cb30993b3048335b94af6c,0x14d4d5bba2cec471c9,0x60b8d15d44281cf3416964dc331cb23e73c6a30e0e56559a216bd20ecf3b8390,5,97766900,384.2712518881992,1748229431022483,Staked ICX,0.3528916625,sICX,0,1,2025-05-26
cx88fd7df7ddff82f7cc735c871dc519838cb235bb,cxa0af3165c08318e988cb30993b3048335b94af6c,cx5faae53c4dbd1fbe4a2eb4aab6565030f10da5c6,0x13c688aaf15fe07,0x60b8d15d44281cf3416964dc331cb23e73c6a30e0e56559a216bd20ecf3b8390,3,97766900,0.08906103749279694,1748229431022483,Balanced Dollar,0.3528916625,bnUSD,0,1,2025-05-26
cx2609b924e33ef00b648a409245c7ea394c467824,cxa0af3165c08318e988cb30993b3048335b94af6c,cx21e94c08c03daee80c25d8ee3ea22a20786ec231,0x14d4d5bba2cec471c9,0x60b8d15d44281cf3416964dc331cb23e73c6a30e0e56559a216bd20ecf3b8390,2,97766900,384.2712518881992,1748229431022483,Staked ICX,0.3528916625,sICX,0,1,2025-05-26
cx88fd7df7ddff82f7cc735c871dc519838cb235bb,cx21e94c08c03daee80c25d8ee3ea22a20786ec231,cxa0af3165c08318e988cb30993b3048335b94af6c,0x337fae927f3f0326f,0x60b8d15d44281cf3416964dc331cb23e73c6a30e0e56559a216bd20ecf3b8390,1,97766900,59.374024995197956,1748229431022483,Balanced Dollar,0.3528916625,bnUSD,0,1,2025-05-26
cx88fd7df7ddff82f7cc735c871dc519838cb235bb,hx1adc2b41608d81704d775ff143f43ab6efe0d792,cx21e94c08c03daee80c25d8ee3ea22a20786ec231,0x337fae927f3f0326f,0x60b8d15d44281cf3416964dc331cb23e73c6a30e0e56559a216bd20ecf3b8390,0,97766900,59.374024995197956,1748229431022483,Balanced Dollar,0.3528916625,bnUSD,0,1,2025-05-26
cx88fd7df7ddff82f7cc735c871dc519838cb235bb,cxd82fb5d3effecd8c9071a4bba3856ad7222c4b91,hx1adc2b41608d81704d775ff143f43ab6efe0d792,0x21d1b37e0abecdc4e,0x8c112dfb252b7d50b3921f79c86f1735307adcd59f61e681e0becc4e69adc409,0,97766874,38.99081963698683,1748229378845392,Balanced Dollar,0.0206524375,bnUSD,0,1,2025-05-26
cx88fd7df7ddff82f7cc735c871dc519838cb235bb,cx203d9cd2a669be67177e997b8948ce2c35caffae,cx835b300dcfe01f0bdb794e134a0c5628384f4367,0x74d317a8d48bf23,0x053e8a17e2aca4a8e8882808e408586128e1be4f2cce5d8f30ba9579da39ef7d,7,97766837,0.5261311338983422,1748229303606375,Balanced Dollar,0.1444084,bnUSD,0,1,2025-05-26
cx88fd7df7ddff82f7cc735c871dc519838cb235bb,cx5faae53c4dbd1fbe4a2eb4aab6565030f10da5c6,cx203d9cd2a669be67177e997b8948ce2c35caffae,0xa6e46af12fa35a1,0x053e8a17e2aca4a8e8882808e408586128e1be4f2cce5d8f30ba9579da39ef7d,5,97766837,0.7516159055690602,1748229303606375,Balanced Dollar,0.1444084,bnUSD,0,1,2025-05-26
cx88fd7df7ddff82f7cc735c871dc519838cb235bb,cx5faae53c4dbd1fbe4a2eb4aab6565030f10da5c6,cxdc30a0d3a1f131565c071272a20bc0b06fd4c17b,0xa6e46af12fa35a1,0x053e8a17e2aca4a8e8882808e408586128e1be4f2cce5d8f30ba9579da39ef7d,4,97766837,0.7516159055690602,1748229303606375,Balanced Dollar,0.1444084,bnUSD,0,1,2025-05-26
cx88fd7df7ddff82f7cc735c871dc519838cb235bb,hx0000000000000000000000000000000000000000,cx5faae53c4dbd1fbe4a2eb4aab6565030f10da5c6,0x90d4d5a585206d,0x053e8a17e2aca4a8e8882808e408586128e1be4f2cce5d8f30ba9579da39ef7d,3,97766837,0.04076641071642225,1748229303606375,Balanced Dollar,0.1444084,bnUSD,0,1,2025-05-26
cx88fd7df7ddff82f7cc735c871dc519838cb235bb,cx66d4d90f5f113eba575bf793570135f9b10cece1,hx1adc2b41608d81704d775ff143f43ab6efe0d792,0x11adfb14748035621,0x053e8a17e2aca4a8e8882808e408586128e1be4f2cce5d8f30ba9579da39ef7d,1,97766837,20.38320535821113,1748229303606375,Balanced Dollar,0.1444084,bnUSD,0,1,2025-05-26
cx88fd7df7ddff82f7cc735c871dc519838cb235bb,hx0000000000000000000000000000000000000000,cx66d4d90f5f113eba575bf793570135f9b10cece1,0x11adfb14748035621,0x053e8a17e2aca4a8e8882808e408586128e1be4f2cce5d8f30ba9579da39ef7d,0,97766837,20.38320535821113,1748229303606375,Balanced Dollar,0.1444084,bnUSD,0,1,2025-05-26
cx88fd7df7ddff82f7cc735c871dc519838cb235bb,cxa0af3165c08318e988cb30993b3048335b94af6c,cx5faae53c4dbd1fbe4a2eb4aab6565030f10da5c6,0x2ebcf0b8f7cfb02,0x949cdf60c847d8b59b29af576eebf207f57beb65c6f850a88f825721c89d2991,2,97766531,0.21048945616178252,1748228690202412,Balanced Dollar,0.056926325,bnUSD,0,1,2025-05-26
cx88fd7df7ddff82f7cc735c871dc519838cb235bb,cxa0af3165c08318e988cb30993b3048335b94af6c,hxd75467e3e4ce64e3424c747dfb71503017440433,0x796921e5467ab60dc,0x949cdf60c847d8b59b29af576eebf207f57beb65c6f850a88f825721c89d2991,1,97766531,139.97697631612118,1748228690202412,Balanced Dollar,0.056926325,bnUSD,0,1,2025-05-26
cx66a031cc3bd305c76371fb586e93801b948254f0,hxd75467e3e4ce64e3424c747dfb71503017440433,cxa0af3165c08318e988cb30993b3048335b94af6c,0x53444835ec580000,0x949cdf60c847d8b59b29af576eebf207f57beb65c6f850a88f825721c89d2991,0,97766531,6.0,1748228690202412,Avalanche,0.056926325,AVAX,0,1,2025-05-26
cxd17316e24ee40f2ef8ed6f3a497311db1b35206d,hx9645117f1b0c7181a126c7f4f222caefc6ee7a61,hx0000000000000000000000000000000000000000,0x0,0x9c7e275759d2b2542aba9636d80ed8fd89f6a640be4ea0ba664c43f5638c7723,10,97766494,0.0,1748228613909211,unknown_token,0.0553593625,$unknown,7,2,2025-05-26
cxd17316e24ee40f2ef8ed6f3a497311db1b35206d,hx3c72c692480ee86cef5aa9dcf48fdb3d6dd05e14,hx0000000000000000000000000000000000000000,0x0,0x9c7e275759d2b2542aba9636d80ed8fd89f6a640be4ea0ba664c43f5638c7723,9,97766494,0.0,1748228613909211,unknown_token,0.0553593625,$unknown,34,2,2025-05-26
cxd17316e24ee40f2ef8ed6f3a497311db1b35206d,hx9645117f1b0c7181a126c7f4f222caefc6ee7a61,hx0000000000000000000000000000000000000000,0x0,0x9c7e275759d2b2542aba9636d80ed8fd89f6a640be4ea0ba664c43f5638c7723,8,97766494,0.0,1748228613909211,unknown_token,0.0553593625,$unknown,34,2,2025-05-26
cx88fd7df7ddff82f7cc735c871dc519838cb235bb,cxa0af3165c08318e988cb30993b3048335b94af6c,cx5faae53c4dbd1fbe4a2eb4aab6565030f10da5c6,0x2ec9309172fe4e1,0x5411330267585dfda72a94218f7f704ea09809af9a23838906205f65092259ba,2,97766412,0.21070494983257418,1748228445972930,Balanced Dollar,0.056922325,bnUSD,0,1,2025-05-26
cx88fd7df7ddff82f7cc735c871dc519838cb235bb,cxa0af3165c08318e988cb30993b3048335b94af6c,hxd75467e3e4ce64e3424c747dfb71503017440433,0x7988f5eb987afbfb8,0x5411330267585dfda72a94218f7f704ea09809af9a23838906205f65092259ba,1,97766412,140.12031788233995,1748228445972930,Balanced Dollar,0.056922325,bnUSD,0,1,2025-05-26
cx66a031cc3bd305c76371fb586e93801b948254f0,hxd75467e3e4ce64e3424c747dfb71503017440433,cxa0af3165c08318e988cb30993b3048335b94af6c,0x53444835ec580000,0x5411330267585dfda72a94218f7f704ea09809af9a23838906205f65092259ba,0,97766412,6.0,1748228445972930,Avalanche,0.056922325,AVAX,0,1,2025-05-26
cx2609b924e33ef00b648a409245c7ea394c467824,cxfa09b71b9a82abc56678707ac4cbc0437635ff1d,cx10d59e8103ab44635190bd4139dbfd682fa2d07e,0x2777630d2c0790f95c8,0x08fc73fbbcf554ea400935377cb65eca377e91adfd28cb6247ac2a1db7ba0012,8,97766393,11648.412049130191,1748228406806287,Staked ICX,0.2470021875,sICX,0,1,2025-05-26
cx2609b924e33ef00b648a409245c7ea394c467824,hx0000000000000000000000000000000000000000,cxfa09b71b9a82abc56678707ac4cbc0437635ff1d,0x2777630d2c0790f95c8,0x08fc73fbbcf554ea400935377cb65eca377e91adfd28cb6247ac2a1db7ba0012,6,97766393,11648.412049130191,1748228406806287,Staked ICX,0.2470021875,sICX,0,1,2025-05-26
cx88fd7df7ddff82f7cc735c871dc519838cb235bb,cxa0af3165c08318e988cb30993b3048335b94af6c,cx5faae53c4dbd1fbe4a2eb4aab6565030f10da5c6,0x2ed5753ba9dd667,0x9c3198665bac0cacb1876184027025ae0c6e43b6e9d9d89f628440036e492695,2,97766142,0.21092077468108963,1748227904596164,Balanced Dollar,0.056922325,bnUSD,0,1,2025-05-26
cx88fd7df7ddff82f7cc735c871dc519838cb235bb,cxa0af3165c08318e988cb30993b3048335b94af6c,hxd75467e3e4ce64e3424c747dfb71503017440433,0x79a8d67868c1083d0,0x9c3198665bac0cacb1876184027025ae0c6e43b6e9d9d89f628440036e492695,1,97766142,140.26387979709713,1748227904596164,Balanced Dollar,0.056922325,bnUSD,0,1,2025-05-26
cx66a031cc3bd305c76371fb586e93801b948254f0,hxd75467e3e4ce64e3424c747dfb71503017440433,cxa0af3165c08318e988cb30993b3048335b94af6c,0x53444835ec580000,0x9c3198665bac0cacb1876184027025ae0c6e43b6e9d9d89f628440036e492695,0,97766142,6.0,1748227904596164,Avalanche,0.056922325,AVAX,0,1,2025-05-26
cx88fd7df7ddff82f7cc735c871dc519838cb235bb,cxa0af3165c08318e988cb30993b3048335b94af6c,cx5faae53c4dbd1fbe4a2eb4aab6565030f10da5c6,0x2d40bc52dcadbc9,0xbcc5124fa6420993f493b7998083cd006401189b484ee1ea5000cb5e779e4e12,2,97766029,0.20380082464324706,1748227677321775,Balanced Dollar,0.0569578875,bnUSD,0,1,2025-05-26
cx88fd7df7ddff82f7cc735c871dc519838cb235bb,cxa0af3165c08318e988cb30993b3048335b94af6c,hxd75467e3e4ce64e3424c747dfb71503017440433,0x759123baf4eeb2c20,0xbcc5124fa6420993f493b7998083cd006401189b484ee1ea5000cb5e779e4e12,1,97766029,135.54546655905258,1748227677321775,Balanced Dollar,0.0569578875,bnUSD,0,1,2025-05-26
cx4297f4b63262507623b6ad575d0d8dd2db980e4e,hxd75467e3e4ce64e3424c747dfb71503017440433,cxa0af3165c08318e988cb30993b3048335b94af6c,0x8ac7230489e80000,0xbcc5124fa6420993f493b7998083cd006401189b484ee1ea5000cb5e779e4e12,0,97766029,10.0,1748227677321775,Injective,0.0569578875,INJ,0,1,2025-05-26
cx88fd7df7ddff82f7cc735c871dc519838cb235bb,cxa0af3165c08318e988cb30993b3048335b94af6c,cx5faae53c4dbd1fbe4a2eb4aab6565030f10da5c6,0x2ee1beba24054b2,0x340bec78fea2cc936ce5cd22405a164f1aa05fad8ec8beae155f35be8eae1fbe,2,97766013,0.21113693138638148,1748227645291821,Balanced Dollar,0.056922325,bnUSD,0,1,2025-05-26
cx88fd7df7ddff82f7cc735c871dc519838cb235bb,cxa0af3165c08318e988cb30993b3048335b94af6c,hxd75467e3e4ce64e3424c747dfb71503017440433,0x79c8c3924ad7ba112,0x340bec78fea2cc936ce5cd22405a164f1aa05fad8ec8beae155f35be8eae1fbe,1,97766013,140.40766251231528,1748227645291821,Balanced Dollar,0.056922325,bnUSD,0,1,2025-05-26
cx66a031cc3bd305c76371fb586e93801b948254f0,hxd75467e3e4ce64e3424c747dfb71503017440433,cxa0af3165c08318e988cb30993b3048335b94af6c,0x53444835ec580000,0x340bec78fea2cc936ce5cd22405a164f1aa05fad8ec8beae155f35be8eae1fbe,0,97766013,6.0,1748227645291821,Avalanche,0.056922325,AVAX,0,1,2025-05-26
cx88fd7df7ddff82f7cc735c871dc519838cb235bb,cxa0af3165c08318e988cb30993b3048335b94af6c,cx5faae53c4dbd1fbe4a2eb4aab6565030f10da5c6,0x2d4f69e586deca6,0x0459c87291031f886317d9beeab69bcbb400f9f20501abd9cbbbb425e57f6c8c,2,97765992,0.20405904308737963,1748227603283588,Balanced Dollar,0.0569578875,bnUSD,0,1,2025-05-26
cx88fd7df7ddff82f7cc735c871dc519838cb235bb,cxa0af3165c08318e988cb30993b3048335b94af6c,hxd75467e3e4ce64e3424c747dfb71503017440433,0x75b7490099f478a2c,0x0459c87291031f886317d9beeab69bcbb400f9f20501abd9cbbbb425e57f6c8c,1,97765992,135.7172590417181,1748227603283588,Balanced Dollar,0.0569578875,bnUSD,0,1,2025-05-26
cx4297f4b63262507623b6ad575d0d8dd2db980e4e,hxd75467e3e4ce64e3424c747dfb71503017440433,cxa0af3165c08318e988cb30993b3048335b94af6c,0x8ac7230489e80000,0x0459c87291031f886317d9beeab69bcbb400f9f20501abd9cbbbb425e57f6c8c,0,97765992,10.0,1748227603283588,Injective,0.0569578875,INJ,0,1,2025-05-26
cx88fd7df7ddff82f7cc735c871dc519838cb235bb,cxa0af3165c08318e988cb30993b3048335b94af6c,cx5faae53c4dbd1fbe4a2eb4aab6565030f10da5c6,0x2eee0d0f6ab776a,0x690be7e99b37eef5dca7bead900ce88fa74809ef493f357538efedffae3019d5,2,97765989,0.21135342062924375,1748227597261573,Balanced Dollar,0.0569411375,bnUSD,0,1,2025-05-26
cx88fd7df7ddff82f7cc735c871dc519838cb235bb,cxa0af3165c08318e988cb30993b3048335b94af6c,hxd75467e3e4ce64e3424c747dfb71503017440433,0x79e8bd3fd69b80acb,0x690be7e99b37eef5dca7bead900ce88fa74809ef493f357538efedffae3019d5,1,97765989,140.55166648107613,1748227597261573,Balanced Dollar,0.0569411375,bnUSD,0,1,2025-05-26
cx66a031cc3bd305c76371fb586e93801b948254f0,hxd75467e3e4ce64e3424c747dfb71503017440433,cxa0af3165c08318e988cb30993b3048335b94af6c,0x53444835ec580000,0x690be7e99b37eef5dca7bead900ce88fa74809ef493f357538efedffae3019d5,0,97765989,6.0,1748227597261573,Avalanche,0.0569411375,AVAX,0,1,2025-05-26
cx88fd7df7ddff82f7cc735c871dc519838cb235bb,cx203d9cd2a669be67177e997b8948ce2c35caffae,cx835b300dcfe01f0bdb794e134a0c5628384f4367,0x201dc6da10d416c5,0x910cab5a03547c1537b2de5ce98e37475087a6f9a97eecbaee130342a453b3a3,6,97765928,2.314224423425808,1748227475206586,Balanced Dollar,0.0990796625,bnUSD,0,1,2025-05-26
cx88fd7df7ddff82f7cc735c871dc519838cb235bb,cx5faae53c4dbd1fbe4a2eb4aab6565030f10da5c6,cx203d9cd2a669be67177e997b8948ce2c35caffae,0x2de1653785c1451a,0x910cab5a03547c1537b2de5ce98e37475087a6f9a97eecbaee130342a453b3a3,4,97765928,3.3060348906082972,1748227475206586,Balanced Dollar,0.0990796625,bnUSD,0,1,2025-05-26
cx88fd7df7ddff82f7cc735c871dc519838cb235bb,cx5faae53c4dbd1fbe4a2eb4aab6565030f10da5c6,cxdc30a0d3a1f131565c071272a20bc0b06fd4c17b,0x2de1653785c1451a,0x910cab5a03547c1537b2de5ce98e37475087a6f9a97eecbaee130342a453b3a3,3,97765928,3.3060348906082972,1748227475206586,Balanced Dollar,0.0990796625,bnUSD,0,1,2025-05-26
cx88fd7df7ddff82f7cc735c871dc519838cb235bb,cxa0af3165c08318e988cb30993b3048335b94af6c,cx5faae53c4dbd1fbe4a2eb4aab6565030f10da5c6,0x2d5e1e9dfe48365,0x910cab5a03547c1537b2de5ce98e37475087a6f9a97eecbaee130342a453b3a3,2,97765928,0.20431775271515018,1748227475206586,Balanced Dollar,0.0990796625,bnUSD,0,1,2025-05-26
cx88fd7df7ddff82f7cc735c871dc519838cb235bb,cxa0af3165c08318e988cb30993b3048335b94af6c,hxd75467e3e4ce64e3424c747dfb71503017440433,0x75dd80db16f6e9343,0x910cab5a03547c1537b2de5ce98e37475087a6f9a97eecbaee130342a453b3a3,1,97765928,135.88937841219357,1748227475206586,Balanced Dollar,0.0990796625,bnUSD,0,1,2025-05-26
cx4297f4b63262507623b6ad575d0d8dd2db980e4e,hxd75467e3e4ce64e3424c747dfb71503017440433,cxa0af3165c08318e988cb30993b3048335b94af6c,0x8ac7230489e80000,0x910cab5a03547c1537b2de5ce98e37475087a6f9a97eecbaee130342a453b3a3,0,97765928,10.0,1748227475206586,Injective,0.0990796625,INJ,0,1,2025-05-26
cx88fd7df7ddff82f7cc735c871dc519838cb235bb,cxa0af3165c08318e988cb30993b3048335b94af6c,cx5faae53c4dbd1fbe4a2eb4aab6565030f10da5c6,0x2efa603e08dfdb5,0xe5d6433c9a7021be945d3ee001e8c82e8acf7dbcfc52b4fd52779022079f3d82,2,97765722,0.21157024309221728,1748227061934393,Balanced Dollar,0.056922325,bnUSD,0,1,2025-05-26
cx88fd7df7ddff82f7cc735c871dc519838cb235bb,cxa0af3165c08318e988cb30993b3048335b94af6c,hxd75467e3e4ce64e3424c747dfb71503017440433,0x7a08c387a83dc2edd,0xe5d6433c9a7021be945d3ee001e8c82e8acf7dbcfc52b4fd52779022079f3d82,1,97765722,140.69589215762423,1748227061934393,Balanced Dollar,0.056922325,bnUSD,0,1,2025-05-26
cx66a031cc3bd305c76371fb586e93801b948254f0,hxd75467e3e4ce64e3424c747dfb71503017440433,cxa0af3165c08318e988cb30993b3048335b94af6c,0x53444835ec580000,0xe5d6433c9a7021be945d3ee001e8c82e8acf7dbcfc52b4fd52779022079f3d82,0,97765722,6.0,1748227061934393,Avalanche,0.056922325,AVAX,0,1,2025-05-26
cx88fd7df7ddff82f7cc735c871dc519838cb235bb,cxa0af3165c08318e988cb30993b3048335b94af6c,cx5faae53c4dbd1fbe4a2eb4aab6565030f10da5c6,0x2d6cda80e7e1290,0x2eaabba638cfaf41deed610740f33afdb4a87f766d0f36aeb420c18943d77c2c,2,97765706,0.20457695477327936,1748227029895995,Balanced Dollar,0.0569578875,bnUSD,0,1,2025-05-26
cx88fd7df7ddff82f7cc735c871dc519838cb235bb,cxa0af3165c08318e988cb30993b3048335b94af6c,hxd75467e3e4ce64e3424c747dfb71503017440433,0x7603cb567fd66b589,0x2eaabba638cfaf41deed610740f33afdb4a87f766d0f36aeb420c18943d77c2c,1,97765706,136.0618255004482,1748227029895995,Balanced Dollar,0.0569578875,bnUSD,0,1,2025-05-26
cx4297f4b63262507623b6ad575d0d8dd2db980e4e,hxd75467e3e4ce64e3424c747dfb71503017440433,cxa0af3165c08318e988cb30993b3048335b94af6c,0x8ac7230489e80000,0x2eaabba638cfaf41deed610740f33afdb4a87f766d0f36aeb420c18943d77c2c,0,97765706,10.0,1748227029895995,Injective,0.0569578875,INJ,0,1,2025-05-26
cx88fd7df7ddff82f7cc735c871dc519838cb235bb,cx21e94c08c03daee80c25d8ee3ea22a20786ec231,hx2debd9ec927cca1639da8d3518dd9dbf1cdfb357,0x1e67ca5f3f11f8db31,0x94a9794438a7e7400a6957801c739576195cd751bd91a34fc5ea19e8ef16ba67,5,97765685,560.8812170669778,1748226987834563,Balanced Dollar,0.0885113625,bnUSD,0,1,2025-05-26
cx88fd7df7ddff82f7cc735c871dc519838cb235bb,cxa0af3165c08318e988cb30993b3048335b94af6c,cx5faae53c4dbd1fbe4a2eb4aab6565030f10da5c6,0xbb2f4b2eec87aa3,0x94a9794438a7e7400a6957801c739576195cd751bd91a34fc5ea19e8ef16ba67,3,97765685,0.8430051296191761,1748226987834563,Balanced Dollar,0.0885113625,bnUSD,0,1,2025-05-26
cx88fd7df7ddff82f7cc735c871dc519838cb235bb,cxa0af3165c08318e988cb30993b3048335b94af6c,cx21e94c08c03daee80c25d8ee3ea22a20786ec231,0x1e67ca5f3f11f8db31,0x94a9794438a7e7400a6957801c739576195cd751bd91a34fc5ea19e8ef16ba67,2,97765685,560.8812170669778,1748226987834563,Balanced Dollar,0.0885113625,bnUSD,0,1,2025-05-26
cx288d13e1b63563459a2ac6179f237711f6851cb5,cx21e94c08c03daee80c25d8ee3ea22a20786ec231,cxa0af3165c08318e988cb30993b3048335b94af6c,0x30d98d59a960000,0x94a9794438a7e7400a6957801c739576195cd751bd91a34fc5ea19e8ef16ba67,1,97765685,0.22,1748226987834563,Ethereum,0.0885113625,ETH,0,1,2025-05-26
cx288d13e1b63563459a2ac6179f237711f6851cb5,hx2debd9ec927cca1639da8d3518dd9dbf1cdfb357,cx21e94c08c03daee80c25d8ee3ea22a20786ec231,0x30d98d59a960000,0x94a9794438a7e7400a6957801c739576195cd751bd91a34fc5ea19e8ef16ba67,0,97765685,0.22,1748226987834563,Ethereum,0.0885113625,ETH,0,1,2025-05-26
cx88fd7df7ddff82f7cc735c871dc519838cb235bb,cxa0af3165c08318e988cb30993b3048335b94af6c,cx5faae53c4dbd1fbe4a2eb4aab6565030f10da5c6,0x2f06b8488b16339,0x941d842c78ac41ec7bfdd65839c4fac8964ee66d1803ce451d3c39bcac720eab,2,97765655,0.21178739945959507,1748226927854346,Balanced Dollar,0.056922325,bnUSD,0,1,2025-05-26
cx88fd7df7ddff82f7cc735c871dc519838cb235bb,cxa0af3165c08318e988cb30993b3048335b94af6c,hxd75467e3e4ce64e3424c747dfb71503017440433,0x7a28d67060484a327,0x941d842c78ac41ec7bfdd65839c4fac8964ee66d1803ce451d3c39bcac720eab,1,97765655,140.84033999737065,1748226927854346,Balanced Dollar,0.056922325,bnUSD,0,1,2025-05-26
cx66a031cc3bd305c76371fb586e93801b948254f0,hxd75467e3e4ce64e3424c747dfb71503017440433,cxa0af3165c08318e988cb30993b3048335b94af6c,0x53444835ec580000,0x941d842c78ac41ec7bfdd65839c4fac8964ee66d1803ce451d3c39bcac720eab,0,97765655,6.0,1748226927854346,Avalanche,0.056922325,AVAX,0,1,2025-05-26
cx88fd7df7ddff82f7cc735c871dc519838cb235bb,cxa0af3165c08318e988cb30993b3048335b94af6c,cx5faae53c4dbd1fbe4a2eb4aab6565030f10da5c6,0x2f1315317f9f537,0x89a580badffd642e705480c29d865a66ef6a3b4d01bb8ff568a32cdb63a27b9d,2,97765595,0.21200489041742776,1748226806611939,Balanced Dollar,0.056922325,bnUSD,0,1,2025-05-26
cx88fd7df7ddff82f7cc735c871dc519838cb235bb,cxa0af3165c08318e988cb30993b3048335b94af6c,hxd75467e3e4ce64e3424c747dfb71503017440433,0x7a48f600a3a0b053f,0x89a580badffd642e705480c29d865a66ef6a3b4d01bb8ff568a32cdb63a27b9d,1,97765595,140.98501045689642,1748226806611939,Balanced Dollar,0.056922325,bnUSD,0,1,2025-05-26
cx66a031cc3bd305c76371fb586e93801b948254f0,hxd75467e3e4ce64e3424c747dfb71503017440433,cxa0af3165c08318e988cb30993b3048335b94af6c,0x53444835ec580000,0x89a580badffd642e705480c29d865a66ef6a3b4d01bb8ff568a32cdb63a27b9d,0,97765595,6.0,1748226806611939,Avalanche,0.056922325,AVAX,0,1,2025-05-26
cx88fd7df7ddff82f7cc735c871dc519838cb235bb,cx21e94c08c03daee80c25d8ee3ea22a20786ec231,hx2debd9ec927cca1639da8d3518dd9dbf1cdfb357,0x162f21e61a91bcc1c8,0x50474f18317f6e6fabc8447d88715c5f72abb9c5ed1856ef59a46de06fda860d,5,97765540,409.2246182174128,1748226696527934,Balanced Dollar,0.088410925,bnUSD,0,1,2025-05-26
cx88fd7df7ddff82f7cc735c871dc519838cb235bb,cxa0af3165c08318e988cb30993b3048335b94af6c,cx5faae53c4dbd1fbe4a2eb4aab6565030f10da5c6,0x8872e9c1af37e80,0x50474f18317f6e6fabc8447d88715c5f72abb9c5ed1856ef59a46de06fda860d,3,97765540,0.6145111221613032,1748226696527934,Balanced Dollar,0.088410925,bnUSD,0,1,2025-05-26
cx88fd7df7ddff82f7cc735c871dc519838cb235bb,cxa0af3165c08318e988cb30993b3048335b94af6c,cx21e94c08c03daee80c25d8ee3ea22a20786ec231,0x162f21e61a91bcc1c8,0x50474f18317f6e6fabc8447d88715c5f72abb9c5ed1856ef59a46de06fda860d,2,97765540,409.2246182174128,1748226696527934,Balanced Dollar,0.088410925,bnUSD,0,1,2025-05-26
cx4297f4b63262507623b6ad575d0d8dd2db980e4e,cx21e94c08c03daee80c25d8ee3ea22a20786ec231,cxa0af3165c08318e988cb30993b3048335b94af6c,0x1a055690d9db80000,0x50474f18317f6e6fabc8447d88715c5f72abb9c5ed1856ef59a46de06fda860d,1,97765540,30.0,1748226696527934,Injective,0.088410925,INJ,0,1,2025-05-26
cx4297f4b63262507623b6ad575d0d8dd2db980e4e,hx2debd9ec927cca1639da8d3518dd9dbf1cdfb357,cx21e94c08c03daee80c25d8ee3ea22a20786ec231,0x1a055690d9db80000,0x50474f18317f6e6fabc8447d88715c5f72abb9c5ed1856ef59a46de06fda860d,0,97765540,30.0,1748226696527934,Injective,0.088410925,INJ,0,1,2025-05-26
cx88fd7df7ddff82f7cc735c871dc519838cb235bb,cxa0af3165c08318e988cb30993b3048335b94af6c,cx5faae53c4dbd1fbe4a2eb4aab6565030f10da5c6,0xbf48319e879d126,0x666df948ac46a876608f5d0f43cc725c639a85503e1d11065815cbc8629a5d47,2,97765416,0.861457576032326,1748226448438367,Balanced Dollar,0.0705507125,bnUSD,0,2,2025-05-26
cx2609b924e33ef00b648a409245c7ea394c467824,cxa0af3165c08318e988cb30993b3048335b94af6c,hxc1718c79947e0f673296218b5b23adbd9a3b38a8,0xc9a23f1d37c4684ee0,0x666df948ac46a876608f5d0f43cc725c639a85503e1d11065815cbc8629a5d47,1,97765416,3719.4866540986527,1748226448438367,Staked ICX,0.0705507125,sICX,0,2,2025-05-26
cx88fd7df7ddff82f7cc735c871dc519838cb235bb,hxc1718c79947e0f673296218b5b23adbd9a3b38a8,cxa0af3165c08318e988cb30993b3048335b94af6c,0x1f221568cd67e60000,0x666df948ac46a876608f5d0f43cc725c639a85503e1d11065815cbc8629a5d47,0,97765416,574.3050506882173,1748226448438367,Balanced Dollar,0.0705507125,bnUSD,0,2,2025-05-26
cx88fd7df7ddff82f7cc735c871dc519838cb235bb,cxd82fb5d3effecd8c9071a4bba3856ad7222c4b91,hxc1718c79947e0f673296218b5b23adbd9a3b38a8,0x1f221568cd67e60000,0x446aedb5a4e3ab9398817032ddefd7845472ee601782d042e7d38b2bd18a6a54,0,97765416,574.3050506882173,1748226448438367,Balanced Dollar,0.020694875,bnUSD,0,1,2025-05-26
cx88fd7df7ddff82f7cc735c871dc519838cb235bb,cxa0af3165c08318e988cb30993b3048335b94af6c,cx5faae53c4dbd1fbe4a2eb4aab6565030f10da5c6,0xbf0b34176f4d7ae,0xda891bb882c878528ef561ee2478c7825735a2c527b228f773b52062d2f17fe5,2,97765409,0.8603846225777684,1748226434462650,Balanced Dollar,0.0705507125,bnUSD,0,2,2025-05-26
cx2609b924e33ef00b648a409245c7ea394c467824,cxa0af3165c08318e988cb30993b3048335b94af6c,hxc1718c79947e0f673296218b5b23adbd9a3b38a8,0xc9a2443cd4788a0326,0xda891bb882c878528ef561ee2478c7825735a2c527b228f773b52062d2f17fe5,1,97765409,3719.4880962314337,1748226434462650,Staked ICX,0.0705507125,sICX,0,2,2025-05-26
cx88fd7df7ddff82f7cc735c871dc519838cb235bb,hxc1718c79947e0f673296218b5b23adbd9a3b38a8,cxa0af3165c08318e988cb30993b3048335b94af6c,0x1f18282525c8470000,0xda891bb882c878528ef561ee2478c7825735a2c527b228f773b52062d2f17fe5,0,97765409,573.589748385179,1748226434462650,Balanced Dollar,0.0705507125,bnUSD,0,2,2025-05-26
cx88fd7df7ddff82f7cc735c871dc519838cb235bb,cxd82fb5d3effecd8c9071a4bba3856ad7222c4b91,hxc1718c79947e0f673296218b5b23adbd9a3b38a8,0x1f18282525c8470000,0xb6d93db291fcc89f106339e184e10cef2d9a83b495d301f418bae6b319d587e4,0,97765409,573.589748385179,1748226434462650,Balanced Dollar,0.020694875,bnUSD,0,1,2025-05-26
cx88fd7df7ddff82f7cc735c871dc519838cb235bb,cxa0af3165c08318e988cb30993b3048335b94af6c,cx5faae53c4dbd1fbe4a2eb4aab6565030f10da5c6,0x2de24d99f048bce,0xcd4463adb386fd690d903443272b7b4ab5021a911768b78b6c1f2d0d1dd412d0,2,97765146,0.20664314999999994,1748225904937705,Balanced Dollar,0.0563762625,bnUSD,0,1,2025-05-26
cx4297f4b63262507623b6ad575d0d8dd2db980e4e,cxa0af3165c08318e988cb30993b3048335b94af6c,hxd75467e3e4ce64e3424c747dfb71503017440433,0x8b23cd68cecf0036,0xcd4463adb386fd690d903443272b7b4ab5021a911768b78b6c1f2d0d1dd412d0,1,97765146,10.026083045486821,1748225904937705,Injective,0.0563762625,INJ,0,1,2025-05-26
cx88fd7df7ddff82f7cc735c871dc519838cb235bb,hxd75467e3e4ce64e3424c747dfb71503017440433,cxa0af3165c08318e988cb30993b3048335b94af6c,0x777d54c0e1bd6c000,0xcd4463adb386fd690d903443272b7b4ab5021a911768b78b6c1f2d0d1dd412d0,0,97765146,137.76209999999998,1748225904937705,Balanced Dollar,0.0563762625,bnUSD,0,1,2025-05-26
cx88fd7df7ddff82f7cc735c871dc519838cb235bb,cxa0af3165c08318e988cb30993b3048335b94af6c,cx5faae53c4dbd1fbe4a2eb4aab6565030f10da5c6,0x2f1f76fb766e7b8,0xc7c64057a9d19fa7016e7593b2a186dfcb3f3294054d07f77e031999ad0ae8ee,2,97765027,0.21222271665352901,1748225666804232,Balanced Dollar,0.056922325,bnUSD,0,1,2025-05-26
cx88fd7df7ddff82f7cc735c871dc519838cb235bb,cxa0af3165c08318e988cb30993b3048335b94af6c,hxd75467e3e4ce64e3424c747dfb71503017440433,0x7a69223f1b8bd0cbc,0xc7c64057a9d19fa7016e7593b2a186dfcb3f3294054d07f77e031999ad0ae8ee,1,97765027,141.12990399395613,1748225666804232,Balanced Dollar,0.056922325,bnUSD,0,1,2025-05-26
cx66a031cc3bd305c76371fb586e93801b948254f0,hxd75467e3e4ce64e3424c747dfb71503017440433,cxa0af3165c08318e988cb30993b3048335b94af6c,0x53444835ec580000,0xc7c64057a9d19fa7016e7593b2a186dfcb3f3294054d07f77e031999ad0ae8ee,0,97765027,6.0,1748225666804232,Avalanche,0.056922325,AVAX,0,1,2025-05-26
cxd17316e24ee40f2ef8ed6f3a497311db1b35206d,hx8acbfbf57dfc49f5fa9b1df2fc55fd9216b3e7aa,hx8acbfbf57dfc49f5fa9b1df2fc55fd9216b3e7aa,0x0,0x84b1cc6a1e2d55b033385a25f0c5cf9c87e3e2572eb9be95a3c48c8a4d15c69a,4,97765003,0.0,1748225618769932,unknown_token,0.018901325,$unknown,34,1,2025-05-26
cx7baf94bd53b505353285ee4c4c050f9703581703,hx8acbfbf57dfc49f5fa9b1df2fc55fd9216b3e7aa,hx0000000000000000000000000000000000000000,0x0,0x84b1cc6a1e2d55b033385a25f0c5cf9c87e3e2572eb9be95a3c48c8a4d15c69a,2,97765003,0.0,1748225618769932,unknown_token,0.018901325,$unknown,1,1,2025-05-26
cx7baf94bd53b505353285ee4c4c050f9703581703,hx8acbfbf57dfc49f5fa9b1df2fc55fd9216b3e7aa,hx0000000000000000000000000000000000000000,0x0,0x84b1cc6a1e2d55b033385a25f0c5cf9c87e3e2572eb9be95a3c48c8a4d15c69a,0,97765003,0.0,1748225618769932,unknown_token,0.018901325,$unknown,12,1,2025-05-26
cx88fd7df7ddff82f7cc735c871dc519838cb235bb,cx21e94c08c03daee80c25d8ee3ea22a20786ec231,hx7497c286aa521b09b2b54d78cde3fa4573c0e157,0x5294894d0b33d9ce6,0x951ad9e674f0015d3746ad31df2acef2e5e3103198623d506f850bd612a2de35,20,97764943,95.20851154650724,1748225498905471,Balanced Dollar,0.4206467875,bnUSD,0,1,2025-05-26
cx88fd7df7ddff82f7cc735c871dc519838cb235bb,cxa0af3165c08318e988cb30993b3048335b94af6c,cx5faae53c4dbd1fbe4a2eb4aab6565030f10da5c6,0x1fcd8bdb850b886,0x951ad9e674f0015d3746ad31df2acef2e5e3103198623d506f850bd612a2de35,18,97764943,0.14322759752172967,1748225498905471,Balanced Dollar,0.4206467875,bnUSD,0,1,2025-05-26
cx88fd7df7ddff82f7cc735c871dc519838cb235bb,cxa0af3165c08318e988cb30993b3048335b94af6c,cx21e94c08c03daee80c25d8ee3ea22a20786ec231,0x5294894d0b33d9ce6,0x951ad9e674f0015d3746ad31df2acef2e5e3103198623d506f850bd612a2de35,17,97764943,95.20851154650724,1748225498905471,Balanced Dollar,0.4206467875,bnUSD,0,1,2025-05-26
cx2609b924e33ef00b648a409245c7ea394c467824,cx21e94c08c03daee80c25d8ee3ea22a20786ec231,cxa0af3165c08318e988cb30993b3048335b94af6c,0x21b013ff25f77a5a21,0x951ad9e674f0015d3746ad31df2acef2e5e3103198623d506f850bd612a2de35,16,97764943,621.4303195461789,1748225498905471,Staked ICX,0.4206467875,sICX,0,1,2025-05-26
cx2609b924e33ef00b648a409245c7ea394c467824,cx203d9cd2a669be67177e997b8948ce2c35caffae,cx835b300dcfe01f0bdb794e134a0c5628384f4367,0x733f85ac32d0d5a,0x951ad9e674f0015d3746ad31df2acef2e5e3103198623d506f850bd612a2de35,13,97764943,0.5190314507829937,1748225498905471,Staked ICX,0.4206467875,sICX,0,1,2025-05-26
cx2609b924e33ef00b648a409245c7ea394c467824,cx5faae53c4dbd1fbe4a2eb4aab6565030f10da5c6,cx203d9cd2a669be67177e997b8948ce2c35caffae,0xa4a3e38848980cb,0x951ad9e674f0015d3746ad31df2acef2e5e3103198623d506f850bd612a2de35,10,97764943,0.7414735011185625,1748225498905471,Staked ICX,0.4206467875,sICX,0,1,2025-05-26
cx2609b924e33ef00b648a409245c7ea394c467824,cx5faae53c4dbd1fbe4a2eb4aab6565030f10da5c6,cxdc30a0d3a1f131565c071272a20bc0b06fd4c17b,0xa4a3e38848980cb,0x951ad9e674f0015d3746ad31df2acef2e5e3103198623d506f850bd612a2de35,8,97764943,0.7414735011185625,1748225498905471,Staked ICX,0.4206467875,sICX,0,1,2025-05-26
cx2609b924e33ef00b648a409245c7ea394c467824,cxa0af3165c08318e988cb30993b3048335b94af6c,cx5faae53c4dbd1fbe4a2eb4aab6565030f10da5c6,0xcf7526029f0293f,0x951ad9e674f0015d3746ad31df2acef2e5e3103198623d506f850bd612a2de35,7,97764943,0.9343060206766104,1748225498905471,Staked ICX,0.4206467875,sICX,0,1,2025-05-26
cx2609b924e33ef00b648a409245c7ea394c467824,cxa0af3165c08318e988cb30993b3048335b94af6c,cx21e94c08c03daee80c25d8ee3ea22a20786ec231,0x21b013ff25f77a5a21,0x951ad9e674f0015d3746ad31df2acef2e5e3103198623d506f850bd612a2de35,6,97764943,621.4303195461789,1748225498905471,Staked ICX,0.4206467875,sICX,0,1,2025-05-26
cxf61cd5a45dc9f91c15aa65831a30a90d59a09619,cx21e94c08c03daee80c25d8ee3ea22a20786ec231,cxa0af3165c08318e988cb30993b3048335b94af6c,0x4a02a2afb95067eda7,0x951ad9e674f0015d3746ad31df2acef2e5e3103198623d506f850bd612a2de35,5,97764943,1365.2489687992627,1748225498905471,Balance Token,0.4206467875,BALN,0,1,2025-05-26
cx88fd7df7ddff82f7cc735c871dc519838cb235bb,cxa0af3165c08318e988cb30993b3048335b94af6c,cx5faae53c4dbd1fbe4a2eb4aab6565030f10da5c6,0x1fa6aa26fca1493,0x951ad9e674f0015d3746ad31df2acef2e5e3103198623d506f850bd612a2de35,3,97764943,0.14254358410835266,1748225498905471,Balanced Dollar,0.4206467875,bnUSD,0,1,2025-05-26
cxf61cd5a45dc9f91c15aa65831a30a90d59a09619,cxa0af3165c08318e988cb30993b3048335b94af6c,cx21e94c08c03daee80c25d8ee3ea22a20786ec231,0x4a02a2afb95067eda7,0x951ad9e674f0015d3746ad31df2acef2e5e3103198623d506f850bd612a2de35,2,97764943,1365.2489687992627,1748225498905471,Balance Token,0.4206467875,BALN,0,1,2025-05-26
cx88fd7df7ddff82f7cc735c871dc519838cb235bb,cx21e94c08c03daee80c25d8ee3ea22a20786ec231,cxa0af3165c08318e988cb30993b3048335b94af6c,0x526cb07031e404000,0x951ad9e674f0015d3746ad31df2acef2e5e3103198623d506f850bd612a2de35,1,97764943,95.02905607223511,1748225498905471,Balanced Dollar,0.4206467875,bnUSD,0,1,2025-05-26
cx88fd7df7ddff82f7cc735c871dc519838cb235bb,hx7497c286aa521b09b2b54d78cde3fa4573c0e157,cx21e94c08c03daee80c25d8ee3ea22a20786ec231,0x526cb07031e404000,0x951ad9e674f0015d3746ad31df2acef2e5e3103198623d506f850bd612a2de35,0,97764943,95.02905607223511,1748225498905471,Balanced Dollar,0.4206467875,bnUSD,0,1,2025-05-26
cx88fd7df7ddff82f7cc735c871dc519838cb235bb,cxa0af3165c08318e988cb30993b3048335b94af6c,cx5faae53c4dbd1fbe4a2eb4aab6565030f10da5c6,0xbed87984c6ec76c,0xc91a6ff52e5c00d5db72d3cb0d530ce0c2cf8862e19cee0c8e3c2dbc400fe1d9,2,97764942,0.8594921920847399,1748225496898494,Balanced Dollar,0.0705507125,bnUSD,0,1,2025-05-26
cx2609b924e33ef00b648a409245c7ea394c467824,cxa0af3165c08318e988cb30993b3048335b94af6c,hxc1718c79947e0f673296218b5b23adbd9a3b38a8,0xc9a248800f9c1634c4,0xc91a6ff52e5c00d5db72d3cb0d530ce0c2cf8862e19cee0c8e3c2dbc400fe1d9,1,97764942,3719.489296052619,1748225496898494,Staked ICX,0.0705507125,sICX,0,1,2025-05-26
cx88fd7df7ddff82f7cc735c871dc519838cb235bb,hxc1718c79947e0f673296218b5b23adbd9a3b38a8,cxa0af3165c08318e988cb30993b3048335b94af6c,0x1f0fe671f1b5d20000,0xc91a6ff52e5c00d5db72d3cb0d530ce0c2cf8862e19cee0c8e3c2dbc400fe1d9,0,97764942,572.99479472316,1748225496898494,Balanced Dollar,0.0705507125,bnUSD,0,1,2025-05-26
cx88fd7df7ddff82f7cc735c871dc519838cb235bb,cxd82fb5d3effecd8c9071a4bba3856ad7222c4b91,hxc1718c79947e0f673296218b5b23adbd9a3b38a8,0x1f0fe671f1b5d20000,0x528071c7dcd14050811f4a1352a089168f87f48ebe9fba350ebae5ab4e347365,0,97764941,572.99479472316,1748225494725793,Balanced Dollar,0.020694875,bnUSD,0,1,2025-05-26
cx88fd7df7ddff82f7cc735c871dc519838cb235bb,cxa0af3165c08318e988cb30993b3048335b94af6c,cx5faae53c4dbd1fbe4a2eb4aab6565030f10da5c6,0x2dd144646fa8400,0x6f3cde31934568f9d63326ddd044628cbc8a7be317d9aade687f4a7c7c896541,2,97764935,0.20634345,1748225482718280,Balanced Dollar,0.0563762625,bnUSD,0,1,2025-05-26
cx4297f4b63262507623b6ad575d0d8dd2db980e4e,cxa0af3165c08318e988cb30993b3048335b94af6c,hxd75467e3e4ce64e3424c747dfb71503017440433,0x8b1d8c13ff5489da,0x6f3cde31934568f9d63326ddd044628cbc8a7be317d9aade687f4a7c7c896541,1,97764935,10.02432236311259,1748225482718280,Injective,0.0563762625,INJ,0,1,2025-05-26
cx88fd7df7ddff82f7cc735c871dc519838cb235bb,hxd75467e3e4ce64e3424c747dfb71503017440433,cxa0af3165c08318e988cb30993b3048335b94af6c,0x7750f770381b7c000,0x6f3cde31934568f9d63326ddd044628cbc8a7be317d9aade687f4a7c7c896541,0,97764935,137.5623,1748225482718280,Balanced Dollar,0.0563762625,bnUSD,0,1,2025-05-26
cx88fd7df7ddff82f7cc735c871dc519838cb235bb,cxa0af3165c08318e988cb30993b3048335b94af6c,cx5faae53c4dbd1fbe4a2eb4aab6565030f10da5c6,0x2dc8bfc9af58000,0xb6e5453191cf09e02c21c15f1072fca7cb97ecdd994dd86ac258e887dbabe42b,2,97764928,0.2061936,1748225468726401,Balanced Dollar,0.0563762625,bnUSD,0,1,2025-05-26
cx4297f4b63262507623b6ad575d0d8dd2db980e4e,cxa0af3165c08318e988cb30993b3048335b94af6c,hxd75467e3e4ce64e3424c747dfb71503017440433,0x8b3117f92024d627,0xb6e5453191cf09e02c21c15f1072fca7cb97ecdd994dd86ac258e887dbabe42b,1,97764928,10.029824203884386,1748225468726401,Injective,0.0563762625,INJ,0,1,2025-05-26
cx88fd7df7ddff82f7cc735c871dc519838cb235bb,hxd75467e3e4ce64e3424c747dfb71503017440433,cxa0af3165c08318e988cb30993b3048335b94af6c,0x773ac8c7e34a80000,0xb6e5453191cf09e02c21c15f1072fca7cb97ecdd994dd86ac258e887dbabe42b,0,97764928,137.4624,1748225468726401,Balanced Dollar,0.0563762625,bnUSD,0,1,2025-05-26
cx88fd7df7ddff82f7cc735c871dc519838cb235bb,cxa0af3165c08318e988cb30993b3048335b94af6c,cx5faae53c4dbd1fbe4a2eb4aab6565030f10da5c6,0x2dc03b2eef07c18,0x88a57aa8a557475595a80c32b0e8594408c7c1154e85c07f3247542abf855048,2,97764920,0.20604375000000003,1748225452805822,Balanced Dollar,0.0563762625,bnUSD,0,1,2025-05-26
cx4297f4b63262507623b6ad575d0d8dd2db980e4e,cxa0af3165c08318e988cb30993b3048335b94af6c,hxd75467e3e4ce64e3424c747dfb71503017440433,0x8b44a0c2fd5904eb,0x88a57aa8a557475595a80c32b0e8594408c7c1154e85c07f3247542abf855048,1,97764920,10.035322629022877,1748225452805822,Injective,0.0563762625,INJ,0,1,2025-05-26
cx88fd7df7ddff82f7cc735c871dc519838cb235bb,hxd75467e3e4ce64e3424c747dfb71503017440433,cxa0af3165c08318e988cb30993b3048335b94af6c,0x77249a1f8e7988000,0x88a57aa8a557475595a80c32b0e8594408c7c1154e85c07f3247542abf855048,0,97764920,137.3625,1748225452805822,Balanced Dollar,0.0563762625,bnUSD,0,1,2025-05-26
cx88fd7df7ddff82f7cc735c871dc519838cb235bb,cxa0af3165c08318e988cb30993b3048335b94af6c,cx5faae53c4dbd1fbe4a2eb4aab6565030f10da5c6,0x2daf31f96e67400,0xbadb70e55128e606c5f11d80840e9342b5228ae2e5f8252c7fb6fce85510dfa4,2,97764909,0.20574405,1748225430811128,Balanced Dollar,0.056395075,bnUSD,0,1,2025-05-26
cx4297f4b63262507623b6ad575d0d8dd2db980e4e,cxa0af3165c08318e988cb30993b3048335b94af6c,hxd75467e3e4ce64e3424c747dfb71503017440433,0x8b3e2bd8209a931d,0xbadb70e55128e606c5f11d80840e9342b5228ae2e5f8252c7fb6fce85510dfa4,1,97764909,10.033505227087975,1748225430811128,Injective,0.056395075,INJ,0,1,2025-05-26
cx88fd7df7ddff82f7cc735c871dc519838cb235bb,hxd75467e3e4ce64e3424c747dfb71503017440433,cxa0af3165c08318e988cb30993b3048335b94af6c,0x76f83ccee4d78c000,0xbadb70e55128e606c5f11d80840e9342b5228ae2e5f8252c7fb6fce85510dfa4,0,97764909,137.1627,1748225430811128,Balanced Dollar,0.056395075,bnUSD,0,1,2025-05-26
cx88fd7df7ddff82f7cc735c871dc519838cb235bb,cx203d9cd2a669be67177e997b8948ce2c35caffae,cx835b300dcfe01f0bdb794e134a0c5628384f4367,0x1b86f3c2917c8c7f,0xe5c00ee2e8b32478c042a44b6cb8539fe8cddd0c878aabf0645715a67e6792a9,6,97764900,1.9835407028933458,1748225412883597,Balanced Dollar,0.0984980375,bnUSD,0,1,2025-05-26
cx88fd7df7ddff82f7cc735c871dc519838cb235bb,cx5faae53c4dbd1fbe4a2eb4aab6565030f10da5c6,cx203d9cd2a669be67177e997b8948ce2c35caffae,0x27531315f468c8b6,0xe5c00ee2e8b32478c042a44b6cb8539fe8cddd0c878aabf0645715a67e6792a9,4,97764900,2.8336295755619227,1748225412883597,Balanced Dollar,0.0984980375,bnUSD,0,1,2025-05-26
cx88fd7df7ddff82f7cc735c871dc519838cb235bb,cx5faae53c4dbd1fbe4a2eb4aab6565030f10da5c6,cxdc30a0d3a1f131565c071272a20bc0b06fd4c17b,0x27531315f468c8b6,0xe5c00ee2e8b32478c042a44b6cb8539fe8cddd0c878aabf0645715a67e6792a9,3,97764900,2.8336295755619227,1748225412883597,Balanced Dollar,0.0984980375,bnUSD,0,1,2025-05-26
cx88fd7df7ddff82f7cc735c871dc519838cb235bb,cxa0af3165c08318e988cb30993b3048335b94af6c,cx5faae53c4dbd1fbe4a2eb4aab6565030f10da5c6,0x2da6ad5eae17018,0xe5c00ee2e8b32478c042a44b6cb8539fe8cddd0c878aabf0645715a67e6792a9,2,97764900,0.20559420000000003,1748225412883597,Balanced Dollar,0.0984980375,bnUSD,0,1,2025-05-26
cx4297f4b63262507623b6ad575d0d8dd2db980e4e,cxa0af3165c08318e988cb30993b3048335b94af6c,hxd75467e3e4ce64e3424c747dfb71503017440433,0x8b519d64bad786ba,0xe5c00ee2e8b32478c042a44b6cb8539fe8cddd0c878aabf0645715a67e6792a9,1,97764900,10.038978100342524,1748225412883597,Injective,0.0984980375,INJ,0,1,2025-05-26
cx88fd7df7ddff82f7cc735c871dc519838cb235bb,hxd75467e3e4ce64e3424c747dfb71503017440433,cxa0af3165c08318e988cb30993b3048335b94af6c,0x76e20e26900694000,0xe5c00ee2e8b32478c042a44b6cb8539fe8cddd0c878aabf0645715a67e6792a9,0,97764900,137.0628,1748225412883597,Balanced Dollar,0.0984980375,bnUSD,0,1,2025-05-26
cx4297f4b63262507623b6ad575d0d8dd2db980e4e,hxd75467e3e4ce64e3424c747dfb71503017440433,hx0000000000000000000000000000000000000000,0x56bc75e2d63100000,0x1cc3dbe22875aedd2e9be2b956d562f0c3d79e105a7be7d7a36e36fc61c90c51,0,97764739,100.0,1748225090673567,Injective,0.0226061875,INJ,0,1,2025-05-26
cx88fd7df7ddff82f7cc735c871dc519838cb235bb,cxa0af3165c08318e988cb30993b3048335b94af6c,cx5faae53c4dbd1fbe4a2eb4aab6565030f10da5c6,0x2d849af3acd6018,0xbeb88e03b92872505dead27b2f692e11b4bd238c38d0d9455d3c5f7ddf387c7c,2,97764722,0.20499480000000003,1748225056799872,Balanced Dollar,0.0563762625,bnUSD,0,1,2025-05-26
cx4297f4b63262507623b6ad575d0d8dd2db980e4e,cxa0af3165c08318e988cb30993b3048335b94af6c,hxd75467e3e4ce64e3424c747dfb71503017440433,0x8b16e926b63d774c,0xbeb88e03b92872505dead27b2f692e11b4bd238c38d0d9455d3c5f7ddf387c7c,1,97764722,10.022454373235128,1748225056799872,Injective,0.0563762625,INJ,0,1,2025-05-26
cx88fd7df7ddff82f7cc735c871dc519838cb235bb,hxd75467e3e4ce64e3424c747dfb71503017440433,cxa0af3165c08318e988cb30993b3048335b94af6c,0x768953853cc2a4000,0xbeb88e03b92872505dead27b2f692e11b4bd238c38d0d9455d3c5f7ddf387c7c,0,97764722,136.66320000000002,1748225056799872,Balanced Dollar,0.0563762625,bnUSD,0,1,2025-05-26
cx88fd7df7ddff82f7cc735c871dc519838cb235bb,cxa0af3165c08318e988cb30993b3048335b94af6c,cx5faae53c4dbd1fbe4a2eb4aab6565030f10da5c6,0x2d7c1658ec85c00,0x09b85b8a824f1a792125df75f4b46fb3dc9d90a29c6eadbfd2020075422351d0,2,97764706,0.20484495,1748225024675926,Balanced Dollar,0.0563762625,bnUSD,0,1,2025-05-26
cx4297f4b63262507623b6ad575d0d8dd2db980e4e,cxa0af3165c08318e988cb30993b3048335b94af6c,hxd75467e3e4ce64e3424c747dfb71503017440433,0x8b2a21588c80f8d3,0x09b85b8a824f1a792125df75f4b46fb3dc9d90a29c6eadbfd2020075422351d0,1,97764706,10.027864184491932,1748225024675926,Injective,0.0563762625,INJ,0,1,2025-05-26
cx88fd7df7ddff82f7cc735c871dc519838cb235bb,hxd75467e3e4ce64e3424c747dfb71503017440433,cxa0af3165c08318e988cb30993b3048335b94af6c,0x767324dce7f1a4000,0x09b85b8a824f1a792125df75f4b46fb3dc9d90a29c6eadbfd2020075422351d0,0,97764706,136.5633,1748225024675926,Balanced Dollar,0.0563762625,bnUSD,0,1,2025-05-26
cx88fd7df7ddff82f7cc735c871dc519838cb235bb,cxa0af3165c08318e988cb30993b3048335b94af6c,cx5faae53c4dbd1fbe4a2eb4aab6565030f10da5c6,0x2d849af3acd6018,0xabec02837d7aba1208f718f84e00b064a63917ef0e5e8e7763342a3836b5b226,2,97764701,0.20499480000000003,1748225014594423,Balanced Dollar,0.0563762625,bnUSD,0,1,2025-05-26
cx4297f4b63262507623b6ad575d0d8dd2db980e4e,cxa0af3165c08318e988cb30993b3048335b94af6c,hxd75467e3e4ce64e3424c747dfb71503017440433,0x8b718f31177a4b1d,0xabec02837d7aba1208f718f84e00b064a63917ef0e5e8e7763342a3836b5b226,1,97764701,10.047969684650347,1748225014594423,Injective,0.0563762625,INJ,0,1,2025-05-26
cx88fd7df7ddff82f7cc735c871dc519838cb235bb,hxd75467e3e4ce64e3424c747dfb71503017440433,cxa0af3165c08318e988cb30993b3048335b94af6c,0x768953853cc2a4000,0xabec02837d7aba1208f718f84e00b064a63917ef0e5e8e7763342a3836b5b226,0,97764701,136.66320000000002,1748225014594423,Balanced Dollar,0.0563762625,bnUSD,0,1,2025-05-26
cx88fd7df7ddff82f7cc735c871dc519838cb235bb,cxa0af3165c08318e988cb30993b3048335b94af6c,cx5faae53c4dbd1fbe4a2eb4aab6565030f10da5c6,0xbe9bb1597fd2126,0xe01508c04b7c91120f06505da55dee3e02133d404d21692a7168b31b53c4ba87,2,97764572,0.8584229054094462,1748224756696906,Balanced Dollar,0.0705507125,bnUSD,0,2,2025-05-26
cx2609b924e33ef00b648a409245c7ea394c467824,cxa0af3165c08318e988cb30993b3048335b94af6c,hxc1718c79947e0f673296218b5b23adbd9a3b38a8,0xc9a24d9cafe4035062,0xe01508c04b7c91120f06505da55dee3e02133d404d21692a7168b31b53c4ba87,1,97764572,3719.4907349022296,1748224756696906,Staked ICX,0.0705507125,sICX,0,2,2025-05-26
cx88fd7df7ddff82f7cc735c871dc519838cb235bb,hxc1718c79947e0f673296218b5b23adbd9a3b38a8,cxa0af3165c08318e988cb30993b3048335b94af6c,0x1f0601dd9123310000,0xe01508c04b7c91120f06505da55dee3e02133d404d21692a7168b31b53c4ba87,0,97764572,572.2819369396308,1748224756696906,Balanced Dollar,0.0705507125,bnUSD,0,2,2025-05-26
cx88fd7df7ddff82f7cc735c871dc519838cb235bb,cxd82fb5d3effecd8c9071a4bba3856ad7222c4b91,hxc1718c79947e0f673296218b5b23adbd9a3b38a8,0x1f0601dd9123310000,0x2a8460e540f12115468a22cd3a38d1100dcb28095f8071794f7b36141e8cc2cd,0,97764572,572.2819369396308,1748224756696906,Balanced Dollar,0.020694875,bnUSD,0,1,2025-05-26
cx07b184a37f03c6ab681fcbd0b45aec6dc3eafbeb,cx21e94c08c03daee80c25d8ee3ea22a20786ec231,hx0000000000000000000000000000000000000000,0x209be4774e5a81,0x3fcbd385b4ec7d80e1a956ddcbcd3cfde9718eab5820180fd70af656839727b6,10,97764360,0.009178604811213442,1748224332341267,Bitcoin,0.161239975,BTC,0,1,2025-05-26
cx88fd7df7ddff82f7cc735c871dc519838cb235bb,cxa0af3165c08318e988cb30993b3048335b94af6c,cx5faae53c4dbd1fbe4a2eb4aab6565030f10da5c6,0x14d1120d7b160000,0x3fcbd385b4ec7d80e1a956ddcbcd3cfde9718eab5820180fd70af656839727b6,8,97764360,1.5,1748224332341267,Balanced Dollar,0.161239975,bnUSD,0,1,2025-05-26
cx07b184a37f03c6ab681fcbd0b45aec6dc3eafbeb,cxa0af3165c08318e988cb30993b3048335b94af6c,cx21e94c08c03daee80c25d8ee3ea22a20786ec231,0x209be4774e5a81,0x3fcbd385b4ec7d80e1a956ddcbcd3cfde9718eab5820180fd70af656839727b6,7,97764360,0.009178604811213442,1748224332341267,Bitcoin,0.161239975,BTC,0,1,2025-05-26
cx88fd7df7ddff82f7cc735c871dc519838cb235bb,cx21e94c08c03daee80c25d8ee3ea22a20786ec231,cxa0af3165c08318e988cb30993b3048335b94af6c,0x3635c9adc5dea00000,0x3fcbd385b4ec7d80e1a956ddcbcd3cfde9718eab5820180fd70af656839727b6,6,97764360,1000.0,1748224332341267,Balanced Dollar,0.161239975,bnUSD,0,1,2025-05-26
cx88fd7df7ddff82f7cc735c871dc519838cb235bb,cxa09dbb60dcb62fffbd232b6eae132d730a2aafa6,cx21e94c08c03daee80c25d8ee3ea22a20786ec231,0x3635c9adc5dea00000,0x3fcbd385b4ec7d80e1a956ddcbcd3cfde9718eab5820180fd70af656839727b6,5,97764360,1000.0,1748224332341267,Balanced Dollar,0.161239975,bnUSD,0,1,2025-05-26
cx88fd7df7ddff82f7cc735c871dc519838cb235bb,hx0000000000000000000000000000000000000000,cxa09dbb60dcb62fffbd232b6eae132d730a2aafa6,0x3635c9adc5dea00000,0x3fcbd385b4ec7d80e1a956ddcbcd3cfde9718eab5820180fd70af656839727b6,4,97764360,1000.0,1748224332341267,Balanced Dollar,0.161239975,bnUSD,0,1,2025-05-26
cx22319ac7f412f53eabe3c9827acf5e27e9c6a95f,cx21e94c08c03daee80c25d8ee3ea22a20786ec231,cxa09dbb60dcb62fffbd232b6eae132d730a2aafa6,0x3b9aca00,0x3fcbd385b4ec7d80e1a956ddcbcd3cfde9718eab5820180fd70af656839727b6,3,97764360,1000.0,1748224332341267,USDC,0.161239975,USDC,0,1,2025-05-26
cx22319ac7f412f53eabe3c9827acf5e27e9c6a95f,hx0000000000000000000000000000000000000000,cx21e94c08c03daee80c25d8ee3ea22a20786ec231,0x3b9aca00,0x3fcbd385b4ec7d80e1a956ddcbcd3cfde9718eab5820180fd70af656839727b6,1,97764360,1000.0,1748224332341267,USDC,0.161239975,USDC,0,1,2025-05-26
cx88fd7df7ddff82f7cc735c871dc519838cb235bb,cxa0af3165c08318e988cb30993b3048335b94af6c,cx5faae53c4dbd1fbe4a2eb4aab6565030f10da5c6,0xbe5f062fc86f395,0x560a47fc56c234aae718cc8cd2663386bf0e4a10ae87f23e1aefc4143c00420c,2,97764337,0.8573556120181114,1748224286343350,Balanced Dollar,0.0705507125,bnUSD,0,2,2025-05-26
cx2609b924e33ef00b648a409245c7ea394c467824,cxa0af3165c08318e988cb30993b3048335b94af6c,hxc1718c79947e0f673296218b5b23adbd9a3b38a8,0xc9a252b7b038927dd9,0x560a47fc56c234aae718cc8cd2663386bf0e4a10ae87f23e1aefc4143c00420c,1,97764337,3719.4921719653457,1748224286343350,Staked ICX,0.0705507125,sICX,0,2,2025-05-26
cx88fd7df7ddff82f7cc735c871dc519838cb235bb,hxc1718c79947e0f673296218b5b23adbd9a3b38a8,cxa0af3165c08318e988cb30993b3048335b94af6c,0x1efc2201c6f4c50000,0x560a47fc56c234aae718cc8cd2663386bf0e4a10ae87f23e1aefc4143c00420c,0,97764337,571.5704080120743,1748224286343350,Balanced Dollar,0.0705507125,bnUSD,0,2,2025-05-26
cx88fd7df7ddff82f7cc735c871dc519838cb235bb,cxd82fb5d3effecd8c9071a4bba3856ad7222c4b91,hxc1718c79947e0f673296218b5b23adbd9a3b38a8,0x1efc2201c6f4c50000,0x91aa73a91aa39a2385a6590115a992cc3a072b18c76e7685e02cdc884ddbb063,0,97764337,571.5704080120743,1748224286343350,Balanced Dollar,0.02070025,bnUSD,0,1,2025-05-26
cx88fd7df7ddff82f7cc735c871dc519838cb235bb,cxa0af3165c08318e988cb30993b3048335b94af6c,cx5faae53c4dbd1fbe4a2eb4aab6565030f10da5c6,0x2d5a03edeb44c00,0xfcee059d0f79f635418def6bb87c3e74cf42468ea3d957b9b2f556b5e36eeb9d,2,97764283,0.20424555,1748224178608687,Balanced Dollar,0.0563762625,bnUSD,0,1,2025-05-26
cx4297f4b63262507623b6ad575d0d8dd2db980e4e,cxa0af3165c08318e988cb30993b3048335b94af6c,hxd75467e3e4ce64e3424c747dfb71503017440433,0x8b1c4eb738166445,0xfcee059d0f79f635418def6bb87c3e74cf42468ea3d957b9b2f556b5e36eeb9d,1,97764283,10.023973419446854,1748224178608687,Injective,0.0563762625,INJ,0,1,2025-05-26
cx88fd7df7ddff82f7cc735c871dc519838cb235bb,hxd75467e3e4ce64e3424c747dfb71503017440433,cxa0af3165c08318e988cb30993b3048335b94af6c,0x761a6a3b94adb4000,0xfcee059d0f79f635418def6bb87c3e74cf42468ea3d957b9b2f556b5e36eeb9d,0,97764283,136.1637,1748224178608687,Balanced Dollar,0.0563762625,bnUSD,0,1,2025-05-26
cx88fd7df7ddff82f7cc735c871dc519838cb235bb,cxa0af3165c08318e988cb30993b3048335b94af6c,cx5faae53c4dbd1fbe4a2eb4aab6565030f10da5c6,0x2d517f532af47e7,0xc6acbe4953e87e8144edcf09738165894886588d151c3e2c389b1ddd629228f0,2,97764267,0.20409569999999996,1748224146443051,Balanced Dollar,0.0563762625,bnUSD,0,1,2025-05-26
cx4297f4b63262507623b6ad575d0d8dd2db980e4e,cxa0af3165c08318e988cb30993b3048335b94af6c,hxd75467e3e4ce64e3424c747dfb71503017440433,0x8b2f5ad83edb302c,0xc6acbe4953e87e8144edcf09738165894886588d151c3e2c389b1ddd629228f0,1,97764267,10.029334779991371,1748224146443051,Injective,0.0563762625,INJ,0,1,2025-05-26
cx88fd7df7ddff82f7cc735c871dc519838cb235bb,hxd75467e3e4ce64e3424c747dfb71503017440433,cxa0af3165c08318e988cb30993b3048335b94af6c,0x76043b933fdcb4000,0xc6acbe4953e87e8144edcf09738165894886588d151c3e2c389b1ddd629228f0,0,97764267,136.0638,1748224146443051,Balanced Dollar,0.0563762625,bnUSD,0,1,2025-05-26
cx88fd7df7ddff82f7cc735c871dc519838cb235bb,cxd82fb5d3effecd8c9071a4bba3856ad7222c4b91,hxd75467e3e4ce64e3424c747dfb71503017440433,0x6c6b935b8bbd400000,0x903c0f51fa611932f97c470cd1da75a1dec2c7977b2d4c946a67fdc14f092198,0,97764264,2000.0,1748224140339779,Balanced Dollar,0.0206921875,bnUSD,0,1,2025-05-26
cx88fd7df7ddff82f7cc735c871dc519838cb235bb,cxa0af3165c08318e988cb30993b3048335b94af6c,cx5faae53c4dbd1fbe4a2eb4aab6565030f10da5c6,0x2d40761daa54000,0x9bfdd6d816d0ef5feb63d28eb610c95aee443f4e7b813eb077de65f036a6baec,2,97764259,0.203796,1748224130361919,Balanced Dollar,0.0563762625,bnUSD,0,1,2025-05-26
cx4297f4b63262507623b6ad575d0d8dd2db980e4e,cxa0af3165c08318e988cb30993b3048335b94af6c,hxd75467e3e4ce64e3424c747dfb71503017440433,0x8b282d8683eee921,0x9bfdd6d816d0ef5feb63d28eb610c95aee443f4e7b813eb077de65f036a6baec,1,97764259,10.027314626102749,1748224130361919,Injective,0.0563762625,INJ,0,1,2025-05-26
cx88fd7df7ddff82f7cc735c871dc519838cb235bb,hxd75467e3e4ce64e3424c747dfb71503017440433,cxa0af3165c08318e988cb30993b3048335b94af6c,0x75d7de42963ac0000,0x9bfdd6d816d0ef5feb63d28eb610c95aee443f4e7b813eb077de65f036a6baec,0,97764259,135.864,1748224130361919,Balanced Dollar,0.0563762625,bnUSD,0,1,2025-05-26
cx07b184a37f03c6ab681fcbd0b45aec6dc3eafbeb,cx21e94c08c03daee80c25d8ee3ea22a20786ec231,hx2debd9ec927cca1639da8d3518dd9dbf1cdfb357,0x11c36ebfa01cfb,0x04caebc977a1154823f30c9c7f7464bb921f3250d1587cdf843eb08266693465,5,97764242,0.004999955032841467,1748224096412043,Bitcoin,0.0882887625,BTC,0,1,2025-05-26
cx88fd7df7ddff82f7cc735c871dc519838cb235bb,cxa0af3165c08318e988cb30993b3048335b94af6c,cx5faae53c4dbd1fbe4a2eb4aab6565030f10da5c6,0xb50f2a77b4ee46a,0x04caebc977a1154823f30c9c7f7464bb921f3250d1587cdf843eb08266693465,3,97764242,0.8154183336962878,1748224096412043,Balanced Dollar,0.0882887625,bnUSD,0,1,2025-05-26
cx07b184a37f03c6ab681fcbd0b45aec6dc3eafbeb,cxa0af3165c08318e988cb30993b3048335b94af6c,cx21e94c08c03daee80c25d8ee3ea22a20786ec231,0x11c36ebfa01cfb,0x04caebc977a1154823f30c9c7f7464bb921f3250d1587cdf843eb08266693465,2,97764242,0.004999955032841467,1748224096412043,Bitcoin,0.0882887625,BTC,0,1,2025-05-26
cx88fd7df7ddff82f7cc735c871dc519838cb235bb,cx21e94c08c03daee80c25d8ee3ea22a20786ec231,cxa0af3165c08318e988cb30993b3048335b94af6c,0x1d7822942672c82960,0x04caebc977a1154823f30c9c7f7464bb921f3250d1587cdf843eb08266693465,1,97764242,543.6122224641919,1748224096412043,Balanced Dollar,0.0882887625,bnUSD,0,1,2025-05-26
cx88fd7df7ddff82f7cc735c871dc519838cb235bb,hx2debd9ec927cca1639da8d3518dd9dbf1cdfb357,cx21e94c08c03daee80c25d8ee3ea22a20786ec231,0x1d7822942672c82960,0x04caebc977a1154823f30c9c7f7464bb921f3250d1587cdf843eb08266693465,0,97764242,543.6122224641919,1748224096412043,Balanced Dollar,0.0882887625,bnUSD,0,1,2025-05-26
cx88fd7df7ddff82f7cc735c871dc519838cb235bb,cxa0af3165c08318e988cb30993b3048335b94af6c,cx5faae53c4dbd1fbe4a2eb4aab6565030f10da5c6,0x2d2f6ce829b3818,0xe507c2dbd9982bd342901792572d1158530c2323347f92dceeb7197933111509,2,97763950,0.20349630000000002,1748223512142124,Balanced Dollar,0.056395075,bnUSD,0,1,2025-05-26
cx4297f4b63262507623b6ad575d0d8dd2db980e4e,cxa0af3165c08318e988cb30993b3048335b94af6c,hxd75467e3e4ce64e3424c747dfb71503017440433,0x8b20e3310e6dee77,0xe507c2dbd9982bd342901792572d1158530c2323347f92dceeb7197933111509,1,97763950,10.025262570361713,1748223512142124,Injective,0.056395075,INJ,0,1,2025-05-26
cx88fd7df7ddff82f7cc735c871dc519838cb235bb,hxd75467e3e4ce64e3424c747dfb71503017440433,cxa0af3165c08318e988cb30993b3048335b94af6c,0x75ab80f1ec98cc000,0xe507c2dbd9982bd342901792572d1158530c2323347f92dceeb7197933111509,0,97763950,135.66420000000002,1748223512142124,Balanced Dollar,0.056395075,bnUSD,0,1,2025-05-26
cx88fd7df7ddff82f7cc735c871dc519838cb235bb,cx203d9cd2a669be67177e997b8948ce2c35caffae,cx835b300dcfe01f0bdb794e134a0c5628384f4367,0x3cfd0c8e94d3d0cd,0xe47665f1722485d8b184154a6c6b62ff75c9079de0541bb5831c3ebce580cf41,6,97763930,4.394682617905271,1748223472115021,Balanced Dollar,0.098496975,bnUSD,0,1,2025-05-26
cx88fd7df7ddff82f7cc735c871dc519838cb235bb,cx5faae53c4dbd1fbe4a2eb4aab6565030f10da5c6,cx203d9cd2a669be67177e997b8948ce2c35caffae,0x57205b14d49c4edc,0xe47665f1722485d8b184154a6c6b62ff75c9079de0541bb5831c3ebce580cf41,4,97763930,6.278118025578959,1748223472115021,Balanced Dollar,0.098496975,bnUSD,0,1,2025-05-26
cx88fd7df7ddff82f7cc735c871dc519838cb235bb,cx5faae53c4dbd1fbe4a2eb4aab6565030f10da5c6,cxdc30a0d3a1f131565c071272a20bc0b06fd4c17b,0x57205b14d49c4edb,0xe47665f1722485d8b184154a6c6b62ff75c9079de0541bb5831c3ebce580cf41,3,97763930,6.278118025578959,1748223472115021,Balanced Dollar,0.098496975,bnUSD,0,1,2025-05-26
cx88fd7df7ddff82f7cc735c871dc519838cb235bb,cxa0af3165c08318e988cb30993b3048335b94af6c,cx5faae53c4dbd1fbe4a2eb4aab6565030f10da5c6,0x2d1e63b2a912fe7,0xe47665f1722485d8b184154a6c6b62ff75c9079de0541bb5831c3ebce580cf41,2,97763930,0.20319659999999998,1748223472115021,Balanced Dollar,0.098496975,bnUSD,0,1,2025-05-26
cx4297f4b63262507623b6ad575d0d8dd2db980e4e,cxa0af3165c08318e988cb30993b3048335b94af6c,hxd75467e3e4ce64e3424c747dfb71503017440433,0x8b197bc7b1139fdc,0xe47665f1722485d8b184154a6c6b62ff75c9079de0541bb5831c3ebce580cf41,1,97763930,10.023178543289312,1748223472115021,Injective,0.098496975,INJ,0,1,2025-05-26
cx88fd7df7ddff82f7cc735c871dc519838cb235bb,hxd75467e3e4ce64e3424c747dfb71503017440433,cxa0af3165c08318e988cb30993b3048335b94af6c,0x757f23a142f6cc000,0xe47665f1722485d8b184154a6c6b62ff75c9079de0541bb5831c3ebce580cf41,0,97763930,135.46439999999998,1748223472115021,Balanced Dollar,0.098496975,bnUSD,0,1,2025-05-26
cx2609b924e33ef00b648a409245c7ea394c467824,cx43e2eec79eb76293c298f2b17aec06097be606e0,hx0000000000000000000000000000000000000000,0xa0c620d3bd85f28240,0x580b367b3ae074a06b5e96ab9b65aa4113d5be051ff4ad971ac63699cce3dcb2,1,97763871,2965.7556954232423,1748223354089485,Staked ICX,0.0886770375,sICX,0,1,2025-05-26
cx2609b924e33ef00b648a409245c7ea394c467824,hx29eb841f8c659af8e4788eac63e343fb22006aaa,cx43e2eec79eb76293c298f2b17aec06097be606e0,0xa0c620d3bd85f28240,0x580b367b3ae074a06b5e96ab9b65aa4113d5be051ff4ad971ac63699cce3dcb2,0,97763871,2965.7556954232423,1748223354089485,Staked ICX,0.0886770375,sICX,0,1,2025-05-26
cxf61cd5a45dc9f91c15aa65831a30a90d59a09619,cx10d59e8103ab44635190bd4139dbfd682fa2d07e,hx29eb841f8c659af8e4788eac63e343fb22006aaa,0x3fa426ff55a9341e9,0x6d74a556fae22ed0eb7ebd44febc8d79ece80e0d36e00ec63374b03d4d74912c,4,97763861,73.37333117865082,1748223334080163,Balance Token,0.1525813875,BALN,0,1,2025-05-26
cx2609b924e33ef00b648a409245c7ea394c467824,cx10d59e8103ab44635190bd4139dbfd682fa2d07e,hx29eb841f8c659af8e4788eac63e343fb22006aaa,0xa0c620d3bd85f28240,0x6d74a556fae22ed0eb7ebd44febc8d79ece80e0d36e00ec63374b03d4d74912c,2,97763861,2965.7556954232423,1748223334080163,Staked ICX,0.1525813875,sICX,0,1,2025-05-26
cx7baf94bd53b505353285ee4c4c050f9703581703,hx3c72c692480ee86cef5aa9dcf48fdb3d6dd05e14,hx3c72c692480ee86cef5aa9dcf48fdb3d6dd05e14,0x0,0x68051634e6d76ec61405fb9559cf64a022ee44966c30be693bdedbb09c1e4f57,3,97763764,0.0,1748223137828755,unknown_token,0.0950424625,$unknown,31,1,2025-05-26
cx7baf94bd53b505353285ee4c4c050f9703581703,hx3c72c692480ee86cef5aa9dcf48fdb3d6dd05e14,hx3c72c692480ee86cef5aa9dcf48fdb3d6dd05e14,0x0,0x68051634e6d76ec61405fb9559cf64a022ee44966c30be693bdedbb09c1e4f57,2,97763764,0.0,1748223137828755,unknown_token,0.0950424625,$unknown,21,1,2025-05-26
cx7baf94bd53b505353285ee4c4c050f9703581703,hx3c72c692480ee86cef5aa9dcf48fdb3d6dd05e14,hx3c72c692480ee86cef5aa9dcf48fdb3d6dd05e14,0x0,0x68051634e6d76ec61405fb9559cf64a022ee44966c30be693bdedbb09c1e4f57,1,97763764,0.0,1748223137828755,unknown_token,0.0950424625,$unknown,15,1,2025-05-26
cxd17316e24ee40f2ef8ed6f3a497311db1b35206d,hx9645117f1b0c7181a126c7f4f222caefc6ee7a61,hx0000000000000000000000000000000000000000,0x0,0x5533171de2b7e86d0d8f54d6cf5067a1e195aea9d182e505c549388260b3d9e3,15,97762941,0.0,1748221489921816,unknown_token,0.0742464875,$unknown,5,1,2025-05-26
cxd17316e24ee40f2ef8ed6f3a497311db1b35206d,hx66b0a5c1aa35aa0d4ce16bd81e89b6da5f2a379f,hx0000000000000000000000000000000000000000,0x0,0x5533171de2b7e86d0d8f54d6cf5067a1e195aea9d182e505c549388260b3d9e3,14,97762941,0.0,1748221489921816,unknown_token,0.0742464875,$unknown,34,1,2025-05-26
cxd17316e24ee40f2ef8ed6f3a497311db1b35206d,hx8acbfbf57dfc49f5fa9b1df2fc55fd9216b3e7aa,hx0000000000000000000000000000000000000000,0x0,0x5533171de2b7e86d0d8f54d6cf5067a1e195aea9d182e505c549388260b3d9e3,13,97762941,0.0,1748221489921816,unknown_token,0.0742464875,$unknown,34,1,2025-05-26
cxd17316e24ee40f2ef8ed6f3a497311db1b35206d,hxf662476d85bc58ee7aa203810238e0b791afc1c8,hx0000000000000000000000000000000000000000,0x0,0x5533171de2b7e86d0d8f54d6cf5067a1e195aea9d182e505c549388260b3d9e3,12,97762941,0.0,1748221489921816,unknown_token,0.0742464875,$unknown,34,1,2025-05-26
cxd17316e24ee40f2ef8ed6f3a497311db1b35206d,hx9645117f1b0c7181a126c7f4f222caefc6ee7a61,hx0000000000000000000000000000000000000000,0x0,0x5533171de2b7e86d0d8f54d6cf5067a1e195aea9d182e505c549388260b3d9e3,11,97762941,0.0,1748221489921816,unknown_token,0.0742464875,$unknown,34,1,2025-05-26
cx88fd7df7ddff82f7cc735c871dc519838cb235bb,cxa0af3165c08318e988cb30993b3048335b94af6c,cx5faae53c4dbd1fbe4a2eb4aab6565030f10da5c6,0x2d0d5a7d28727ce,0x7cdcafe9d4e6d1e82f5541d95ef90cc1299bd640ebb381a0243f1ca3f1714ba0,2,97762875,0.20289689999999996,1748221358045988,Balanced Dollar,0.056377575,bnUSD,0,1,2025-05-26
cx4297f4b63262507623b6ad575d0d8dd2db980e4e,cxa0af3165c08318e988cb30993b3048335b94af6c,hxd75467e3e4ce64e3424c747dfb71503017440433,0x8b11f73a434584a9,0x7cdcafe9d4e6d1e82f5541d95ef90cc1299bd640ebb381a0243f1ca3f1714ba0,1,97762875,10.021062475484857,1748221358045988,Injective,0.056377575,INJ,0,1,2025-05-26
cx88fd7df7ddff82f7cc735c871dc519838cb235bb,hxd75467e3e4ce64e3424c747dfb71503017440433,cxa0af3165c08318e988cb30993b3048335b94af6c,0x7552c6509954d0000,0x7cdcafe9d4e6d1e82f5541d95ef90cc1299bd640ebb381a0243f1ca3f1714ba0,0,97762875,135.26459999999997,1748221358045988,Balanced Dollar,0.056377575,bnUSD,0,1,2025-05-26
cx88fd7df7ddff82f7cc735c871dc519838cb235bb,cxa0af3165c08318e988cb30993b3048335b94af6c,cx5faae53c4dbd1fbe4a2eb4aab6565030f10da5c6,0x2d04d5e268223e7,0xb362e689b76de473bb33d026f1f941b44eb71c1ae768e5590aa033fee6e7a0b5,2,97762858,0.20274704999999998,1748221323819858,Balanced Dollar,0.056377575,bnUSD,0,1,2025-05-26
cx4297f4b63262507623b6ad575d0d8dd2db980e4e,cxa0af3165c08318e988cb30993b3048335b94af6c,hxd75467e3e4ce64e3424c747dfb71503017440433,0x8b24ad7dd3bf4595,0xb362e689b76de473bb33d026f1f941b44eb71c1ae768e5590aa033fee6e7a0b5,1,97762858,10.026329426368612,1748221323819858,Injective,0.056377575,INJ,0,1,2025-05-26
cx88fd7df7ddff82f7cc735c871dc519838cb235bb,hxd75467e3e4ce64e3424c747dfb71503017440433,cxa0af3165c08318e988cb30993b3048335b94af6c,0x753c97a84483d8000,0xb362e689b76de473bb33d026f1f941b44eb71c1ae768e5590aa033fee6e7a0b5,0,97762858,135.16469999999998,1748221323819858,Balanced Dollar,0.056377575,bnUSD,0,1,2025-05-26
cx88fd7df7ddff82f7cc735c871dc519838cb235bb,cxa0af3165c08318e988cb30993b3048335b94af6c,cx5faae53c4dbd1fbe4a2eb4aab6565030f10da5c6,0x3375869b71fe106,0xeb63483239a47ce3fe7b3b323946fbd1066af7856a9e10067bfa7148cd8e1960,2,97762810,0.2317511169,1748221227806033,Balanced Dollar,0.056404175,bnUSD,0,1,2025-05-26
cx288d13e1b63563459a2ac6179f237711f6851cb5,cxa0af3165c08318e988cb30993b3048335b94af6c,hxd75467e3e4ce64e3424c747dfb71503017440433,0xd5da984c24642a,0xeb63483239a47ce3fe7b3b323946fbd1066af7856a9e10067bfa7148cd8e1960,1,97762810,0.06019451768670724,1748221227806033,Ethereum,0.056404175,ETH,0,1,2025-05-26
cx88fd7df7ddff82f7cc735c871dc519838cb235bb,hxd75467e3e4ce64e3424c747dfb71503017440433,cxa0af3165c08318e988cb30993b3048335b94af6c,0x86020e8a2385a0000,0xeb63483239a47ce3fe7b3b323946fbd1066af7856a9e10067bfa7148cd8e1960,0,97762810,154.5007446,1748221227806033,Balanced Dollar,0.056404175,bnUSD,0,1,2025-05-26
cx07b184a37f03c6ab681fcbd0b45aec6dc3eafbeb,cx21e94c08c03daee80c25d8ee3ea22a20786ec231,hx2debd9ec927cca1639da8d3518dd9dbf1cdfb357,0x11c36ebf9fbe0b,0xbe76a93c9ee1e40bab75dbe2fa11800a2afc4465b0fb68c4c28ff04064c64bcd,5,97762807,0.004999955032817163,1748221221805678,Bitcoin,0.0882927625,BTC,0,1,2025-05-26
cx88fd7df7ddff82f7cc735c871dc519838cb235bb,cxa0af3165c08318e988cb30993b3048335b94af6c,cx5faae53c4dbd1fbe4a2eb4aab6565030f10da5c6,0xb4cb8229c2916c4,0xbe76a93c9ee1e40bab75dbe2fa11800a2afc4465b0fb68c4c28ff04064c64bcd,3,97762807,0.8142280914355545,1748221221805678,Balanced Dollar,0.0882927625,bnUSD,0,1,2025-05-26
cx07b184a37f03c6ab681fcbd0b45aec6dc3eafbeb,cxa0af3165c08318e988cb30993b3048335b94af6c,cx21e94c08c03daee80c25d8ee3ea22a20786ec231,0x11c36ebf9fbe0b,0xbe76a93c9ee1e40bab75dbe2fa11800a2afc4465b0fb68c4c28ff04064c64bcd,2,97762807,0.004999955032817163,1748221221805678,Bitcoin,0.0882927625,BTC,0,1,2025-05-26
cx88fd7df7ddff82f7cc735c871dc519838cb235bb,cx21e94c08c03daee80c25d8ee3ea22a20786ec231,cxa0af3165c08318e988cb30993b3048335b94af6c,0x1d6d1f84cc0055f3c0,0xbe76a93c9ee1e40bab75dbe2fa11800a2afc4465b0fb68c4c28ff04064c64bcd,1,97762807,542.818727623703,1748221221805678,Balanced Dollar,0.0882927625,bnUSD,0,1,2025-05-26
cx88fd7df7ddff82f7cc735c871dc519838cb235bb,hx2debd9ec927cca1639da8d3518dd9dbf1cdfb357,cx21e94c08c03daee80c25d8ee3ea22a20786ec231,0x1d6d1f84cc0055f3c0,0xbe76a93c9ee1e40bab75dbe2fa11800a2afc4465b0fb68c4c28ff04064c64bcd,0,97762807,542.818727623703,1748221221805678,Balanced Dollar,0.0882927625,bnUSD,0,1,2025-05-26
cx88fd7df7ddff82f7cc735c871dc519838cb235bb,cxd82fb5d3effecd8c9071a4bba3856ad7222c4b91,hxd75467e3e4ce64e3424c747dfb71503017440433,0x3635c9adc5dea00000,0x0c18d7e2fcbd71d8aa2a63f868222029fe5fb76bc0e7533b43ded39a1ab02f63,0,97762796,1000.0,1748221199786837,Balanced Dollar,0.0206921875,bnUSD,0,1,2025-05-26
cx88fd7df7ddff82f7cc735c871dc519838cb235bb,cxa0af3165c08318e988cb30993b3048335b94af6c,cx5faae53c4dbd1fbe4a2eb4aab6565030f10da5c6,0x3367444678c3800,0xe71193d1269384ae35eb82ac3a5527a47ba7d1f5601a293b1d646dcc13db3353,2,97762787,0.231500268,1748221181770503,Balanced Dollar,0.056404175,bnUSD,0,1,2025-05-26
cx288d13e1b63563459a2ac6179f237711f6851cb5,cxa0af3165c08318e988cb30993b3048335b94af6c,hxd75467e3e4ce64e3424c747dfb71503017440433,0xd5bd76cb97d660,0xe71193d1269384ae35eb82ac3a5527a47ba7d1f5601a293b1d646dcc13db3353,1,97762787,0.060162487958885985,1748221181770503,Ethereum,0.056404175,ETH,0,1,2025-05-26
cx88fd7df7ddff82f7cc735c871dc519838cb235bb,hxd75467e3e4ce64e3424c747dfb71503017440433,cxa0af3165c08318e988cb30993b3048335b94af6c,0x85dcec778527c8000,0xe71193d1269384ae35eb82ac3a5527a47ba7d1f5601a293b1d646dcc13db3353,0,97762787,154.333512,1748221181770503,Balanced Dollar,0.056404175,bnUSD,0,1,2025-05-26
cx88fd7df7ddff82f7cc735c871dc519838cb235bb,cxa0af3165c08318e988cb30993b3048335b94af6c,cx5faae53c4dbd1fbe4a2eb4aab6565030f10da5c6,0x3c6f37f2a62adf3,0xf1988239b2c196a55635f1a7ab1457a35ea2de755108924dd92030035ad40612,2,97762774,0.272172555,1748221155764273,Balanced Dollar,0.0460587125,bnUSD,0,1,2025-05-26
cx508002ec116fbf3ab406329c0df28e70d7e75fb3,cxa0af3165c08318e988cb30993b3048335b94af6c,hxd75467e3e4ce64e3424c747dfb71503017440433,0xbab9ed5e6,0xf1988239b2c196a55635f1a7ab1457a35ea2de755108924dd92030035ad40612,1,97762774,50.123953638,1748221155764273,Sui,0.0460587125,SUI,0,1,2025-05-26
cx88fd7df7ddff82f7cc735c871dc519838cb235bb,hxd75467e3e4ce64e3424c747dfb71503017440433,cxa0af3165c08318e988cb30993b3048335b94af6c,0x9d61a1b290ba50000,0xf1988239b2c196a55635f1a7ab1457a35ea2de755108924dd92030035ad40612,0,97762774,181.44836999999998,1748221155764273,Balanced Dollar,0.0460587125,bnUSD,0,1,2025-05-26
cx07b184a37f03c6ab681fcbd0b45aec6dc3eafbeb,cx21e94c08c03daee80c25d8ee3ea22a20786ec231,hx2debd9ec927cca1639da8d3518dd9dbf1cdfb357,0x11c36ebf9f65ea,0x991187e799cf62195509573af1bb4754c20e22572bb29338ed6162f2f091ba3a,5,97762772,0.004999955032794602,1748221151983134,Bitcoin,0.0882887625,BTC,0,1,2025-05-26
cx88fd7df7ddff82f7cc735c871dc519838cb235bb,cxa0af3165c08318e988cb30993b3048335b94af6c,cx5faae53c4dbd1fbe4a2eb4aab6565030f10da5c6,0xb487ffbe92f581a,0x991187e799cf62195509573af1bb4754c20e22572bb29338ed6162f2f091ba3a,3,97762772,0.8130404526660875,1748221151983134,Balanced Dollar,0.0882887625,bnUSD,0,1,2025-05-26
cx07b184a37f03c6ab681fcbd0b45aec6dc3eafbeb,cxa0af3165c08318e988cb30993b3048335b94af6c,cx21e94c08c03daee80c25d8ee3ea22a20786ec231,0x11c36ebf9f65ea,0x991187e799cf62195509573af1bb4754c20e22572bb29338ed6162f2f091ba3a,2,97762772,0.004999955032794602,1748221151983134,Bitcoin,0.0882887625,BTC,0,1,2025-05-26
cx88fd7df7ddff82f7cc735c871dc519838cb235bb,cx21e94c08c03daee80c25d8ee3ea22a20786ec231,cxa0af3165c08318e988cb30993b3048335b94af6c,0x1d6222a00495f56e60,0x991187e799cf62195509573af1bb4754c20e22572bb29338ed6162f2f091ba3a,1,97762772,542.0269684440583,1748221151983134,Balanced Dollar,0.0882887625,bnUSD,0,1,2025-05-26
cx88fd7df7ddff82f7cc735c871dc519838cb235bb,hx2debd9ec927cca1639da8d3518dd9dbf1cdfb357,cx21e94c08c03daee80c25d8ee3ea22a20786ec231,0x1d6222a00495f56e60,0x991187e799cf62195509573af1bb4754c20e22572bb29338ed6162f2f091ba3a,0,97762772,542.0269684440583,1748221151983134,Balanced Dollar,0.0882887625,bnUSD,0,1,2025-05-26
cx88fd7df7ddff82f7cc735c871dc519838cb235bb,cxa0af3165c08318e988cb30993b3048335b94af6c,cx5faae53c4dbd1fbe4a2eb4aab6565030f10da5c6,0x3c656c40af68312,0xeb418ce85609bc06042de360e37c6cae64dc8efe2b37d16f337ea4482674358a,2,97762767,0.2720002275,1748221141990157,Balanced Dollar,0.0460587125,bnUSD,0,1,2025-05-26
cx508002ec116fbf3ab406329c0df28e70d7e75fb3,cxa0af3165c08318e988cb30993b3048335b94af6c,hxd75467e3e4ce64e3424c747dfb71503017440433,0xbad4c446d,0xeb418ce85609bc06042de360e37c6cae64dc8efe2b37d16f337ea4482674358a,1,97762767,50.152096877,1748221141990157,Sui,0.0460587125,SUI,0,1,2025-05-26
cx88fd7df7ddff82f7cc735c871dc519838cb235bb,hxd75467e3e4ce64e3424c747dfb71503017440433,cxa0af3165c08318e988cb30993b3048335b94af6c,0x9d481f3dc8ca00000,0xeb418ce85609bc06042de360e37c6cae64dc8efe2b37d16f337ea4482674358a,0,97762767,181.33348500000002,1748221141990157,Balanced Dollar,0.0460587125,bnUSD,0,1,2025-05-26
cx88fd7df7ddff82f7cc735c871dc519838cb235bb,cxa0af3165c08318e988cb30993b3048335b94af6c,cx5faae53c4dbd1fbe4a2eb4aab6565030f10da5c6,0x335d814d72636c8,0x93c177cc0665324eec04c08c3650fc6b5a9c1d07a5a76720432009fd349ba130,2,97762763,0.23132853989999994,1748221133918163,Balanced Dollar,0.0564068625,bnUSD,0,1,2025-05-26
cx288d13e1b63563459a2ac6179f237711f6851cb5,cxa0af3165c08318e988cb30993b3048335b94af6c,hxd75467e3e4ce64e3424c747dfb71503017440433,0xd5b2fa021d32a9,0x93c177cc0665324eec04c08c3650fc6b5a9c1d07a5a76720432009fd349ba130,1,97762763,0.0601509568864058,1748221133918163,Ethereum,0.0564068625,ETH,0,1,2025-05-26
cx88fd7df7ddff82f7cc735c871dc519838cb235bb,hxd75467e3e4ce64e3424c747dfb71503017440433,cxa0af3165c08318e988cb30993b3048335b94af6c,0x85c380b9af3840000,0x93c177cc0665324eec04c08c3650fc6b5a9c1d07a5a76720432009fd349ba130,0,97762763,154.21902659999995,1748221133918163,Balanced Dollar,0.0564068625,bnUSD,0,1,2025-05-26
cx88fd7df7ddff82f7cc735c871dc519838cb235bb,cxa0af3165c08318e988cb30993b3048335b94af6c,cx5faae53c4dbd1fbe4a2eb4aab6565030f10da5c6,0x335c05e099a13e7,0xc598c4616471f8112a69ff1957e9be905c8720b0f59e92528e29f9b4ff3db425,2,97762756,0.23130246599999998,1748221119844003,Balanced Dollar,0.0564028625,bnUSD,0,1,2025-05-26
cx288d13e1b63563459a2ac6179f237711f6851cb5,cxa0af3165c08318e988cb30993b3048335b94af6c,hxd75467e3e4ce64e3424c747dfb71503017440433,0xd5caebd541c2d1,0xc598c4616471f8112a69ff1957e9be905c8720b0f59e92528e29f9b4ff3db425,1,97762756,0.06017728428335176,1748221119844003,Ethereum,0.0564028625,ETH,0,1,2025-05-26
cx88fd7df7ddff82f7cc735c871dc519838cb235bb,hxd75467e3e4ce64e3424c747dfb71503017440433,cxa0af3165c08318e988cb30993b3048335b94af6c,0x85bfa4a39013e8000,0xc598c4616471f8112a69ff1957e9be905c8720b0f59e92528e29f9b4ff3db425,0,97762756,154.201644,1748221119844003,Balanced Dollar,0.0564028625,bnUSD,0,1,2025-05-26
cx88fd7df7ddff82f7cc735c871dc519838cb235bb,cxa0af3165c08318e988cb30993b3048335b94af6c,cx5faae53c4dbd1fbe4a2eb4aab6565030f10da5c6,0x334c3b095f10937,0xff95afa24e5beafe82d90c45fa48d75a7b364cccc9d2a24046ef717eb35b917d,2,97762740,0.23102464410000007,1748221087739027,Balanced Dollar,0.0564028625,bnUSD,0,1,2025-05-26
cx288d13e1b63563459a2ac6179f237711f6851cb5,cxa0af3165c08318e988cb30993b3048335b94af6c,hxd75467e3e4ce64e3424c747dfb71503017440433,0xd5a74338cfc3bb,0xff95afa24e5beafe82d90c45fa48d75a7b364cccc9d2a24046ef717eb35b917d,1,97762740,0.06013807719715731,1748221087739027,Ethereum,0.0564028625,ETH,0,1,2025-05-26
cx88fd7df7ddff82f7cc735c871dc519838cb235bb,hxd75467e3e4ce64e3424c747dfb71503017440433,cxa0af3165c08318e988cb30993b3048335b94af6c,0x85968468679080000,0xff95afa24e5beafe82d90c45fa48d75a7b364cccc9d2a24046ef717eb35b917d,0,97762740,154.01642940000005,1748221087739027,Balanced Dollar,0.0564028625,bnUSD,0,1,2025-05-26
cx88fd7df7ddff82f7cc735c871dc519838cb235bb,cxd82fb5d3effecd8c9071a4bba3856ad7222c4b91,hxd75467e3e4ce64e3424c747dfb71503017440433,0x3635c9adc5dea00000,0x94f40b4e04b1a256805bedcc742aa5eb150144db9f0b7a427645bc2102500780,0,97762737,1000.0,1748221081733989,Balanced Dollar,0.020694875,bnUSD,0,1,2025-05-26
cx88fd7df7ddff82f7cc735c871dc519838cb235bb,cxa0af3165c08318e988cb30993b3048335b94af6c,cx5faae53c4dbd1fbe4a2eb4aab6565030f10da5c6,0x3353f2aa0e5320c,0xa94228e8cd35e523698196fec967a14dae7ef6164c878623472beb75137ee585,2,97762734,0.2311604082,1748221075868796,Balanced Dollar,0.0563988625,bnUSD,0,1,2025-05-26
cx288d13e1b63563459a2ac6179f237711f6851cb5,cxa0af3165c08318e988cb30993b3048335b94af6c,hxd75467e3e4ce64e3424c747dfb71503017440433,0xd5e5849387c22d,0xa94228e8cd35e523698196fec967a14dae7ef6164c878623472beb75137ee585,1,97762734,0.06020652761296132,1748221075868796,Ethereum,0.0563988625,ETH,0,1,2025-05-26
cx88fd7df7ddff82f7cc735c871dc519838cb235bb,hxd75467e3e4ce64e3424c747dfb71503017440433,cxa0af3165c08318e988cb30993b3048335b94af6c,0x85aa9d45854dd0000,0xa94228e8cd35e523698196fec967a14dae7ef6164c878623472beb75137ee585,0,97762734,154.1069388,1748221075868796,Balanced Dollar,0.0563988625,bnUSD,0,1,2025-05-26
cx88fd7df7ddff82f7cc735c871dc519838cb235bb,cxa0af3165c08318e988cb30993b3048335b94af6c,cx5faae53c4dbd1fbe4a2eb4aab6565030f10da5c6,0x334aa571b5267ce,0x9c1a402289959f2a02ff88235ba4d07e93e65856a56800d8c009e09e94ba645b,2,97762724,0.23099677199999996,1748221055749805,Balanced Dollar,0.0564028625,bnUSD,0,2,2025-05-26
cx288d13e1b63563459a2ac6179f237711f6851cb5,cxa0af3165c08318e988cb30993b3048335b94af6c,hxd75467e3e4ce64e3424c747dfb71503017440433,0xd5dcdecbc067c2,0x9c1a402289959f2a02ff88235ba4d07e93e65856a56800d8c009e09e94ba645b,1,97762724,0.06019701949860448,1748221055749805,Ethereum,0.0564028625,ETH,0,2,2025-05-26
cx88fd7df7ddff82f7cc735c871dc519838cb235bb,hxd75467e3e4ce64e3424c747dfb71503017440433,cxa0af3165c08318e988cb30993b3048335b94af6c,0x8592642d726990000,0x9c1a402289959f2a02ff88235ba4d07e93e65856a56800d8c009e09e94ba645b,0,97762724,153.99784799999998,1748221055749805,Balanced Dollar,0.0564028625,bnUSD,0,2,2025-05-26
cx66a031cc3bd305c76371fb586e93801b948254f0,hxd75467e3e4ce64e3424c747dfb71503017440433,hx0000000000000000000000000000000000000000,0x270801d946c940000,0x4c373ea6a0b950ca4308410a6d0d51f3640a8fb804bc34e249d775a277c1bc16,0,97762721,45.0,1748221049753695,Avalanche,0.02275575,AVAX,0,1,2025-05-26
cx88fd7df7ddff82f7cc735c871dc519838cb235bb,cxa0af3165c08318e988cb30993b3048335b94af6c,cx5faae53c4dbd1fbe4a2eb4aab6565030f10da5c6,0x33499fc58997be7,0xcdc79f0a20236ba00f52f92b41d51d1e95030df9ff49666a687f913bda3e66d7,2,97762719,0.23097878999999996,1748221045963556,Balanced Dollar,0.0564028625,bnUSD,0,1,2025-05-26
cx288d13e1b63563459a2ac6179f237711f6851cb5,cxa0af3165c08318e988cb30993b3048335b94af6c,hxd75467e3e4ce64e3424c747dfb71503017440433,0xd5f6bbd8ec0a25,0xcdc79f0a20236ba00f52f92b41d51d1e95030df9ff49666a687f913bda3e66d7,1,97762719,0.060225456698034724,1748221045963556,Ethereum,0.0564028625,ETH,0,1,2025-05-26
cx88fd7df7ddff82f7cc735c871dc519838cb235bb,hxd75467e3e4ce64e3424c747dfb71503017440433,cxa0af3165c08318e988cb30993b3048335b94af6c,0x858fbabd165080000,0xcdc79f0a20236ba00f52f92b41d51d1e95030df9ff49666a687f913bda3e66d7,0,97762719,153.98585999999997,1748221045963556,Balanced Dollar,0.0564028625,bnUSD,0,1,2025-05-26
cx4297f4b63262507623b6ad575d0d8dd2db980e4e,cx21e94c08c03daee80c25d8ee3ea22a20786ec231,hx2debd9ec927cca1639da8d3518dd9dbf1cdfb357,0x1a05473f3e3365b6b,0x62649edaae457356fa56b47684bf11671b3956a8ab3d56b8abd49c85116e65db,5,97762716,29.999730509147955,1748221039764916,Injective,0.088385925,INJ,0,1,2025-05-26
cx88fd7df7ddff82f7cc735c871dc519838cb235bb,cxa0af3165c08318e988cb30993b3048335b94af6c,cx5faae53c4dbd1fbe4a2eb4aab6565030f10da5c6,0x865c8bcedd44dde,0x62649edaae457356fa56b47684bf11671b3956a8ab3d56b8abd49c85116e65db,3,97762716,0.6051104387207203,1748221039764916,Balanced Dollar,0.088385925,bnUSD,0,1,2025-05-26
cx4297f4b63262507623b6ad575d0d8dd2db980e4e,cxa0af3165c08318e988cb30993b3048335b94af6c,cx21e94c08c03daee80c25d8ee3ea22a20786ec231,0x1a05473f3e3365b6b,0x62649edaae457356fa56b47684bf11671b3956a8ab3d56b8abd49c85116e65db,2,97762716,29.999730509147955,1748221039764916,Injective,0.088385925,INJ,0,1,2025-05-26
cx88fd7df7ddff82f7cc735c871dc519838cb235bb,cx21e94c08c03daee80c25d8ee3ea22a20786ec231,cxa0af3165c08318e988cb30993b3048335b94af6c,0x15de656c00ae357220,0x62649edaae457356fa56b47684bf11671b3956a8ab3d56b8abd49c85116e65db,1,97762716,403.4069591471469,1748221039764916,Balanced Dollar,0.088385925,bnUSD,0,1,2025-05-26
cx88fd7df7ddff82f7cc735c871dc519838cb235bb,hx2debd9ec927cca1639da8d3518dd9dbf1cdfb357,cx21e94c08c03daee80c25d8ee3ea22a20786ec231,0x15de656c00ae357220,0x62649edaae457356fa56b47684bf11671b3956a8ab3d56b8abd49c85116e65db,0,97762716,403.4069591471469,1748221039764916,Balanced Dollar,0.088385925,bnUSD,0,1,2025-05-26
cx88fd7df7ddff82f7cc735c871dc519838cb235bb,cxa0af3165c08318e988cb30993b3048335b94af6c,cx5faae53c4dbd1fbe4a2eb4aab6565030f10da5c6,0x2f65050ba4ea800,0x7de28d5847f0ad0e2f09846654e86e74ab5b4135bbb0ca5e0b30c32c41b27bfb,2,97762711,0.21344634,1748221029732289,Balanced Dollar,0.0563089625,bnUSD,0,1,2025-05-26
cx66a031cc3bd305c76371fb586e93801b948254f0,cxa0af3165c08318e988cb30993b3048335b94af6c,hxd75467e3e4ce64e3424c747dfb71503017440433,0x5373f4e603f4f901,0x7de28d5847f0ad0e2f09846654e86e74ab5b4135bbb0ca5e0b30c32c41b27bfb,1,97762711,6.013419196215786,1748221029732289,Avalanche,0.0563089625,AVAX,0,1,2025-05-26
cx88fd7df7ddff82f7cc735c871dc519838cb235bb,hxd75467e3e4ce64e3424c747dfb71503017440433,cxa0af3165c08318e988cb30993b3048335b94af6c,0x7b6c67ce52cd58000,0x7de28d5847f0ad0e2f09846654e86e74ab5b4135bbb0ca5e0b30c32c41b27bfb,0,97762711,142.29756,1748221029732289,Balanced Dollar,0.0563089625,bnUSD,0,1,2025-05-26
cx88fd7df7ddff82f7cc735c871dc519838cb235bb,cxa0af3165c08318e988cb30993b3048335b94af6c,cx5faae53c4dbd1fbe4a2eb4aab6565030f10da5c6,0x3335b12838381db,0xf1eaad8507805079965081cf2c8dc081ce39747a5f6f8221919a091ee29b4ab8,2,97762707,0.23062814099999995,1748221021737784,Balanced Dollar,0.0564028625,bnUSD,0,1,2025-05-26
cx288d13e1b63563459a2ac6179f237711f6851cb5,cxa0af3165c08318e988cb30993b3048335b94af6c,hxd75467e3e4ce64e3424c747dfb71503017440433,0xd5c1a92458008c,0xf1eaad8507805079965081cf2c8dc081ce39747a5f6f8221919a091ee29b4ab8,1,97762707,0.060167102242750604,1748221021737784,Ethereum,0.0564028625,ETH,0,1,2025-05-26
cx88fd7df7ddff82f7cc735c871dc519838cb235bb,hxd75467e3e4ce64e3424c747dfb71503017440433,cxa0af3165c08318e988cb30993b3048335b94af6c,0x855bd2ae126778000,0xf1eaad8507805079965081cf2c8dc081ce39747a5f6f8221919a091ee29b4ab8,0,97762707,153.75209399999997,1748221021737784,Balanced Dollar,0.0564028625,bnUSD,0,1,2025-05-26
cx4297f4b63262507623b6ad575d0d8dd2db980e4e,hxd75467e3e4ce64e3424c747dfb71503017440433,hx0000000000000000000000000000000000000000,0x56bc75e2d63100000,0x09ffdde2a96f1d55201d96ba504ec09ec99e9f493f9441d34d8d97441dfcecbf,0,97762694,100.0,1748220996164818,Injective,0.0226061875,INJ,0,1,2025-05-26
cx88fd7df7ddff82f7cc735c871dc519838cb235bb,cxa0af3165c08318e988cb30993b3048335b94af6c,cx5faae53c4dbd1fbe4a2eb4aab6565030f10da5c6,0x2cc935a725f0818,0xb3283a80e7240c531b65692c7080ed8d520176b82d1f591eab11e2132590545a,2,97762612,0.20169810000000002,1748220831653297,Balanced Dollar,0.0563762625,bnUSD,0,1,2025-05-26
cx4297f4b63262507623b6ad575d0d8dd2db980e4e,cxa0af3165c08318e988cb30993b3048335b94af6c,hxd75467e3e4ce64e3424c747dfb71503017440433,0x8b1f739c50b5cefa,0xb3283a80e7240c531b65692c7080ed8d520176b82d1f591eab11e2132590545a,1,97762612,10.024858410756199,1748220831653297,Injective,0.0563762625,INJ,0,1,2025-05-26
cx88fd7df7ddff82f7cc735c871dc519838cb235bb,hxd75467e3e4ce64e3424c747dfb71503017440433,cxa0af3165c08318e988cb30993b3048335b94af6c,0x74a1510df2ccfc000,0xb3283a80e7240c531b65692c7080ed8d520176b82d1f591eab11e2132590545a,0,97762612,134.46540000000002,1748220831653297,Balanced Dollar,0.0563762625,bnUSD,0,1,2025-05-26
cx88fd7df7ddff82f7cc735c871dc519838cb235bb,cxa0af3165c08318e988cb30993b3048335b94af6c,cx5faae53c4dbd1fbe4a2eb4aab6565030f10da5c6,0x2f5acc51f156fe7,0xa9abae993137bc87db8057d8a069fd26f5a3468f5987b9bf84dc8adafd21f044,2,97762592,0.21326652,1748220791829007,Balanced Dollar,0.0563089625,bnUSD,0,1,2025-05-26
cx66a031cc3bd305c76371fb586e93801b948254f0,cxa0af3165c08318e988cb30993b3048335b94af6c,hxd75467e3e4ce64e3424c747dfb71503017440433,0x5377faf33f6432cd,0xa9abae993137bc87db8057d8a069fd26f5a3468f5987b9bf84dc8adafd21f044,1,97762592,6.014551750024115,1748220791829007,Avalanche,0.0563089625,AVAX,0,1,2025-05-26
cx88fd7df7ddff82f7cc735c871dc519838cb235bb,hxd75467e3e4ce64e3424c747dfb71503017440433,cxa0af3165c08318e988cb30993b3048335b94af6c,0x7b51c96ab9d28c000,0xa9abae993137bc87db8057d8a069fd26f5a3468f5987b9bf84dc8adafd21f044,0,97762592,142.17767999999998,1748220791829007,Balanced Dollar,0.0563089625,bnUSD,0,1,2025-05-26
cx88fd7df7ddff82f7cc735c871dc519838cb235bb,cxa0af3165c08318e988cb30993b3048335b94af6c,cx5faae53c4dbd1fbe4a2eb4aab6565030f10da5c6,0x3326ebfd29362e1,0x308904ae384e5fb5b5e87a82dc996db0bd39072e7f8a2796a89bd1bbad0ff81b,2,97762589,0.23036830109999998,1748220785777940,Balanced Dollar,0.0564028625,bnUSD,0,1,2025-05-26
cx288d13e1b63563459a2ac6179f237711f6851cb5,cxa0af3165c08318e988cb30993b3048335b94af6c,hxd75467e3e4ce64e3424c747dfb71503017440433,0xd5a20a1de14a9e,0x308904ae384e5fb5b5e87a82dc996db0bd39072e7f8a2796a89bd1bbad0ff81b,1,97762589,0.060132334374046366,1748220785777940,Ethereum,0.0564028625,ETH,0,1,2025-05-26
cx88fd7df7ddff82f7cc735c871dc519838cb235bb,hxd75467e3e4ce64e3424c747dfb71503017440433,cxa0af3165c08318e988cb30993b3048335b94af6c,0x85355be345fd18000,0x308904ae384e5fb5b5e87a82dc996db0bd39072e7f8a2796a89bd1bbad0ff81b,0,97762589,153.57886739999998,1748220785777940,Balanced Dollar,0.0564028625,bnUSD,0,1,2025-05-26
cx07b184a37f03c6ab681fcbd0b45aec6dc3eafbeb,cx21e94c08c03daee80c25d8ee3ea22a20786ec231,hx2debd9ec927cca1639da8d3518dd9dbf1cdfb357,0x11c36ebf9f06ac,0x93fb23024ba8c290a18e8c1e8327d3a406b7987783eac05a60309b2df654b60f,5,97762583,0.00499995503277022,1748220773815585,Bitcoin,0.08828745,BTC,0,1,2025-05-26
cx88fd7df7ddff82f7cc735c871dc519838cb235bb,cxa0af3165c08318e988cb30993b3048335b94af6c,cx5faae53c4dbd1fbe4a2eb4aab6565030f10da5c6,0xb444a319e2723e2,0x93fb23024ba8c290a18e8c1e8327d3a406b7987783eac05a60309b2df654b60f,3,97762583,0.8118554098007501,1748220773815585,Balanced Dollar,0.08828745,bnUSD,0,1,2025-05-26
cx07b184a37f03c6ab681fcbd0b45aec6dc3eafbeb,cxa0af3165c08318e988cb30993b3048335b94af6c,cx21e94c08c03daee80c25d8ee3ea22a20786ec231,0x11c36ebf9f06ac,0x93fb23024ba8c290a18e8c1e8327d3a406b7987783eac05a60309b2df654b60f,2,97762583,0.00499995503277022,1748220773815585,Bitcoin,0.08828745,BTC,0,1,2025-05-26
cx88fd7df7ddff82f7cc735c871dc519838cb235bb,cx21e94c08c03daee80c25d8ee3ea22a20786ec231,cxa0af3165c08318e988cb30993b3048335b94af6c,0x1d572be13685ed71e0,0x93fb23024ba8c290a18e8c1e8327d3a406b7987783eac05a60309b2df654b60f,1,97762583,541.2369398671667,1748220773815585,Balanced Dollar,0.08828745,bnUSD,0,1,2025-05-26
cx88fd7df7ddff82f7cc735c871dc519838cb235bb,hx2debd9ec927cca1639da8d3518dd9dbf1cdfb357,cx21e94c08c03daee80c25d8ee3ea22a20786ec231,0x1d572be13685ed71e0,0x93fb23024ba8c290a18e8c1e8327d3a406b7987783eac05a60309b2df654b60f,0,97762583,541.2369398671667,1748220773815585,Balanced Dollar,0.08828745,bnUSD,0,1,2025-05-26
cx88fd7df7ddff82f7cc735c871dc519838cb235bb,cxa0af3165c08318e988cb30993b3048335b94af6c,cx5faae53c4dbd1fbe4a2eb4aab6565030f10da5c6,0x2cb82c71a550000,0x511f172da4df545199bd75af6b63e710510292d060ee51088f8ed5b1e2e9714d,2,97762567,0.2013984,1748220741808578,Balanced Dollar,0.0563762625,bnUSD,0,1,2025-05-26
cx4297f4b63262507623b6ad575d0d8dd2db980e4e,cxa0af3165c08318e988cb30993b3048335b94af6c,hxd75467e3e4ce64e3424c747dfb71503017440433,0x8b176106abc66245,0x511f172da4df545199bd75af6b63e710510292d060ee51088f8ed5b1e2e9714d,1,97762567,10.022586177015931,1748220741808578,Injective,0.0563762625,INJ,0,1,2025-05-26
cx88fd7df7ddff82f7cc735c871dc519838cb235bb,hxd75467e3e4ce64e3424c747dfb71503017440433,cxa0af3165c08318e988cb30993b3048335b94af6c,0x7474f3bd492b00000,0x511f172da4df545199bd75af6b63e710510292d060ee51088f8ed5b1e2e9714d,0,97762567,134.2656,1748220741808578,Balanced Dollar,0.0563762625,bnUSD,0,1,2025-05-26
cx3975b43d260fb8ec802cef6e60c2f4d07486f11d,hx1adc2b41608d81704d775ff143f43ab6efe0d792,hx0000000000000000000000000000000000000000,0x1a58bd0f57f639f0e2,0xe7f01546d67d756a1dbe4ac3a8c240ef4228de6778125c658af92a93bd042dc3,14,97762496,486.0096298328519,1748220599567046,Wrapped ICX,0.2131571875,wICX,0,1,2025-05-26
cx3975b43d260fb8ec802cef6e60c2f4d07486f11d,cx21e94c08c03daee80c25d8ee3ea22a20786ec231,hx1adc2b41608d81704d775ff143f43ab6efe0d792,0x1a58bd0f57f639f0e2,0xe7f01546d67d756a1dbe4ac3a8c240ef4228de6778125c658af92a93bd042dc3,13,97762496,486.0096298328519,1748220599567046,Wrapped ICX,0.2131571875,wICX,0,1,2025-05-26
cx2609b924e33ef00b648a409245c7ea394c467824,cxa0af3165c08318e988cb30993b3048335b94af6c,cx5faae53c4dbd1fbe4a2eb4aab6565030f10da5c6,0x79d2a10df22d857,0xe7f01546d67d756a1dbe4ac3a8c240ef4228de6778125c658af92a93bd042dc3,11,97762496,0.5486409815605147,1748220599567046,Staked ICX,0.2131571875,sICX,0,1,2025-05-26
cx3975b43d260fb8ec802cef6e60c2f4d07486f11d,cxa0af3165c08318e988cb30993b3048335b94af6c,cx21e94c08c03daee80c25d8ee3ea22a20786ec231,0x1a58bd0f57f639f0e2,0xe7f01546d67d756a1dbe4ac3a8c240ef4228de6778125c658af92a93bd042dc3,10,97762496,486.0096298328519,1748220599567046,Wrapped ICX,0.2131571875,wICX,0,1,2025-05-26
cx2609b924e33ef00b648a409245c7ea394c467824,cx21e94c08c03daee80c25d8ee3ea22a20786ec231,cxa0af3165c08318e988cb30993b3048335b94af6c,0x13d3f2e1451568b7f8,0xe7f01546d67d756a1dbe4ac3a8c240ef4228de6778125c658af92a93bd042dc3,9,97762496,365.76065437367646,1748220599567046,Staked ICX,0.2131571875,sICX,0,1,2025-05-26
cx88fd7df7ddff82f7cc735c871dc519838cb235bb,cxa0af3165c08318e988cb30993b3048335b94af6c,cx5faae53c4dbd1fbe4a2eb4aab6565030f10da5c6,0x12b52526ef2c2a3,0xe7f01546d67d756a1dbe4ac3a8c240ef4228de6778125c658af92a93bd042dc3,7,97762496,0.08425153203868535,1748220599567046,Balanced Dollar,0.2131571875,bnUSD,0,1,2025-05-26
cx2609b924e33ef00b648a409245c7ea394c467824,cxa0af3165c08318e988cb30993b3048335b94af6c,cx21e94c08c03daee80c25d8ee3ea22a20786ec231,0x13d3f2e1451568b7f8,0xe7f01546d67d756a1dbe4ac3a8c240ef4228de6778125c658af92a93bd042dc3,6,97762496,365.76065437367646,1748220599567046,Staked ICX,0.2131571875,sICX,0,1,2025-05-26
cx88fd7df7ddff82f7cc735c871dc519838cb235bb,cx21e94c08c03daee80c25d8ee3ea22a20786ec231,cxa0af3165c08318e988cb30993b3048335b94af6c,0x30b7bb6ab98303332,0xe7f01546d67d756a1dbe4ac3a8c240ef4228de6778125c658af92a93bd042dc3,5,97762496,56.167688025790234,1748220599567046,Balanced Dollar,0.2131571875,bnUSD,0,1,2025-05-26
cx88fd7df7ddff82f7cc735c871dc519838cb235bb,cxa0af3165c08318e988cb30993b3048335b94af6c,cx5faae53c4dbd1fbe4a2eb4aab6565030f10da5c6,0x12c330bab2e3973,0xe7f01546d67d756a1dbe4ac3a8c240ef4228de6778125c658af92a93bd042dc3,3,97762496,0.08449861822278693,1748220599567046,Balanced Dollar,0.2131571875,bnUSD,0,1,2025-05-26
cx88fd7df7ddff82f7cc735c871dc519838cb235bb,cxa0af3165c08318e988cb30993b3048335b94af6c,cx21e94c08c03daee80c25d8ee3ea22a20786ec231,0x30b7bb6ab98303332,0xe7f01546d67d756a1dbe4ac3a8c240ef4228de6778125c658af92a93bd042dc3,2,97762496,56.167688025790234,1748220599567046,Balanced Dollar,0.2131571875,bnUSD,0,1,2025-05-26
cx07b184a37f03c6ab681fcbd0b45aec6dc3eafbeb,cx21e94c08c03daee80c25d8ee3ea22a20786ec231,cxa0af3165c08318e988cb30993b3048335b94af6c,0x1db1221af2c70,0xe7f01546d67d756a1dbe4ac3a8c240ef4228de6778125c658af92a93bd042dc3,1,97762496,0.000522345897733232,1748220599567046,Bitcoin,0.2131571875,BTC,0,1,2025-05-26
cx07b184a37f03c6ab681fcbd0b45aec6dc3eafbeb,hx1adc2b41608d81704d775ff143f43ab6efe0d792,cx21e94c08c03daee80c25d8ee3ea22a20786ec231,0x1db1221af2c70,0xe7f01546d67d756a1dbe4ac3a8c240ef4228de6778125c658af92a93bd042dc3,0,97762496,0.000522345897733232,1748220599567046,Bitcoin,0.2131571875,BTC,0,1,2025-05-26
cx88fd7df7ddff82f7cc735c871dc519838cb235bb,cxa0af3165c08318e988cb30993b3048335b94af6c,cx5faae53c4dbd1fbe4a2eb4aab6565030f10da5c6,0x2cafa7d6e4ffc18,0xdf0a9f2716b47eaa5e369fb80b2bff0fcd03a73077256218d33a6bd787409448,2,97762463,0.20124855000000003,1748220533681794,Balanced Dollar,0.0563762625,bnUSD,0,1,2025-05-26
cx4297f4b63262507623b6ad575d0d8dd2db980e4e,cxa0af3165c08318e988cb30993b3048335b94af6c,hxd75467e3e4ce64e3424c747dfb71503017440433,0x8b29bc11161ee2d3,0xdf0a9f2716b47eaa5e369fb80b2bff0fcd03a73077256218d33a6bd787409448,1,97762463,10.027752826888708,1748220533681794,Injective,0.0563762625,INJ,0,1,2025-05-26
cx88fd7df7ddff82f7cc735c871dc519838cb235bb,hxd75467e3e4ce64e3424c747dfb71503017440433,cxa0af3165c08318e988cb30993b3048335b94af6c,0x745ec514f45a08000,0xdf0a9f2716b47eaa5e369fb80b2bff0fcd03a73077256218d33a6bd787409448,0,97762463,134.16570000000002,1748220533681794,Balanced Dollar,0.0563762625,bnUSD,0,1,2025-05-26
cx88fd7df7ddff82f7cc735c871dc519838cb235bb,cxa0af3165c08318e988cb30993b3048335b94af6c,cx5faae53c4dbd1fbe4a2eb4aab6565030f10da5c6,0x2cafa7d6e4ffc18,0xbae3b8f2042178087fd975b2c9bf761bd1a4dad94db02920e4fa99a987af605a,2,97762455,0.20124855000000003,1748220517551822,Balanced Dollar,0.0563762625,bnUSD,0,1,2025-05-26
cx4297f4b63262507623b6ad575d0d8dd2db980e4e,cxa0af3165c08318e988cb30993b3048335b94af6c,hxd75467e3e4ce64e3424c747dfb71503017440433,0x8b56a6e984d131f2,0xbae3b8f2042178087fd975b2c9bf761bd1a4dad94db02920e4fa99a987af605a,1,97762455,10.040395941154992,1748220517551822,Injective,0.0563762625,INJ,0,1,2025-05-26
cx88fd7df7ddff82f7cc735c871dc519838cb235bb,hxd75467e3e4ce64e3424c747dfb71503017440433,cxa0af3165c08318e988cb30993b3048335b94af6c,0x745ec514f45a08000,0xbae3b8f2042178087fd975b2c9bf761bd1a4dad94db02920e4fa99a987af605a,0,97762455,134.16570000000002,1748220517551822,Balanced Dollar,0.0563762625,bnUSD,0,1,2025-05-26
cx88fd7df7ddff82f7cc735c871dc519838cb235bb,cxa0af3165c08318e988cb30993b3048335b94af6c,cx5faae53c4dbd1fbe4a2eb4aab6565030f10da5c6,0x2f4b773b63f9c00,0xfd47d071bb9becbc7af8d154995d49aca27acd218608ea8e7155065de4037296,2,97762452,0.21299679,1748220511519381,Balanced Dollar,0.0563089625,bnUSD,0,1,2025-05-26
cx66a031cc3bd305c76371fb586e93801b948254f0,cxa0af3165c08318e988cb30993b3048335b94af6c,hxd75467e3e4ce64e3424c747dfb71503017440433,0x5372f5bc20bdb649,0xfd47d071bb9becbc7af8d154995d49aca27acd218608ea8e7155065de4037296,1,97762452,6.0131386408449945,1748220511519381,Avalanche,0.0563089625,AVAX,0,1,2025-05-26
cx88fd7df7ddff82f7cc735c871dc519838cb235bb,hxd75467e3e4ce64e3424c747dfb71503017440433,cxa0af3165c08318e988cb30993b3048335b94af6c,0x7b29dbd5545a64000,0xfd47d071bb9becbc7af8d154995d49aca27acd218608ea8e7155065de4037296,0,97762452,141.99786,1748220511519381,Balanced Dollar,0.0563089625,bnUSD,0,1,2025-05-26
cx88fd7df7ddff82f7cc735c871dc519838cb235bb,cxa0af3165c08318e988cb30993b3048335b94af6c,cx5faae53c4dbd1fbe4a2eb4aab6565030f10da5c6,0x2c9e9ea1645f400,0xb4c4cd955829a7b90f25611487cbb553efd65f0c024504a7d7c595b0182cd936,2,97762443,0.20094885,1748220493684211,Balanced Dollar,0.0563762625,bnUSD,0,1,2025-05-26
cx4297f4b63262507623b6ad575d0d8dd2db980e4e,cxa0af3165c08318e988cb30993b3048335b94af6c,hxd75467e3e4ce64e3424c747dfb71503017440433,0x8b4e6ed8a6d55cb4,0xb4c4cd955829a7b90f25611487cbb553efd65f0c024504a7d7c595b0182cd936,1,97762443,10.038082496246407,1748220493684211,Injective,0.0563762625,INJ,0,1,2025-05-26
cx88fd7df7ddff82f7cc735c871dc519838cb235bb,hxd75467e3e4ce64e3424c747dfb71503017440433,cxa0af3165c08318e988cb30993b3048335b94af6c,0x743267c44ab80c000,0xb4c4cd955829a7b90f25611487cbb553efd65f0c024504a7d7c595b0182cd936,0,97762443,133.9659,1748220493684211,Balanced Dollar,0.0563762625,bnUSD,0,1,2025-05-26
cx88fd7df7ddff82f7cc735c871dc519838cb235bb,cxa0af3165c08318e988cb30993b3048335b94af6c,cx5faae53c4dbd1fbe4a2eb4aab6565030f10da5c6,0x2f465ade8a2ffe7,0x8fb1211398f127a903ec8a864d93a7e96d9903dde7173498c2b5828003373a38,2,97762440,0.21290687999999997,1748220487516308,Balanced Dollar,0.0563089625,bnUSD,0,1,2025-05-26
cx66a031cc3bd305c76371fb586e93801b948254f0,cxa0af3165c08318e988cb30993b3048335b94af6c,hxd75467e3e4ce64e3424c747dfb71503017440433,0x537ff4086a534d46,0x8fb1211398f127a903ec8a864d93a7e96d9903dde7173498c2b5828003373a38,1,97762440,6.016795944171032,1748220487516308,Avalanche,0.0563089625,AVAX,0,1,2025-05-26
cx88fd7df7ddff82f7cc735c871dc519838cb235bb,hxd75467e3e4ce64e3424c747dfb71503017440433,cxa0af3165c08318e988cb30993b3048335b94af6c,0x7b1c8ca387dcfc000,0x8fb1211398f127a903ec8a864d93a7e96d9903dde7173498c2b5828003373a38,0,97762440,141.93792,1748220487516308,Balanced Dollar,0.0563089625,bnUSD,0,1,2025-05-26
cx07b184a37f03c6ab681fcbd0b45aec6dc3eafbeb,cx21e94c08c03daee80c25d8ee3ea22a20786ec231,hx1adc2b41608d81704d775ff143f43ab6efe0d792,0x1cf43cdb61c70,0x3595e50ba8505716390aba5fc3075ccde76d6dd8cb6e944fffedc5af413ed6c2,5,97762438,0.000509365097733232,1748220483663942,Bitcoin,0.085966575,BTC,0,1,2025-05-26
cx88fd7df7ddff82f7cc735c871dc519838cb235bb,cxa0af3165c08318e988cb30993b3048335b94af6c,cx5faae53c4dbd1fbe4a2eb4aab6565030f10da5c6,0x125a48efefcdc8a,0x3595e50ba8505716390aba5fc3075ccde76d6dd8cb6e944fffedc5af413ed6c2,3,97762438,0.0826531022465179,1748220483663942,Balanced Dollar,0.085966575,bnUSD,0,1,2025-05-26
cx07b184a37f03c6ab681fcbd0b45aec6dc3eafbeb,cxa0af3165c08318e988cb30993b3048335b94af6c,cx21e94c08c03daee80c25d8ee3ea22a20786ec231,0x1cf43cdb61c70,0x3595e50ba8505716390aba5fc3075ccde76d6dd8cb6e944fffedc5af413ed6c2,2,97762438,0.000509365097733232,1748220483663942,Bitcoin,0.085966575,BTC,0,1,2025-05-26
cx88fd7df7ddff82f7cc735c871dc519838cb235bb,cx21e94c08c03daee80c25d8ee3ea22a20786ec231,cxa0af3165c08318e988cb30993b3048335b94af6c,0x2fcb1df0d5d28ff0c,0x3595e50ba8505716390aba5fc3075ccde76d6dd8cb6e944fffedc5af413ed6c2,1,97762438,55.10206816434527,1748220483663942,Balanced Dollar,0.085966575,bnUSD,0,1,2025-05-26
cx88fd7df7ddff82f7cc735c871dc519838cb235bb,hx1adc2b41608d81704d775ff143f43ab6efe0d792,cx21e94c08c03daee80c25d8ee3ea22a20786ec231,0x2fcb1df0d5d28ff0c,0x3595e50ba8505716390aba5fc3075ccde76d6dd8cb6e944fffedc5af413ed6c2,0,97762438,55.10206816434527,1748220483663942,Balanced Dollar,0.085966575,bnUSD,0,1,2025-05-26
cx88fd7df7ddff82f7cc735c871dc519838cb235bb,cx55f6ac86d82a14022c338c8c0033eeceeeab382d,hx1adc2b41608d81704d775ff143f43ab6efe0d792,0x2fcb1df0d5d28ff0c,0xfaa4d36b65ba66cb27fc079e17a45aa1f9fad396579be911156dd974d9baf84c,1,97762425,55.10206816434527,1748220457701813,Balanced Dollar,0.01336245,bnUSD,0,1,2025-05-26
cx88fd7df7ddff82f7cc735c871dc519838cb235bb,hx1adc2b41608d81704d775ff143f43ab6efe0d792,cx55f6ac86d82a14022c338c8c0033eeceeeab382d,0x2fcb1df0d5d28ff0c,0xd4b9e5fb75b0825100398bbdd59ce5a56b8636cab88ccf6125cd7eab0fa7abb2,0,97762417,55.10206816434527,1748220441700180,Balanced Dollar,0.0156742125,bnUSD,0,1,2025-05-26
cx88fd7df7ddff82f7cc735c871dc519838cb235bb,cxd82fb5d3effecd8c9071a4bba3856ad7222c4b91,hxd75467e3e4ce64e3424c747dfb71503017440433,0x3635c9adc5dea00000,0x8bf7e699c79918d96a86379c6548947006dcabee7ddf12b10979fa388b565860,0,97762411,1000.0,1748220429507740,Balanced Dollar,0.0206921875,bnUSD,0,1,2025-05-26
cx88fd7df7ddff82f7cc735c871dc519838cb235bb,cxd82fb5d3effecd8c9071a4bba3856ad7222c4b91,hxd75467e3e4ce64e3424c747dfb71503017440433,0x3635c9adc5dea00000,0x63c8605afc72b64d43bc8699fa2db8189255466d1f336c53fd42590c3f6de2cd,0,97762409,1000.0,1748220425627824,Balanced Dollar,0.0206921875,bnUSD,0,1,2025-05-26
cx88fd7df7ddff82f7cc735c871dc519838cb235bb,hx0000000000000000000000000000000000000000,cx5faae53c4dbd1fbe4a2eb4aab6565030f10da5c6,0x9fdbf19d204a55,0xdc6c28cfff7188688d92f745e928e5c582ed565307a7866daa18790e6475ebfe,3,97762404,0.04499635206673468,1748220415610212,Balanced Dollar,0.105700025,bnUSD,0,1,2025-05-26
cx88fd7df7ddff82f7cc735c871dc519838cb235bb,cx66d4d90f5f113eba575bf793570135f9b10cece1,hx1adc2b41608d81704d775ff143f43ab6efe0d792,0x1383993e6e3112fe1,0xdc6c28cfff7188688d92f745e928e5c582ed565307a7866daa18790e6475ebfe,1,97762404,22.49817603336734,1748220415610212,Balanced Dollar,0.105700025,bnUSD,0,1,2025-05-26
cx88fd7df7ddff82f7cc735c871dc519838cb235bb,hx0000000000000000000000000000000000000000,cx66d4d90f5f113eba575bf793570135f9b10cece1,0x1383993e6e3112fe1,0xdc6c28cfff7188688d92f745e928e5c582ed565307a7866daa18790e6475ebfe,0,97762404,22.49817603336734,1748220415610212,Balanced Dollar,0.105700025,bnUSD,0,1,2025-05-26
cx88fd7df7ddff82f7cc735c871dc519838cb235bb,hx0000000000000000000000000000000000000000,cx5faae53c4dbd1fbe4a2eb4aab6565030f10da5c6,0xe7aa226186310d,0x6fcbe5328cf8d17fe99980cb24ef0f23c3014b5385ea429936c7f34fe78f4e45,3,97762395,0.06520778426195585,1748220397564884,Balanced Dollar,0.1018036125,bnUSD,0,1,2025-05-26
cx88fd7df7ddff82f7cc735c871dc519838cb235bb,cx66d4d90f5f113eba575bf793570135f9b10cece1,hx1adc2b41608d81704d775ff143f43ab6efe0d792,0x1c4784b267a17cf2b,0x6fcbe5328cf8d17fe99980cb24ef0f23c3014b5385ea429936c7f34fe78f4e45,1,97762395,32.603892130977925,1748220397564884,Balanced Dollar,0.1018036125,bnUSD,0,1,2025-05-26
cx88fd7df7ddff82f7cc735c871dc519838cb235bb,hx0000000000000000000000000000000000000000,cx66d4d90f5f113eba575bf793570135f9b10cece1,0x1c4784b267a17cf2b,0x6fcbe5328cf8d17fe99980cb24ef0f23c3014b5385ea429936c7f34fe78f4e45,0,97762395,32.603892130977925,1748220397564884,Balanced Dollar,0.1018036125,bnUSD,0,1,2025-05-26
cx88fd7df7ddff82f7cc735c871dc519838cb235bb,cxa0af3165c08318e988cb30993b3048335b94af6c,cx5faae53c4dbd1fbe4a2eb4aab6565030f10da5c6,0x2c7c8c36631e3e7,0x999bce30bbb64e1902f0310a4b4bf4d05a58facd300284bada396b347b36e644,2,97762384,0.20034944999999998,1748220375599935,Balanced Dollar,0.0563762625,bnUSD,0,1,2025-05-26
cx4297f4b63262507623b6ad575d0d8dd2db980e4e,cxa0af3165c08318e988cb30993b3048335b94af6c,hxd75467e3e4ce64e3424c747dfb71503017440433,0x8b10cf41c00472f0,0x999bce30bbb64e1902f0310a4b4bf4d05a58facd300284bada396b347b36e644,1,97762384,10.020737052200694,1748220375599935,Injective,0.0563762625,INJ,0,1,2025-05-26
cx88fd7df7ddff82f7cc735c871dc519838cb235bb,hxd75467e3e4ce64e3424c747dfb71503017440433,cxa0af3165c08318e988cb30993b3048335b94af6c,0x73d9ad22f77418000,0x999bce30bbb64e1902f0310a4b4bf4d05a58facd300284bada396b347b36e644,0,97762384,133.56629999999998,1748220375599935,Balanced Dollar,0.0563762625,bnUSD,0,1,2025-05-26
cx88fd7df7ddff82f7cc735c871dc519838cb235bb,cxa0af3165c08318e988cb30993b3048335b94af6c,cx5faae53c4dbd1fbe4a2eb4aab6565030f10da5c6,0x2f3705c7fcd2be7,0x59472ec754742b0de2d4a052b06e86c3c4cda0150092d4dbf279d27d9fd27cc1,2,97762374,0.21263714999999997,1748220355492011,Balanced Dollar,0.0563089625,bnUSD,0,1,2025-05-26
cx66a031cc3bd305c76371fb586e93801b948254f0,cxa0af3165c08318e988cb30993b3048335b94af6c,hxd75467e3e4ce64e3424c747dfb71503017440433,0x537adeed61a3a38d,0x59472ec754742b0de2d4a052b06e86c3c4cda0150092d4dbf279d27d9fd27cc1,1,97762374,6.015365363433449,1748220355492011,Avalanche,0.0563089625,AVAX,0,1,2025-05-26
cx88fd7df7ddff82f7cc735c871dc519838cb235bb,hxd75467e3e4ce64e3424c747dfb71503017440433,cxa0af3165c08318e988cb30993b3048335b94af6c,0x7af49f0e2264d0000,0x59472ec754742b0de2d4a052b06e86c3c4cda0150092d4dbf279d27d9fd27cc1,0,97762374,141.75809999999998,1748220355492011,Balanced Dollar,0.0563089625,bnUSD,0,1,2025-05-26
cx88fd7df7ddff82f7cc735c871dc519838cb235bb,cxa0af3165c08318e988cb30993b3048335b94af6c,cx5faae53c4dbd1fbe4a2eb4aab6565030f10da5c6,0x2c7c8c36631e3e7,0xdeff119774d3885335f72fb692348e3b6e4c7784633131954f54b002c00f8abd,2,97762371,0.20034944999999998,1748220349486149,Balanced Dollar,0.0563762625,bnUSD,0,1,2025-05-26
cx4297f4b63262507623b6ad575d0d8dd2db980e4e,cxa0af3165c08318e988cb30993b3048335b94af6c,hxd75467e3e4ce64e3424c747dfb71503017440433,0x8b3d945651b4ac77,0xdeff119774d3885335f72fb692348e3b6e4c7784633131954f54b002c00f8abd,1,97762371,10.033338643310227,1748220349486149,Injective,0.0563762625,INJ,0,1,2025-05-26
cx88fd7df7ddff82f7cc735c871dc519838cb235bb,hxd75467e3e4ce64e3424c747dfb71503017440433,cxa0af3165c08318e988cb30993b3048335b94af6c,0x73d9ad22f77418000,0xdeff119774d3885335f72fb692348e3b6e4c7784633131954f54b002c00f8abd,0,97762371,133.56629999999998,1748220349486149,Balanced Dollar,0.0563762625,bnUSD,0,1,2025-05-26
cx88fd7df7ddff82f7cc735c871dc519838cb235bb,cxa0af3165c08318e988cb30993b3048335b94af6c,cx5faae53c4dbd1fbe4a2eb4aab6565030f10da5c6,0x2f27b0b16f75800,0x4eeb1a340bcb1cbe061e23603e9c1e02a36a7aaad52354e4ac4d1da04857812c,2,97762315,0.21236742,1748220237431082,Balanced Dollar,0.0563089625,bnUSD,0,1,2025-05-26
cx66a031cc3bd305c76371fb586e93801b948254f0,cxa0af3165c08318e988cb30993b3048335b94af6c,hxd75467e3e4ce64e3424c747dfb71503017440433,0x5375bd1672a80daf,0x4eeb1a340bcb1cbe061e23603e9c1e02a36a7aaad52354e4ac4d1da04857812c,1,97762315,6.013920781533712,1748220237431082,Avalanche,0.0563089625,AVAX,0,1,2025-05-26
cx88fd7df7ddff82f7cc735c871dc519838cb235bb,hxd75467e3e4ce64e3424c747dfb71503017440433,cxa0af3165c08318e988cb30993b3048335b94af6c,0x7accb178bceca8000,0x4eeb1a340bcb1cbe061e23603e9c1e02a36a7aaad52354e4ac4d1da04857812c,0,97762315,141.57828,1748220237431082,Balanced Dollar,0.0563089625,bnUSD,0,1,2025-05-26
cx88fd7df7ddff82f7cc735c871dc519838cb235bb,cxa0af3165c08318e988cb30993b3048335b94af6c,cx5faae53c4dbd1fbe4a2eb4aab6565030f10da5c6,0x2f2ccd0e493f3e7,0xb8f0bde1dbf27ef5a41ca7c105e7ee34254d63aa9131e903addcbfdca2641b8f,2,97762305,0.21245732999999997,1748220217442625,Balanced Dollar,0.0563089625,bnUSD,0,1,2025-05-26
cx66a031cc3bd305c76371fb586e93801b948254f0,cxa0af3165c08318e988cb30993b3048335b94af6c,hxd75467e3e4ce64e3424c747dfb71503017440433,0x5394cb82890871be,0xb8f0bde1dbf27ef5a41ca7c105e7ee34254d63aa9131e903addcbfdca2641b8f,1,97762305,6.022662363206415,1748220217442625,Avalanche,0.0563089625,AVAX,0,1,2025-05-26
cx88fd7df7ddff82f7cc735c871dc519838cb235bb,hxd75467e3e4ce64e3424c747dfb71503017440433,cxa0af3165c08318e988cb30993b3048335b94af6c,0x7ada00aa896a08000,0xb8f0bde1dbf27ef5a41ca7c105e7ee34254d63aa9131e903addcbfdca2641b8f,0,97762305,141.63822,1748220217442625,Balanced Dollar,0.0563089625,bnUSD,0,1,2025-05-26
cx88fd7df7ddff82f7cc735c871dc519838cb235bb,cxa0af3165c08318e988cb30993b3048335b94af6c,cx5faae53c4dbd1fbe4a2eb4aab6565030f10da5c6,0x2f31e96b2309000,0x8eadfc8da9ab6d20a2e8d3123721e0a7d2fc941b79ad49af8351e7ee37cf4a6b,2,97762300,0.21254724,1748220207590304,Balanced Dollar,0.0563089625,bnUSD,0,1,2025-05-26
cx66a031cc3bd305c76371fb586e93801b948254f0,cxa0af3165c08318e988cb30993b3048335b94af6c,hxd75467e3e4ce64e3424c747dfb71503017440433,0x53b3e9ce8c3998ff,0x8eadfc8da9ab6d20a2e8d3123721e0a7d2fc941b79ad49af8351e7ee37cf4a6b,1,97762300,6.031421399304346,1748220207590304,Avalanche,0.0563089625,AVAX,0,1,2025-05-26
cx88fd7df7ddff82f7cc735c871dc519838cb235bb,hxd75467e3e4ce64e3424c747dfb71503017440433,cxa0af3165c08318e988cb30993b3048335b94af6c,0x7ae74fdc55e770000,0x8eadfc8da9ab6d20a2e8d3123721e0a7d2fc941b79ad49af8351e7ee37cf4a6b,0,97762300,141.69816,1748220207590304,Balanced Dollar,0.0563089625,bnUSD,0,1,2025-05-26
cxf61cd5a45dc9f91c15aa65831a30a90d59a09619,cx9345f80d6c98357ccbb70392b14162199c2c5f66,cxd82fb5d3effecd8c9071a4bba3856ad7222c4b91,0x1329b2050b6ac002,0x3b733e5f368d2ce9111ab9083edea82dc1a95aa8183ab2adb2a6690b25f6a71d,4,97762292,1.3808304955018937,1748220191593907,Balance Token,0.130607425,BALN,0,1,2025-05-26
cx2609b924e33ef00b648a409245c7ea394c467824,cx9345f80d6c98357ccbb70392b14162199c2c5f66,cxd82fb5d3effecd8c9071a4bba3856ad7222c4b91,0x142438e33e90d6cf0,0x3b733e5f368d2ce9111ab9083edea82dc1a95aa8183ab2adb2a6690b25f6a71d,3,97762292,23.221560457256857,1748220191593907,Staked ICX,0.130607425,sICX,0,1,2025-05-26
cx88fd7df7ddff82f7cc735c871dc519838cb235bb,hx0000000000000000000000000000000000000000,cx5faae53c4dbd1fbe4a2eb4aab6565030f10da5c6,0x0,0x3b733e5f368d2ce9111ab9083edea82dc1a95aa8183ab2adb2a6690b25f6a71d,2,97762292,0.0,1748220191593907,Balanced Dollar,0.130607425,bnUSD,0,1,2025-05-26
cx88fd7df7ddff82f7cc735c871dc519838cb235bb,hx0000000000000000000000000000000000000000,cxd82fb5d3effecd8c9071a4bba3856ad7222c4b91,0x1ec8ea89b59eb02d,0x3b733e5f368d2ce9111ab9083edea82dc1a95aa8183ab2adb2a6690b25f6a71d,1,97762292,2.2182806936584645,1748220191593907,Balanced Dollar,0.130607425,bnUSD,0,1,2025-05-26
cx88fd7df7ddff82f7cc735c871dc519838cb235bb,hx1adc2b41608d81704d775ff143f43ab6efe0d792,cxd82fb5d3effecd8c9071a4bba3856ad7222c4b91,0x21d1b37e0abecdc4e,0x3b733e5f368d2ce9111ab9083edea82dc1a95aa8183ab2adb2a6690b25f6a71d,0,97762292,38.99081963698683,1748220191593907,Balanced Dollar,0.130607425,bnUSD,0,1,2025-05-26
cx88fd7df7ddff82f7cc735c871dc519838cb235bb,cx55f6ac86d82a14022c338c8c0033eeceeeab382d,hx1adc2b41608d81704d775ff143f43ab6efe0d792,0x21d1b37e0abecdc4e,0x8e2803b1be53368ca679d44c1472504a54e58379a8d79d431948e0b9c983f363,1,97762285,38.99081963698683,1748220177407770,Balanced Dollar,0.01336245,bnUSD,0,1,2025-05-26
cx88fd7df7ddff82f7cc735c871dc519838cb235bb,hx1adc2b41608d81704d775ff143f43ab6efe0d792,cx55f6ac86d82a14022c338c8c0033eeceeeab382d,0x21d1b37e0abecdc4e,0xcb32577f800b449eb2a0ba4abb757571271f87693fbfd325b5e9aeaa836b3da6,0,97762276,38.99081963698683,1748220159394122,Balanced Dollar,0.0156742125,bnUSD,0,1,2025-05-26
cx88fd7df7ddff82f7cc735c871dc519838cb235bb,cxa0af3165c08318e988cb30993b3048335b94af6c,cx5faae53c4dbd1fbe4a2eb4aab6565030f10da5c6,0x33234b0d282e9db,0xfd1182601f089c3f50f38c0f50462eca70df7ba9d116b8cd7572dec05ef5e35f,2,97762274,0.23030446499999996,1748220155378863,Balanced Dollar,0.0564028625,bnUSD,0,1,2025-05-26
cx288d13e1b63563459a2ac6179f237711f6851cb5,cxa0af3165c08318e988cb30993b3048335b94af6c,hxd75467e3e4ce64e3424c747dfb71503017440433,0xd5b0e95f32cb84,0xfd1182601f089c3f50f38c0f50462eca70df7ba9d116b8cd7572dec05ef5e35f,1,97762274,0.06014868641040269,1748220155378863,Ethereum,0.0564028625,ETH,0,1,2025-05-26
cx88fd7df7ddff82f7cc735c871dc519838cb235bb,hxd75467e3e4ce64e3424c747dfb71503017440433,cxa0af3165c08318e988cb30993b3048335b94af6c,0x852be8c798a410000,0xfd1182601f089c3f50f38c0f50462eca70df7ba9d116b8cd7572dec05ef5e35f,0,97762274,153.53631,1748220155378863,Balanced Dollar,0.0564028625,bnUSD,0,1,2025-05-26
cx88fd7df7ddff82f7cc735c871dc519838cb235bb,cx21e94c08c03daee80c25d8ee3ea22a20786ec231,hx7497c286aa521b09b2b54d78cde3fa4573c0e157,0x3decc2c86bd8c602d,0x4b84ac6442e9aa547f7afbd93589b761219365fa5cd7c71e7661961de0c1f873,20,97762267,71.39448795001496,1748220141572949,Balanced Dollar,0.4206565875,bnUSD,0,1,2025-05-26
cx88fd7df7ddff82f7cc735c871dc519838cb235bb,cxa0af3165c08318e988cb30993b3048335b94af6c,cx5faae53c4dbd1fbe4a2eb4aab6565030f10da5c6,0x17d94cea593abf9,0x4b84ac6442e9aa547f7afbd93589b761219365fa5cd7c71e7661961de0c1f873,18,97762267,0.10740558138885221,1748220141572949,Balanced Dollar,0.4206565875,bnUSD,0,1,2025-05-26
cx88fd7df7ddff82f7cc735c871dc519838cb235bb,cxa0af3165c08318e988cb30993b3048335b94af6c,cx21e94c08c03daee80c25d8ee3ea22a20786ec231,0x3decc2c86bd8c602d,0x4b84ac6442e9aa547f7afbd93589b761219365fa5cd7c71e7661961de0c1f873,17,97762267,71.39448795001496,1748220141572949,Balanced Dollar,0.4206565875,bnUSD,0,1,2025-05-26
cx2609b924e33ef00b648a409245c7ea394c467824,cx21e94c08c03daee80c25d8ee3ea22a20786ec231,cxa0af3165c08318e988cb30993b3048335b94af6c,0x195aca658e1e9650f5,0x4b84ac6442e9aa547f7afbd93589b761219365fa5cd7c71e7661961de0c1f873,16,97762267,467.71075491252077,1748220141572949,Staked ICX,0.4206565875,sICX,0,1,2025-05-26
cx2609b924e33ef00b648a409245c7ea394c467824,cx203d9cd2a669be67177e997b8948ce2c35caffae,cx835b300dcfe01f0bdb794e134a0c5628384f4367,0x469f5ff67148f3c,0x4b84ac6442e9aa547f7afbd93589b761219365fa5cd7c71e7661961de0c1f873,13,97762267,0.31805572600119686,1748220141572949,Staked ICX,0.4206565875,sICX,0,1,2025-05-26
cx2609b924e33ef00b648a409245c7ea394c467824,cx5faae53c4dbd1fbe4a2eb4aab6565030f10da5c6,cx203d9cd2a669be67177e997b8948ce2c35caffae,0x64e3ada9341f132,0x4b84ac6442e9aa547f7afbd93589b761219365fa5cd7c71e7661961de0c1f873,10,97762267,0.45436532285885267,1748220141572949,Staked ICX,0.4206565875,sICX,0,1,2025-05-26
cx2609b924e33ef00b648a409245c7ea394c467824,cx5faae53c4dbd1fbe4a2eb4aab6565030f10da5c6,cxdc30a0d3a1f131565c071272a20bc0b06fd4c17b,0x64e3ada9341f132,0x4b84ac6442e9aa547f7afbd93589b761219365fa5cd7c71e7661961de0c1f873,8,97762267,0.45436532285885267,1748220141572949,Staked ICX,0.4206565875,sICX,0,1,2025-05-26
cx2609b924e33ef00b648a409245c7ea394c467824,cxa0af3165c08318e988cb30993b3048335b94af6c,cx5faae53c4dbd1fbe4a2eb4aab6565030f10da5c6,0x9c2aae14d561c98,0x4b84ac6442e9aa547f7afbd93589b761219365fa5cd7c71e7661961de0c1f873,7,97762267,0.7033123764650713,1748220141572949,Staked ICX,0.4206565875,sICX,0,1,2025-05-26
cx2609b924e33ef00b648a409245c7ea394c467824,cxa0af3165c08318e988cb30993b3048335b94af6c,cx21e94c08c03daee80c25d8ee3ea22a20786ec231,0x195aca658e1e9650f5,0x4b84ac6442e9aa547f7afbd93589b761219365fa5cd7c71e7661961de0c1f873,6,97762267,467.71075491252077,1748220141572949,Staked ICX,0.4206565875,sICX,0,1,2025-05-26
cxf61cd5a45dc9f91c15aa65831a30a90d59a09619,cx21e94c08c03daee80c25d8ee3ea22a20786ec231,cxa0af3165c08318e988cb30993b3048335b94af6c,0x37a2b8c24440742f40,0x4b84ac6442e9aa547f7afbd93589b761219365fa5cd7c71e7661961de0c1f873,5,97762267,1026.2962592822794,1748220141572949,Balance Token,0.4206565875,BALN,0,1,2025-05-26
cx88fd7df7ddff82f7cc735c871dc519838cb235bb,cxa0af3165c08318e988cb30993b3048335b94af6c,cx5faae53c4dbd1fbe4a2eb4aab6565030f10da5c6,0x17bcff9d3d78f74,0x4b84ac6442e9aa547f7afbd93589b761219365fa5cd7c71e7661961de0c1f873,3,97762267,0.1069076880812645,1748220141572949,Balanced Dollar,0.4206565875,bnUSD,0,1,2025-05-26
cxf61cd5a45dc9f91c15aa65831a30a90d59a09619,cxa0af3165c08318e988cb30993b3048335b94af6c,cx21e94c08c03daee80c25d8ee3ea22a20786ec231,0x37a2b8c24440742f40,0x4b84ac6442e9aa547f7afbd93589b761219365fa5cd7c71e7661961de0c1f873,2,97762267,1026.2962592822794,1748220141572949,Balance Token,0.4206565875,BALN,0,1,2025-05-26
cx88fd7df7ddff82f7cc735c871dc519838cb235bb,cx21e94c08c03daee80c25d8ee3ea22a20786ec231,cxa0af3165c08318e988cb30993b3048335b94af6c,0x3dd18454256b04000,0x4b84ac6442e9aa547f7afbd93589b761219365fa5cd7c71e7661961de0c1f873,1,97762267,71.27179205417633,1748220141572949,Balanced Dollar,0.4206565875,bnUSD,0,1,2025-05-26
cx88fd7df7ddff82f7cc735c871dc519838cb235bb,hx7497c286aa521b09b2b54d78cde3fa4573c0e157,cx21e94c08c03daee80c25d8ee3ea22a20786ec231,0x3dd18454256b04000,0x4b84ac6442e9aa547f7afbd93589b761219365fa5cd7c71e7661961de0c1f873,0,97762267,71.27179205417633,1748220141572949,Balanced Dollar,0.4206565875,bnUSD,0,1,2025-05-26
cx88fd7df7ddff82f7cc735c871dc519838cb235bb,cxa0af3165c08318e988cb30993b3048335b94af6c,cx5faae53c4dbd1fbe4a2eb4aab6565030f10da5c6,0x2c62fe66222d818,0xe6028f464f7c4cd6dcf924d6b458a0e32cdd8344fc66cc114da9ce6080b8cd1f,2,97762266,0.19989990000000002,1748220139434535,Balanced Dollar,0.0563762625,bnUSD,0,1,2025-05-26
cx4297f4b63262507623b6ad575d0d8dd2db980e4e,cxa0af3165c08318e988cb30993b3048335b94af6c,hxd75467e3e4ce64e3424c747dfb71503017440433,0x8b1a4cdd7638f69f,0xe6028f464f7c4cd6dcf924d6b458a0e32cdd8344fc66cc114da9ce6080b8cd1f,1,97762266,10.023408434721388,1748220139434535,Injective,0.0563762625,INJ,0,1,2025-05-26
cx88fd7df7ddff82f7cc735c871dc519838cb235bb,hxd75467e3e4ce64e3424c747dfb71503017440433,cxa0af3165c08318e988cb30993b3048335b94af6c,0x73972129f9012c000,0xe6028f464f7c4cd6dcf924d6b458a0e32cdd8344fc66cc114da9ce6080b8cd1f,0,97762266,133.2666,1748220139434535,Balanced Dollar,0.0563762625,bnUSD,0,1,2025-05-26
cx2609b924e33ef00b648a409245c7ea394c467824,cx21e94c08c03daee80c25d8ee3ea22a20786ec231,hx2debd9ec927cca1639da8d3518dd9dbf1cdfb357,0xa2a0fd29436e8f9caa,0x4b26fd9763a499caccd91073c5c323ad930a3d84fbb7061e353d67e91c141774,5,97762256,2999.973013525718,1748220119495850,Staked ICX,0.1127098125,sICX,0,1,2025-05-26
cx88fd7df7ddff82f7cc735c871dc519838cb235bb,cxa0af3165c08318e988cb30993b3048335b94af6c,cx5faae53c4dbd1fbe4a2eb4aab6565030f10da5c6,0x9960a5c1fc71378,0x4b26fd9763a499caccd91073c5c323ad930a3d84fbb7061e353d67e91c141774,3,97762256,0.6907509836343592,1748220119495850,Balanced Dollar,0.1127098125,bnUSD,0,1,2025-05-26
cx2609b924e33ef00b648a409245c7ea394c467824,cxa0af3165c08318e988cb30993b3048335b94af6c,cx21e94c08c03daee80c25d8ee3ea22a20786ec231,0xa2a0fd29436e8f9caa,0x4b26fd9763a499caccd91073c5c323ad930a3d84fbb7061e353d67e91c141774,2,97762256,2999.973013525718,1748220119495850,Staked ICX,0.1127098125,sICX,0,1,2025-05-26
cx88fd7df7ddff82f7cc735c871dc519838cb235bb,cx21e94c08c03daee80c25d8ee3ea22a20786ec231,cxa0af3165c08318e988cb30993b3048335b94af6c,0x18f6bafa92c1180880,0x4b26fd9763a499caccd91073c5c323ad930a3d84fbb7061e353d67e91c141774,1,97762256,460.50065575623944,1748220119495850,Balanced Dollar,0.1127098125,bnUSD,0,1,2025-05-26
cx88fd7df7ddff82f7cc735c871dc519838cb235bb,hx2debd9ec927cca1639da8d3518dd9dbf1cdfb357,cx21e94c08c03daee80c25d8ee3ea22a20786ec231,0x18f6bafa92c1180880,0x4b26fd9763a499caccd91073c5c323ad930a3d84fbb7061e353d67e91c141774,0,97762256,460.50065575623944,1748220119495850,Balanced Dollar,0.1127098125,bnUSD,0,1,2025-05-26
cx88fd7df7ddff82f7cc735c871dc519838cb235bb,cxa0af3165c08318e988cb30993b3048335b94af6c,cx5faae53c4dbd1fbe4a2eb4aab6565030f10da5c6,0x3316f9e5b4e9ae1,0x42dbc29d35b96eff6772dc607bfe080044564c7c1ee36f32492861923bc3f7f9,2,97762254,0.23008778189999998,1748220115474954,Balanced Dollar,0.0564028625,bnUSD,0,1,2025-05-26
cx288d13e1b63563459a2ac6179f237711f6851cb5,cxa0af3165c08318e988cb30993b3048335b94af6c,hxd75467e3e4ce64e3424c747dfb71503017440433,0xd59b7285340095,0x42dbc29d35b96eff6772dc607bfe080044564c7c1ee36f32492861923bc3f7f9,1,97762254,0.0601250862027245,1748220115474954,Ethereum,0.0564028625,ETH,0,1,2025-05-26
cx88fd7df7ddff82f7cc735c871dc519838cb235bb,hxd75467e3e4ce64e3424c747dfb71503017440433,cxa0af3165c08318e988cb30993b3048335b94af6c,0x850bd570dc75e0000,0x42dbc29d35b96eff6772dc607bfe080044564c7c1ee36f32492861923bc3f7f9,0,97762254,153.3918546,1748220115474954,Balanced Dollar,0.0564028625,bnUSD,0,1,2025-05-26
cx88fd7df7ddff82f7cc735c871dc519838cb235bb,cxa0af3165c08318e988cb30993b3048335b94af6c,cx5faae53c4dbd1fbe4a2eb4aab6565030f10da5c6,0x2c5a79cb61dd418,0x682d8a492044556af054aa4da21c0ad80a8ab0b16463538ab5b31e26b5ce7689,2,97762233,0.19975005,1748220073800350,Balanced Dollar,0.0563762625,bnUSD,0,1,2025-05-26
cx4297f4b63262507623b6ad575d0d8dd2db980e4e,cxa0af3165c08318e988cb30993b3048335b94af6c,hxd75467e3e4ce64e3424c747dfb71503017440433,0x8b2c4b0399d4f130,0x682d8a492044556af054aa4da21c0ad80a8ab0b16463538ab5b31e26b5ce7689,1,97762233,10.028472949085106,1748220073800350,Injective,0.0563762625,INJ,0,1,2025-05-26
cx88fd7df7ddff82f7cc735c871dc519838cb235bb,hxd75467e3e4ce64e3424c747dfb71503017440433,cxa0af3165c08318e988cb30993b3048335b94af6c,0x7380f281a43030000,0x682d8a492044556af054aa4da21c0ad80a8ab0b16463538ab5b31e26b5ce7689,0,97762233,133.16670000000002,1748220073800350,Balanced Dollar,0.0563762625,bnUSD,0,1,2025-05-26
cx66a031cc3bd305c76371fb586e93801b948254f0,hxd75467e3e4ce64e3424c747dfb71503017440433,hx0000000000000000000000000000000000000000,0x270801d946c940000,0xcb0af0a9d2a5ba020e2ce59250cc4f19b73614694fcce2a30e1f3cedda1a39ce,0,97762232,45.0,1748220071407428,Avalanche,0.02275575,AVAX,0,1,2025-05-26
cx88fd7df7ddff82f7cc735c871dc519838cb235bb,cxa0af3165c08318e988cb30993b3048335b94af6c,cx5faae53c4dbd1fbe4a2eb4aab6565030f10da5c6,0x2c5a79cb61dd418,0x5649e58537128811485c6eb9c7a5b7e921b03cca07c765fa11d9441004abd97e,2,97762227,0.19975005,1748220061361773,Balanced Dollar,0.0563762625,bnUSD,0,1,2025-05-26
cx4297f4b63262507623b6ad575d0d8dd2db980e4e,cxa0af3165c08318e988cb30993b3048335b94af6c,hxd75467e3e4ce64e3424c747dfb71503017440433,0x8b590c321c527f05,0x5649e58537128811485c6eb9c7a5b7e921b03cca07c765fa11d9441004abd97e,1,97762227,10.041070253562298,1748220061361773,Injective,0.0563762625,INJ,0,1,2025-05-26
cx88fd7df7ddff82f7cc735c871dc519838cb235bb,hxd75467e3e4ce64e3424c747dfb71503017440433,cxa0af3165c08318e988cb30993b3048335b94af6c,0x7380f281a43030000,0x5649e58537128811485c6eb9c7a5b7e921b03cca07c765fa11d9441004abd97e,0,97762227,133.16670000000002,1748220061361773,Balanced Dollar,0.0563762625,bnUSD,0,1,2025-05-26
cx88fd7df7ddff82f7cc735c871dc519838cb235bb,cxa0af3165c08318e988cb30993b3048335b94af6c,cx5faae53c4dbd1fbe4a2eb4aab6565030f10da5c6,0x2c497095e13cbe7,0xf957e45a85c71ac8bb68be5b5474a0e447cba91ca661188f006b8c32d06f925e,2,97762221,0.19945034999999997,1748220049385005,Balanced Dollar,0.0563762625,bnUSD,0,2,2025-05-26
cx4297f4b63262507623b6ad575d0d8dd2db980e4e,cxa0af3165c08318e988cb30993b3048335b94af6c,hxd75467e3e4ce64e3424c747dfb71503017440433,0x8b504345422a14ef,0xf957e45a85c71ac8bb68be5b5474a0e447cba91ca661188f006b8c32d06f925e,1,97762221,10.038597534150695,1748220049385005,Injective,0.0563762625,INJ,0,2,2025-05-26
cx88fd7df7ddff82f7cc735c871dc519838cb235bb,hxd75467e3e4ce64e3424c747dfb71503017440433,cxa0af3165c08318e988cb30993b3048335b94af6c,0x73549530fa8e30000,0xf957e45a85c71ac8bb68be5b5474a0e447cba91ca661188f006b8c32d06f925e,0,97762221,132.96689999999998,1748220049385005,Balanced Dollar,0.0563762625,bnUSD,0,2,2025-05-26
cx88fd7df7ddff82f7cc735c871dc519838cb235bb,hx1adc2b41608d81704d775ff143f43ab6efe0d792,cxa0af3165c08318e988cb30993b3048335b94af6c,0x1b38e37b66c9e18af,0x26813d0f96c2959b70458fbc46bb893a0fc0d6f599a1ea60b42106bba38d1642,0,97762221,31.38508410983744,1748220049385005,Balanced Dollar,0.02221895,bnUSD,0,1,2025-05-26
cx7baf94bd53b505353285ee4c4c050f9703581703,hx3c72c692480ee86cef5aa9dcf48fdb3d6dd05e14,hx3c72c692480ee86cef5aa9dcf48fdb3d6dd05e14,0x0,0x1315620d03a32b1daf5dc8df2f9461cecfdb3d8c8cd947b4056077edddad09ca,3,97762220,0.0,1748220047419993,unknown_token,0.095895725,$unknown,31,1,2025-05-26
cx7baf94bd53b505353285ee4c4c050f9703581703,hx3c72c692480ee86cef5aa9dcf48fdb3d6dd05e14,hx3c72c692480ee86cef5aa9dcf48fdb3d6dd05e14,0x0,0x1315620d03a32b1daf5dc8df2f9461cecfdb3d8c8cd947b4056077edddad09ca,2,97762220,0.0,1748220047419993,unknown_token,0.095895725,$unknown,21,1,2025-05-26
cx7baf94bd53b505353285ee4c4c050f9703581703,hx3c72c692480ee86cef5aa9dcf48fdb3d6dd05e14,hx3c72c692480ee86cef5aa9dcf48fdb3d6dd05e14,0x0,0x1315620d03a32b1daf5dc8df2f9461cecfdb3d8c8cd947b4056077edddad09ca,1,97762220,0.0,1748220047419993,unknown_token,0.095895725,$unknown,5,1,2025-05-26
cx07b184a37f03c6ab681fcbd0b45aec6dc3eafbeb,hx1adc2b41608d81704d775ff143f43ab6efe0d792,cxa0af3165c08318e988cb30993b3048335b94af6c,0x108ae3009f000,0xc2067190aa60ce68f610e316a71de59810fc79d37447a96a9bc3d6409bc1e4f2,0,97762219,0.0002910192,1748220045725467,Bitcoin,0.0215962625,BTC,0,1,2025-05-26
cx88fd7df7ddff82f7cc735c871dc519838cb235bb,cxa0af3165c08318e988cb30993b3048335b94af6c,cx5faae53c4dbd1fbe4a2eb4aab6565030f10da5c6,0x3c4433e527c8ced,0xebe5bad37ab2ed75813c202bbbc25d14899a835f72ecbadb3fa2326d54b3d744,2,97762215,0.27141581249999996,1748220037350802,Balanced Dollar,0.0460574,bnUSD,0,1,2025-05-26
cx508002ec116fbf3ab406329c0df28e70d7e75fb3,cxa0af3165c08318e988cb30993b3048335b94af6c,hxd75467e3e4ce64e3424c747dfb71503017440433,0xbaa7021bb,0xebe5bad37ab2ed75813c202bbbc25d14899a835f72ecbadb3fa2326d54b3d744,1,97762215,50.104115643,1748220037350802,Sui,0.0460574,SUI,0,1,2025-05-26
cx88fd7df7ddff82f7cc735c871dc519838cb235bb,hxd75467e3e4ce64e3424c747dfb71503017440433,cxa0af3165c08318e988cb30993b3048335b94af6c,0x9cf19c7a179af0000,0xebe5bad37ab2ed75813c202bbbc25d14899a835f72ecbadb3fa2326d54b3d744,0,97762215,180.943875,1748220037350802,Balanced Dollar,0.0460574,bnUSD,0,1,2025-05-26
cx88fd7df7ddff82f7cc735c871dc519838cb235bb,hx0000000000000000000000000000000000000000,cx5faae53c4dbd1fbe4a2eb4aab6565030f10da5c6,0x1f40d05ef27309e,0xbc345143ba06fef59cdff64af97959ab8d4dc49f8869a88f4dc25eef0689bc85,3,97762209,0.14075180749364855,1748220025452704,Balanced Dollar,0.1023330625,bnUSD,0,1,2025-05-26
cx88fd7df7ddff82f7cc735c871dc519838cb235bb,cx66d4d90f5f113eba575bf793570135f9b10cece1,hx1adc2b41608d81704d775ff143f43ab6efe0d792,0x3d0a96f97188af4fd,0xbc345143ba06fef59cdff64af97959ab8d4dc49f8869a88f4dc25eef0689bc85,1,97762209,70.37590374682428,1748220025452704,Balanced Dollar,0.1023330625,bnUSD,0,1,2025-05-26
cx88fd7df7ddff82f7cc735c871dc519838cb235bb,hx0000000000000000000000000000000000000000,cx66d4d90f5f113eba575bf793570135f9b10cece1,0x3d0a96f97188af4fd,0xbc345143ba06fef59cdff64af97959ab8d4dc49f8869a88f4dc25eef0689bc85,0,97762209,70.37590374682428,1748220025452704,Balanced Dollar,0.1023330625,bnUSD,0,1,2025-05-26
cx88fd7df7ddff82f7cc735c871dc519838cb235bb,cxd82fb5d3effecd8c9071a4bba3856ad7222c4b91,hxd75467e3e4ce64e3424c747dfb71503017440433,0x3635c9adc5dea00000,0x418dda1f3daae8ef2f45f9a232be12b43ceb62f586484db650cabf6e880fef00,0,97762201,1000.0,1748220009339729,Balanced Dollar,0.0206921875,bnUSD,0,1,2025-05-26
cx88fd7df7ddff82f7cc735c871dc519838cb235bb,cx203d9cd2a669be67177e997b8948ce2c35caffae,cx835b300dcfe01f0bdb794e134a0c5628384f4367,0xaee7999c5204590,0x77527da4bf6c0634d5b488eba459ab98d9ba6a28b8383964060e3cb3832ce2ce,6,97762195,0.7877006861805992,1748219997401372,Balanced Dollar,0.0881768625,bnUSD,0,1,2025-05-26
cx88fd7df7ddff82f7cc735c871dc519838cb235bb,cx5faae53c4dbd1fbe4a2eb4aab6565030f10da5c6,cx203d9cd2a669be67177e997b8948ce2c35caffae,0xf9dd24962c06361,0x77527da4bf6c0634d5b488eba459ab98d9ba6a28b8383964060e3cb3832ce2ce,4,97762195,1.1252866945437132,1748219997401372,Balanced Dollar,0.0881768625,bnUSD,0,1,2025-05-26
cx88fd7df7ddff82f7cc735c871dc519838cb235bb,cx5faae53c4dbd1fbe4a2eb4aab6565030f10da5c6,cxdc30a0d3a1f131565c071272a20bc0b06fd4c17b,0xf9dd24962c06360,0x77527da4bf6c0634d5b488eba459ab98d9ba6a28b8383964060e3cb3832ce2ce,3,97762195,1.1252866945437132,1748219997401372,Balanced Dollar,0.0881768625,bnUSD,0,1,2025-05-26
cx88fd7df7ddff82f7cc735c871dc519838cb235bb,cxa0af3165c08318e988cb30993b3048335b94af6c,cx5faae53c4dbd1fbe4a2eb4aab6565030f10da5c6,0x3c3c8959e11a2e1,0x77527da4bf6c0634d5b488eba459ab98d9ba6a28b8383964060e3cb3832ce2ce,2,97762195,0.2712809475,1748219997401372,Balanced Dollar,0.0881768625,bnUSD,0,1,2025-05-26
cx508002ec116fbf3ab406329c0df28e70d7e75fb3,cxa0af3165c08318e988cb30993b3048335b94af6c,hxd75467e3e4ce64e3424c747dfb71503017440433,0xbac844dcc,0x77527da4bf6c0634d5b488eba459ab98d9ba6a28b8383964060e3cb3832ce2ce,1,97762195,50.138992076,1748219997401372,Sui,0.0881768625,SUI,0,1,2025-05-26
cx88fd7df7ddff82f7cc735c871dc519838cb235bb,hxd75467e3e4ce64e3424c747dfb71503017440433,cxa0af3165c08318e988cb30993b3048335b94af6c,0x9cdda5af64ded8000,0x77527da4bf6c0634d5b488eba459ab98d9ba6a28b8383964060e3cb3832ce2ce,0,97762195,180.853965,1748219997401372,Balanced Dollar,0.0881768625,bnUSD,0,1,2025-05-26
cx88fd7df7ddff82f7cc735c871dc519838cb235bb,cxd82fb5d3effecd8c9071a4bba3856ad7222c4b91,hxd75467e3e4ce64e3424c747dfb71503017440433,0x3635c9adc5dea00000,0x4cf8ce0abb2d3dc53d4da1e6bf47c334e4d1520ba854e0ae211e23e9441b9d2d,0,97762191,1000.0,1748219989379080,Balanced Dollar,0.0206921875,bnUSD,0,1,2025-05-26
cx88fd7df7ddff82f7cc735c871dc519838cb235bb,cxa0af3165c08318e988cb30993b3048335b94af6c,cx5faae53c4dbd1fbe4a2eb4aab6565030f10da5c6,0x2c386760609c3ce,0x42e7756f334a7b93a22e8feec3115bd8242789e12955b784918724b474ed1034,2,97762185,0.19915064999999996,1748219977313061,Balanced Dollar,0.0563762625,bnUSD,0,1,2025-05-26
cx4297f4b63262507623b6ad575d0d8dd2db980e4e,cxa0af3165c08318e988cb30993b3048335b94af6c,hxd75467e3e4ce64e3424c747dfb71503017440433,0x8b475c455006eb2c,0x42e7756f334a7b93a22e8feec3115bd8242789e12955b784918724b474ed1034,1,97762185,10.03609174738357,1748219977313061,Injective,0.0563762625,INJ,0,1,2025-05-26
cx88fd7df7ddff82f7cc735c871dc519838cb235bb,hxd75467e3e4ce64e3424c747dfb71503017440433,cxa0af3165c08318e988cb30993b3048335b94af6c,0x732837e050ec34000,0x42e7756f334a7b93a22e8feec3115bd8242789e12955b784918724b474ed1034,0,97762185,132.76709999999997,1748219977313061,Balanced Dollar,0.0563762625,bnUSD,0,1,2025-05-26
cx88fd7df7ddff82f7cc735c871dc519838cb235bb,cxa0af3165c08318e988cb30993b3048335b94af6c,cx5faae53c4dbd1fbe4a2eb4aab6565030f10da5c6,0x2c1ed9901fab800,0xb0337351f0f6a971f6cbf6888386abcc560c68c9caaa41a63d7fbb97be9aa733,2,97762172,0.1987011,1748219951529413,Balanced Dollar,0.0563762625,bnUSD,0,1,2025-05-26
cx4297f4b63262507623b6ad575d0d8dd2db980e4e,cxa0af3165c08318e988cb30993b3048335b94af6c,hxd75467e3e4ce64e3424c747dfb71503017440433,0x8b2376106124de98,0xb0337351f0f6a971f6cbf6888386abcc560c68c9caaa41a63d7fbb97be9aa733,1,97762172,10.025987008178216,1748219951529413,Injective,0.0563762625,INJ,0,1,2025-05-26
cx88fd7df7ddff82f7cc735c871dc519838cb235bb,hxd75467e3e4ce64e3424c747dfb71503017440433,cxa0af3165c08318e988cb30993b3048335b94af6c,0x72e5abe7527948000,0xb0337351f0f6a971f6cbf6888386abcc560c68c9caaa41a63d7fbb97be9aa733,0,97762172,132.4674,1748219951529413,Balanced Dollar,0.0563762625,bnUSD,0,1,2025-05-26
cx7baf94bd53b505353285ee4c4c050f9703581703,hx8acbfbf57dfc49f5fa9b1df2fc55fd9216b3e7aa,hx8acbfbf57dfc49f5fa9b1df2fc55fd9216b3e7aa,0x0,0x059c4cfbda3cff75c5a6f09db8c9f0cd50c45ae5e1b743961aa73b324cd64486,3,97762102,0.0,1748219811268738,unknown_token,0.1092852375,$unknown,32,1,2025-05-26
cx7baf94bd53b505353285ee4c4c050f9703581703,hx8acbfbf57dfc49f5fa9b1df2fc55fd9216b3e7aa,hx8acbfbf57dfc49f5fa9b1df2fc55fd9216b3e7aa,0x0,0x059c4cfbda3cff75c5a6f09db8c9f0cd50c45ae5e1b743961aa73b324cd64486,2,97762102,0.0,1748219811268738,unknown_token,0.1092852375,$unknown,16,1,2025-05-26
cx7baf94bd53b505353285ee4c4c050f9703581703,hx8acbfbf57dfc49f5fa9b1df2fc55fd9216b3e7aa,hx8acbfbf57dfc49f5fa9b1df2fc55fd9216b3e7aa,0x0,0x059c4cfbda3cff75c5a6f09db8c9f0cd50c45ae5e1b743961aa73b324cd64486,1,97762102,0.0,1748219811268738,unknown_token,0.1092852375,$unknown,5,1,2025-05-26
cx7baf94bd53b505353285ee4c4c050f9703581703,hx8acbfbf57dfc49f5fa9b1df2fc55fd9216b3e7aa,hx8acbfbf57dfc49f5fa9b1df2fc55fd9216b3e7aa,0x0,0xcd392f966bbb2e0111fdebe7298e3e2f6c4451e01a8be4981e56e64d0c681229,3,97762070,0.0,1748219747295807,unknown_token,0.110595475,$unknown,32,1,2025-05-26
cx7baf94bd53b505353285ee4c4c050f9703581703,hx8acbfbf57dfc49f5fa9b1df2fc55fd9216b3e7aa,hx8acbfbf57dfc49f5fa9b1df2fc55fd9216b3e7aa,0x0,0xcd392f966bbb2e0111fdebe7298e3e2f6c4451e01a8be4981e56e64d0c681229,2,97762070,0.0,1748219747295807,unknown_token,0.110595475,$unknown,5,1,2025-05-26
cx7baf94bd53b505353285ee4c4c050f9703581703,hx8acbfbf57dfc49f5fa9b1df2fc55fd9216b3e7aa,hx8acbfbf57dfc49f5fa9b1df2fc55fd9216b3e7aa,0x0,0xcd392f966bbb2e0111fdebe7298e3e2f6c4451e01a8be4981e56e64d0c681229,1,97762070,0.0,1748219747295807,unknown_token,0.110595475,$unknown,3,1,2025-05-26
cx88fd7df7ddff82f7cc735c871dc519838cb235bb,cxa0af3165c08318e988cb30993b3048335b94af6c,cx5faae53c4dbd1fbe4a2eb4aab6565030f10da5c6,0x2c0dd05a9f0b018,0x22b4f09437e6f050bbcc4a961f64a2e9b5eb6db014ae4d5ec6b3952fcbc58e5d,2,97762042,0.19840140000000003,1748219691409129,Balanced Dollar,0.0563762625,bnUSD,0,1,2025-05-26
cx4297f4b63262507623b6ad575d0d8dd2db980e4e,cxa0af3165c08318e988cb30993b3048335b94af6c,hxd75467e3e4ce64e3424c747dfb71503017440433,0x8b1a418064b63318,0x22b4f09437e6f050bbcc4a961f64a2e9b5eb6db014ae4d5ec6b3952fcbc58e5d,1,97762042,10.023395940367742,1748219691409129,Injective,0.0563762625,INJ,0,1,2025-05-26
cx88fd7df7ddff82f7cc735c871dc519838cb235bb,hxd75467e3e4ce64e3424c747dfb71503017440433,cxa0af3165c08318e988cb30993b3048335b94af6c,0x72b94e96a8d754000,0x22b4f09437e6f050bbcc4a961f64a2e9b5eb6db014ae4d5ec6b3952fcbc58e5d,0,97762042,132.26760000000002,1748219691409129,Balanced Dollar,0.0563762625,bnUSD,0,1,2025-05-26
cx65c9e3d4fea842e00add0d32a5b4c5e4e04c7a6b,cx21e94c08c03daee80c25d8ee3ea22a20786ec231,hx2debd9ec927cca1639da8d3518dd9dbf1cdfb357,0xb2cff4c4,0xd02afe309d4b93ef4787c193ba8473555d184190605902f3f1e8f465641fec68,5,97762032,2.99997306,1748219671258979,Solana,0.07801055,SOL,0,1,2025-05-26
cx88fd7df7ddff82f7cc735c871dc519838cb235bb,cxa0af3165c08318e988cb30993b3048335b94af6c,cx5faae53c4dbd1fbe4a2eb4aab6565030f10da5c6,0xaf33624d7d007ca,0xd02afe309d4b93ef4787c193ba8473555d184190605902f3f1e8f465641fec68,3,97762032,0.7890338915874262,1748219671258979,Balanced Dollar,0.07801055,bnUSD,0,1,2025-05-26
cx65c9e3d4fea842e00add0d32a5b4c5e4e04c7a6b,cxa0af3165c08318e988cb30993b3048335b94af6c,cx21e94c08c03daee80c25d8ee3ea22a20786ec231,0xb2cff4c4,0xd02afe309d4b93ef4787c193ba8473555d184190605902f3f1e8f465641fec68,2,97762032,2.99997306,1748219671258979,Solana,0.07801055,SOL,0,1,2025-05-26
cx88fd7df7ddff82f7cc735c871dc519838cb235bb,cx21e94c08c03daee80c25d8ee3ea22a20786ec231,cxa0af3165c08318e988cb30993b3048335b94af6c,0x1c8407aa9cadbef360,0xd02afe309d4b93ef4787c193ba8473555d184190605902f3f1e8f465641fec68,1,97762032,526.0225943916175,1748219671258979,Balanced Dollar,0.07801055,bnUSD,0,1,2025-05-26
cx88fd7df7ddff82f7cc735c871dc519838cb235bb,hx2debd9ec927cca1639da8d3518dd9dbf1cdfb357,cx21e94c08c03daee80c25d8ee3ea22a20786ec231,0x1c8407aa9cadbef360,0xd02afe309d4b93ef4787c193ba8473555d184190605902f3f1e8f465641fec68,0,97762032,526.0225943916175,1748219671258979,Balanced Dollar,0.07801055,bnUSD,0,1,2025-05-26
cx28b2ec885b50c8a93da752f2d0467a67127a70e8,cx7127ae2887ef7676bf8014e995bd2ed4fd71f05b,cx5a0af85407c69945eb318d4ac18e9e842184163c,0x101809a30ff5f89999,0x5c0baaceaa2de92335538ee09ccfdcdc483cb8e0653cc408784da5bb73f54fb3,7,97762018,296.88000000000005,1748219643326847,CROWN,0.0415516375,CROWN,0,1,2025-05-26
cx28b2ec885b50c8a93da752f2d0467a67127a70e8,cx7127ae2887ef7676bf8014e995bd2ed4fd71f05b,hx0000000000000000000000000000000000000000,0x2aeac45d7fe541999,0x5c0baaceaa2de92335538ee09ccfdcdc483cb8e0653cc408784da5bb73f54fb3,5,97762018,49.480000000000004,1748219643326847,CROWN,0.0415516375,CROWN,0,1,2025-05-26
cx28b2ec885b50c8a93da752f2d0467a67127a70e8,cx7127ae2887ef7676bf8014e995bd2ed4fd71f05b,cxd77007090899311f1afbcae86b49cfe817fc6810,0x55d588baffca83333,0x5c0baaceaa2de92335538ee09ccfdcdc483cb8e0653cc408784da5bb73f54fb3,4,97762018,98.96000000000001,1748219643326847,CROWN,0.0415516375,CROWN,0,1,2025-05-26
cx28b2ec885b50c8a93da752f2d0467a67127a70e8,cx7127ae2887ef7676bf8014e995bd2ed4fd71f05b,hx84f2cd8dd94ed2da42f6a1b959b0baaecf6651c1,0x2aeac45d7fe541999,0x5c0baaceaa2de92335538ee09ccfdcdc483cb8e0653cc408784da5bb73f54fb3,2,97762018,49.480000000000004,1748219643326847,CROWN,0.0415516375,CROWN,0,1,2025-05-26
cx28b2ec885b50c8a93da752f2d0467a67127a70e8,hx8acbfbf57dfc49f5fa9b1df2fc55fd9216b3e7aa,cx7127ae2887ef7676bf8014e995bd2ed4fd71f05b,0x1ad2baba6fef490000,0x5c0baaceaa2de92335538ee09ccfdcdc483cb8e0653cc408784da5bb73f54fb3,0,97762018,494.80000000000007,1748219643326847,CROWN,0.0415516375,CROWN,0,1,2025-05-26
cx7baf94bd53b505353285ee4c4c050f9703581703,hx9645117f1b0c7181a126c7f4f222caefc6ee7a61,hx9645117f1b0c7181a126c7f4f222caefc6ee7a61,0x0,0xc71cbe559e828b6f8703f9e1ac38480b18a6ea4e071f53a04e1dc75595e6d390,3,97762002,0.0,1748219611174260,unknown_token,0.12790335,$unknown,21,1,2025-05-26
cx7baf94bd53b505353285ee4c4c050f9703581703,hx9645117f1b0c7181a126c7f4f222caefc6ee7a61,hx9645117f1b0c7181a126c7f4f222caefc6ee7a61,0x0,0xc71cbe559e828b6f8703f9e1ac38480b18a6ea4e071f53a04e1dc75595e6d390,2,97762002,0.0,1748219611174260,unknown_token,0.12790335,$unknown,12,1,2025-05-26
cx7baf94bd53b505353285ee4c4c050f9703581703,hx9645117f1b0c7181a126c7f4f222caefc6ee7a61,hx9645117f1b0c7181a126c7f4f222caefc6ee7a61,0x0,0xc71cbe559e828b6f8703f9e1ac38480b18a6ea4e071f53a04e1dc75595e6d390,1,97762002,0.0,1748219611174260,unknown_token,0.12790335,$unknown,9,1,2025-05-26
cx3975b43d260fb8ec802cef6e60c2f4d07486f11d,hxe54895cf1d063141ead704ce68ccd5e4dc0c12c6,hx0000000000000000000000000000000000000000,0x43d6cce065d3172b,0xdd6b95c3fc0dc154d2deaa4b822800ac2dca1d290b3bad379b2d2ee03ffd5dcb,10,97761980,4.888319709710325,1748219567206573,Wrapped ICX,0.150429625,wICX,0,1,2025-05-26
cx3975b43d260fb8ec802cef6e60c2f4d07486f11d,cx21e94c08c03daee80c25d8ee3ea22a20786ec231,hxe54895cf1d063141ead704ce68ccd5e4dc0c12c6,0x43d6cce065d3172b,0xdd6b95c3fc0dc154d2deaa4b822800ac2dca1d290b3bad379b2d2ee03ffd5dcb,9,97761980,4.888319709710325,1748219567206573,Wrapped ICX,0.150429625,wICX,0,1,2025-05-26
cx2609b924e33ef00b648a409245c7ea394c467824,cxa0af3165c08318e988cb30993b3048335b94af6c,cx5faae53c4dbd1fbe4a2eb4aab6565030f10da5c6,0x139a86ad97895a,0xdd6b95c3fc0dc154d2deaa4b822800ac2dca1d290b3bad379b2d2ee03ffd5dcb,7,97761980,0.005517927786187098,1748219567206573,Staked ICX,0.150429625,sICX,0,1,2025-05-26
cx3975b43d260fb8ec802cef6e60c2f4d07486f11d,cxa0af3165c08318e988cb30993b3048335b94af6c,cx21e94c08c03daee80c25d8ee3ea22a20786ec231,0x43d6cce065d3172b,0xdd6b95c3fc0dc154d2deaa4b822800ac2dca1d290b3bad379b2d2ee03ffd5dcb,6,97761980,4.888319709710325,1748219567206573,Wrapped ICX,0.150429625,wICX,0,1,2025-05-26
cx2609b924e33ef00b648a409245c7ea394c467824,cx21e94c08c03daee80c25d8ee3ea22a20786ec231,cxa0af3165c08318e988cb30993b3048335b94af6c,0x330d140ebaa05b1e,0xdd6b95c3fc0dc154d2deaa4b822800ac2dca1d290b3bad379b2d2ee03ffd5dcb,5,97761980,3.6786185241247322,1748219567206573,Staked ICX,0.150429625,sICX,0,1,2025-05-26
cx2609b924e33ef00b648a409245c7ea394c467824,cxa0af3165c08318e988cb30993b3048335b94af6c,cx5faae53c4dbd1fbe4a2eb4aab6565030f10da5c6,0x13a99b3fe33921,0xdd6b95c3fc0dc154d2deaa4b822800ac2dca1d290b3bad379b2d2ee03ffd5dcb,3,97761980,0.005534508814383393,1748219567206573,Staked ICX,0.150429625,sICX,0,1,2025-05-26
cx2609b924e33ef00b648a409245c7ea394c467824,cxa0af3165c08318e988cb30993b3048335b94af6c,cx21e94c08c03daee80c25d8ee3ea22a20786ec231,0x330d140ebaa05b1e,0xdd6b95c3fc0dc154d2deaa4b822800ac2dca1d290b3bad379b2d2ee03ffd5dcb,2,97761980,3.6786185241247322,1748219567206573,Staked ICX,0.150429625,sICX,0,1,2025-05-26
cxf61cd5a45dc9f91c15aa65831a30a90d59a09619,cx21e94c08c03daee80c25d8ee3ea22a20786ec231,cxa0af3165c08318e988cb30993b3048335b94af6c,0x6ff67fcbd0d4dfa0,0xdd6b95c3fc0dc154d2deaa4b822800ac2dca1d290b3bad379b2d2ee03ffd5dcb,1,97761980,8.067776295839522,1748219567206573,Balance Token,0.150429625,BALN,0,1,2025-05-26
cxf61cd5a45dc9f91c15aa65831a30a90d59a09619,hxe54895cf1d063141ead704ce68ccd5e4dc0c12c6,cx21e94c08c03daee80c25d8ee3ea22a20786ec231,0x6ff67fcbd0d4dfa0,0xdd6b95c3fc0dc154d2deaa4b822800ac2dca1d290b3bad379b2d2ee03ffd5dcb,0,97761980,8.067776295839522,1748219567206573,Balance Token,0.150429625,BALN,0,1,2025-05-26
cx3975b43d260fb8ec802cef6e60c2f4d07486f11d,hxe54895cf1d063141ead704ce68ccd5e4dc0c12c6,hx0000000000000000000000000000000000000000,0x955a54529b08cd255,0x739e96fdb9e105fc8ae3cbc40b183238d28bf2594f40c08f1d9809f5de21a2c3,7,97761969,172.1921115731251,1748219545151276,Wrapped ICX,0.1529986375,wICX,0,1,2025-05-26
cx3975b43d260fb8ec802cef6e60c2f4d07486f11d,cx21e94c08c03daee80c25d8ee3ea22a20786ec231,hxe54895cf1d063141ead704ce68ccd5e4dc0c12c6,0x955a54529b08cd255,0x739e96fdb9e105fc8ae3cbc40b183238d28bf2594f40c08f1d9809f5de21a2c3,6,97761969,172.1921115731251,1748219545151276,Wrapped ICX,0.1529986375,wICX,0,1,2025-05-26
cx2609b924e33ef00b648a409245c7ea394c467824,cxa0af3165c08318e988cb30993b3048335b94af6c,cx5faae53c4dbd1fbe4a2eb4aab6565030f10da5c6,0x2b286b1ebb30351,0x739e96fdb9e105fc8ae3cbc40b183238d28bf2594f40c08f1d9809f5de21a2c3,4,97761969,0.19436583265206356,1748219545151276,Staked ICX,0.1529986375,sICX,0,1,2025-05-26
cx3975b43d260fb8ec802cef6e60c2f4d07486f11d,cxa0af3165c08318e988cb30993b3048335b94af6c,cx21e94c08c03daee80c25d8ee3ea22a20786ec231,0x955a54529b08cd255,0x739e96fdb9e105fc8ae3cbc40b183238d28bf2594f40c08f1d9809f5de21a2c3,3,97761969,172.1921115731251,1748219545151276,Wrapped ICX,0.1529986375,wICX,0,1,2025-05-26
cx2609b924e33ef00b648a409245c7ea394c467824,cx21e94c08c03daee80c25d8ee3ea22a20786ec231,cxa0af3165c08318e988cb30993b3048335b94af6c,0x7063ec4ab222df853,0x739e96fdb9e105fc8ae3cbc40b183238d28bf2594f40c08f1d9809f5de21a2c3,2,97761969,129.5772217680424,1748219545151276,Staked ICX,0.1529986375,sICX,0,1,2025-05-26
cx2609b924e33ef00b648a409245c7ea394c467824,hxe54895cf1d063141ead704ce68ccd5e4dc0c12c6,cx21e94c08c03daee80c25d8ee3ea22a20786ec231,0x7063ec4ab222df853,0x739e96fdb9e105fc8ae3cbc40b183238d28bf2594f40c08f1d9809f5de21a2c3,1,97761969,129.5772217680424,1748219545151276,Staked ICX,0.1529986375,sICX,0,1,2025-05-26
cxf61cd5a45dc9f91c15aa65831a30a90d59a09619,cx10d59e8103ab44635190bd4139dbfd682fa2d07e,hxe54895cf1d063141ead704ce68ccd5e4dc0c12c6,0x6ff67fcbd0d4dfa0,0xc7d458abd522d304bd65c29cd7bef86ead3ffda778404ad4324d205af60d3a20,4,97761945,8.067776295839522,1748219497175898,Balance Token,0.1338609375,BALN,0,1,2025-05-26
cx2609b924e33ef00b648a409245c7ea394c467824,cx10d59e8103ab44635190bd4139dbfd682fa2d07e,hxe54895cf1d063141ead704ce68ccd5e4dc0c12c6,0x7063ec4ab222df853,0xc7d458abd522d304bd65c29cd7bef86ead3ffda778404ad4324d205af60d3a20,2,97761945,129.5772217680424,1748219497175898,Staked ICX,0.1338609375,sICX,0,1,2025-05-26
cxf61cd5a45dc9f91c15aa65831a30a90d59a09619,cx10d59e8103ab44635190bd4139dbfd682fa2d07e,hxc0a2c4b422657ff499640f07606b1516e9935b9b,0x4234be70b353c6de,0xc64e1a1f30dd33ed68240c548d0d29933e320d4d2553a7955be1a736b0e5a5d8,4,97761645,4.770647296546424,1748218896943212,Balance Token,0.1535430375,BALN,0,1,2025-05-26
cx2609b924e33ef00b648a409245c7ea394c467824,cx10d59e8103ab44635190bd4139dbfd682fa2d07e,hxc0a2c4b422657ff499640f07606b1516e9935b9b,0x8d5d83f75951fa7ed,0xc64e1a1f30dd33ed68240c548d0d29933e320d4d2553a7955be1a736b0e5a5d8,2,97761645,162.98308848897017,1748218896943212,Staked ICX,0.1535430375,sICX,0,1,2025-05-26
cxf61cd5a45dc9f91c15aa65831a30a90d59a09619,cxd82fb5d3effecd8c9071a4bba3856ad7222c4b91,hxc0a2c4b422657ff499640f07606b1516e9935b9b,0x718ee8611cd69834,0x4e29c5d0ff31da4e02879e3ba9f538b9f2006377b049abaa1f7a1e1402b56b46,7,97761643,8.182733076772067,1748218893003051,Balance Token,0.22249785,BALN,0,1,2025-05-26
cx88fd7df7ddff82f7cc735c871dc519838cb235bb,cxd82fb5d3effecd8c9071a4bba3856ad7222c4b91,hxc0a2c4b422657ff499640f07606b1516e9935b9b,0xb7f49b8fa4badbf1,0x4e29c5d0ff31da4e02879e3ba9f538b9f2006377b049abaa1f7a1e1402b56b46,6,97761643,13.25539064450455,1748218893003051,Balanced Dollar,0.22249785,bnUSD,0,1,2025-05-26
cx2609b924e33ef00b648a409245c7ea394c467824,cxd82fb5d3effecd8c9071a4bba3856ad7222c4b91,hxc0a2c4b422657ff499640f07606b1516e9935b9b,0x778dcf1359b084ed6,0x4e29c5d0ff31da4e02879e3ba9f538b9f2006377b049abaa1f7a1e1402b56b46,5,97761643,137.83630950793113,1748218893003051,Staked ICX,0.22249785,sICX,0,1,2025-05-26
cxf61cd5a45dc9f91c15aa65831a30a90d59a09619,cx9345f80d6c98357ccbb70392b14162199c2c5f66,cxd82fb5d3effecd8c9071a4bba3856ad7222c4b91,0x80c42812e886b502,0x4e29c5d0ff31da4e02879e3ba9f538b9f2006377b049abaa1f7a1e1402b56b46,3,97761643,9.278585193965728,1748218893003051,Balance Token,0.22249785,BALN,0,1,2025-05-26
cx2609b924e33ef00b648a409245c7ea394c467824,cx9345f80d6c98357ccbb70392b14162199c2c5f66,cxd82fb5d3effecd8c9071a4bba3856ad7222c4b91,0x875796b77a35644f0,0x4e29c5d0ff31da4e02879e3ba9f538b9f2006377b049abaa1f7a1e1402b56b46,2,97761643,156.0388677258816,1748218893003051,Staked ICX,0.22249785,sICX,0,1,2025-05-26
cx88fd7df7ddff82f7cc735c871dc519838cb235bb,hx0000000000000000000000000000000000000000,cx5faae53c4dbd1fbe4a2eb4aab6565030f10da5c6,0x0,0x4e29c5d0ff31da4e02879e3ba9f538b9f2006377b049abaa1f7a1e1402b56b46,1,97761643,0.0,1748218893003051,Balanced Dollar,0.22249785,bnUSD,0,1,2025-05-26
cx88fd7df7ddff82f7cc735c871dc519838cb235bb,hx0000000000000000000000000000000000000000,cxd82fb5d3effecd8c9071a4bba3856ad7222c4b91,0xcf8a4c21fa4a4f62,0x4e29c5d0ff31da4e02879e3ba9f538b9f2006377b049abaa1f7a1e1402b56b46,0,97761643,14.954849221453959,1748218893003051,Balanced Dollar,0.22249785,bnUSD,0,1,2025-05-26
cx88fd7df7ddff82f7cc735c871dc519838cb235bb,cxa0af3165c08318e988cb30993b3048335b94af6c,cx5faae53c4dbd1fbe4a2eb4aab6565030f10da5c6,0x2bfcc7251e6a800,0xc413744537c3e17bb0b736ad2ba493001c7b844af6bf097d4e70e6c84cd85bee,2,97761591,0.1981017,1748218788981397,Balanced Dollar,0.0563762625,bnUSD,0,1,2025-05-26
cx4297f4b63262507623b6ad575d0d8dd2db980e4e,cxa0af3165c08318e988cb30993b3048335b94af6c,hxd75467e3e4ce64e3424c747dfb71503017440433,0x8b10eeaadaebb3e0,0xc413744537c3e17bb0b736ad2ba493001c7b844af6bf097d4e70e6c84cd85bee,1,97761591,10.020771588484084,1748218788981397,Injective,0.0563762625,INJ,0,1,2025-05-26
cx88fd7df7ddff82f7cc735c871dc519838cb235bb,hxd75467e3e4ce64e3424c747dfb71503017440433,cxa0af3165c08318e988cb30993b3048335b94af6c,0x728cf145ff3558000,0xc413744537c3e17bb0b736ad2ba493001c7b844af6bf097d4e70e6c84cd85bee,0,97761591,132.0678,1748218788981397,Balanced Dollar,0.0563762625,bnUSD,0,1,2025-05-26
cx88fd7df7ddff82f7cc735c871dc519838cb235bb,cxa0af3165c08318e988cb30993b3048335b94af6c,cx5faae53c4dbd1fbe4a2eb4aab6565030f10da5c6,0x2bf4428a5e1a418,0x910556fa8fec654725a28284378c6e2ec0b5e646c4066655d3d9da3c369de977,2,97761527,0.19795185,1748218660814746,Balanced Dollar,0.0563762625,bnUSD,0,1,2025-05-26
cx4297f4b63262507623b6ad575d0d8dd2db980e4e,cxa0af3165c08318e988cb30993b3048335b94af6c,hxd75467e3e4ce64e3424c747dfb71503017440433,0x8b22786839350156,0x910556fa8fec654725a28284378c6e2ec0b5e646c4066655d3d9da3c369de977,1,97761527,10.025708109511852,1748218660814746,Injective,0.0563762625,INJ,0,1,2025-05-26
cx88fd7df7ddff82f7cc735c871dc519838cb235bb,hxd75467e3e4ce64e3424c747dfb71503017440433,cxa0af3165c08318e988cb30993b3048335b94af6c,0x7276c29daa6460000,0x910556fa8fec654725a28284378c6e2ec0b5e646c4066655d3d9da3c369de977,0,97761527,131.96790000000001,1748218660814746,Balanced Dollar,0.0563762625,bnUSD,0,1,2025-05-26
cx88fd7df7ddff82f7cc735c871dc519838cb235bb,cxa0af3165c08318e988cb30993b3048335b94af6c,cx5faae53c4dbd1fbe4a2eb4aab6565030f10da5c6,0x2bf4428a5e1a418,0x56283a01949d78fcd05c1dbeb58e4447125c451a2a795cc6ce488d2ae5c19647,2,97761487,0.19795185,1748218580782587,Balanced Dollar,0.056395075,bnUSD,0,1,2025-05-26
cx4297f4b63262507623b6ad575d0d8dd2db980e4e,cxa0af3165c08318e988cb30993b3048335b94af6c,hxd75467e3e4ce64e3424c747dfb71503017440433,0x8b4f012c59de8736,0x56283a01949d78fcd05c1dbeb58e4447125c451a2a795cc6ce488d2ae5c19647,1,97761487,10.03824338443007,1748218580782587,Injective,0.056395075,INJ,0,1,2025-05-26
cx88fd7df7ddff82f7cc735c871dc519838cb235bb,hxd75467e3e4ce64e3424c747dfb71503017440433,cxa0af3165c08318e988cb30993b3048335b94af6c,0x7276c29daa6460000,0x56283a01949d78fcd05c1dbeb58e4447125c451a2a795cc6ce488d2ae5c19647,0,97761487,131.96790000000001,1748218580782587,Balanced Dollar,0.056395075,bnUSD,0,1,2025-05-26
cx2609b924e33ef00b648a409245c7ea394c467824,cxa0af3165c08318e988cb30993b3048335b94af6c,hx247e7c6b63c63d5b04c539373a0fbcffbdedd358,0x1,0x1325e7495604116236529912e7bf0d6a474941b6844f597f036b94a167bade22,3,97761308,1e-18,1748218223338750,Staked ICX,0.043749125,sICX,0,1,2025-05-26
cx2609b924e33ef00b648a409245c7ea394c467824,hx247e7c6b63c63d5b04c539373a0fbcffbdedd358,cxa0af3165c08318e988cb30993b3048335b94af6c,0x9d7d0be33f2478066,0xb8e292fe316adb7b14a1dcacd2a998aa9c97d5fcba0f7959193af81b65900ae0,0,97761303,181.57183530701366,1748218212637294,Staked ICX,0.03120205,sICX,0,1,2025-05-26
cx3975b43d260fb8ec802cef6e60c2f4d07486f11d,hx247e7c6b63c63d5b04c539373a0fbcffbdedd358,cxa0af3165c08318e988cb30993b3048335b94af6c,0xd1eac115467c19506,0x78f933f54023bf6cc8d944b4ec2474f36ea14b072dab30ec62629c24d95a29ac,1,97761300,242.0178335295719,1748218206733960,Wrapped ICX,0.0165668375,wICX,0,1,2025-05-26
cx3975b43d260fb8ec802cef6e60c2f4d07486f11d,hx0000000000000000000000000000000000000000,hx247e7c6b63c63d5b04c539373a0fbcffbdedd358,0xd1eac115467c19506,0x78f933f54023bf6cc8d944b4ec2474f36ea14b072dab30ec62629c24d95a29ac,0,97761300,242.0178335295719,1748218206733960,Wrapped ICX,0.0165668375,wICX,0,1,2025-05-26
cx88fd7df7ddff82f7cc735c871dc519838cb235bb,hx247e7c6b63c63d5b04c539373a0fbcffbdedd358,hx0000000000000000000000000000000000000000,0x6ae235b7c237aba0,0xc60663ed47b65be84f54b75313d60dd3945cc5851d6d59adb1d2d013478e3220,0,97761293,7.701777376110685,1748218192700622,Balanced Dollar,0.0607288375,bnUSD,0,1,2025-05-26
cx88fd7df7ddff82f7cc735c871dc519838cb235bb,cx21e94c08c03daee80c25d8ee3ea22a20786ec231,hx247e7c6b63c63d5b04c539373a0fbcffbdedd358,0x53444835ec580001,0x45454d66496ed967c5a9d07540f385dd4a446bd84bb23321be05cb44dd342aa7,10,97761287,6.0,1748218180637199,Balanced Dollar,0.1524708625,bnUSD,0,1,2025-05-26
cx88fd7df7ddff82f7cc735c871dc519838cb235bb,cx203d9cd2a669be67177e997b8948ce2c35caffae,cx835b300dcfe01f0bdb794e134a0c5628384f4367,0x2866d0047ab2f72b,0x45454d66496ed967c5a9d07540f385dd4a446bd84bb23321be05cb44dd342aa7,7,97761287,2.9112429267986,1748218180637199,Balanced Dollar,0.1524708625,bnUSD,0,1,2025-05-26
cx88fd7df7ddff82f7cc735c871dc519838cb235bb,cx5faae53c4dbd1fbe4a2eb4aab6565030f10da5c6,cx203d9cd2a669be67177e997b8948ce2c35caffae,0x39b7724f8ab685ac,0x45454d66496ed967c5a9d07540f385dd4a446bd84bb23321be05cb44dd342aa7,5,97761287,4.158918466855143,1748218180637199,Balanced Dollar,0.1524708625,bnUSD,0,1,2025-05-26
cx88fd7df7ddff82f7cc735c871dc519838cb235bb,cx5faae53c4dbd1fbe4a2eb4aab6565030f10da5c6,cxdc30a0d3a1f131565c071272a20bc0b06fd4c17b,0x39b7724f8ab685ab,0x45454d66496ed967c5a9d07540f385dd4a446bd84bb23321be05cb44dd342aa7,4,97761287,4.158918466855143,1748218180637199,Balanced Dollar,0.1524708625,bnUSD,0,1,2025-05-26
cx88fd7df7ddff82f7cc735c871dc519838cb235bb,cxa0af3165c08318e988cb30993b3048335b94af6c,cx5faae53c4dbd1fbe4a2eb4aab6565030f10da5c6,0x20120754267b63,0x45454d66496ed967c5a9d07540f385dd4a446bd84bb23321be05cb44dd342aa7,3,97761287,0.009027021940620132,1748218180637199,Balanced Dollar,0.1524708625,bnUSD,0,1,2025-05-26
cx88fd7df7ddff82f7cc735c871dc519838cb235bb,cxa0af3165c08318e988cb30993b3048335b94af6c,cx21e94c08c03daee80c25d8ee3ea22a20786ec231,0x53444835ec580001,0x45454d66496ed967c5a9d07540f385dd4a446bd84bb23321be05cb44dd342aa7,2,97761287,6.0,1748218180637199,Balanced Dollar,0.1524708625,bnUSD,0,1,2025-05-26
cx2609b924e33ef00b648a409245c7ea394c467824,cx21e94c08c03daee80c25d8ee3ea22a20786ec231,cxa0af3165c08318e988cb30993b3048335b94af6c,0x221fce779bb402a93,0x45454d66496ed967c5a9d07540f385dd4a446bd84bb23321be05cb44dd342aa7,1,97761287,39.342574954820414,1748218180637199,Staked ICX,0.1524708625,sICX,0,1,2025-05-26
cx2609b924e33ef00b648a409245c7ea394c467824,hx247e7c6b63c63d5b04c539373a0fbcffbdedd358,cx21e94c08c03daee80c25d8ee3ea22a20786ec231,0x221fce779bb402a93,0x45454d66496ed967c5a9d07540f385dd4a446bd84bb23321be05cb44dd342aa7,0,97761287,39.342574954820414,1748218180637199,Staked ICX,0.1524708625,sICX,0,1,2025-05-26
cx88fd7df7ddff82f7cc735c871dc519838cb235bb,cx21e94c08c03daee80c25d8ee3ea22a20786ec231,hx247e7c6b63c63d5b04c539373a0fbcffbdedd358,0x17a0dd0a9c268975,0x5d87cd2879c194754edf7a3f0da2374b957b3c85927e72026e186637640170b7,16,97761280,1.7026036967852303,1748218166760830,Balanced Dollar,0.366381725,bnUSD,0,1,2025-05-26
cx88fd7df7ddff82f7cc735c871dc519838cb235bb,cxa0af3165c08318e988cb30993b3048335b94af6c,cx5faae53c4dbd1fbe4a2eb4aab6565030f10da5c6,0x919bf9c38e831,0x5d87cd2879c194754edf7a3f0da2374b957b3c85927e72026e186637640170b7,14,97761280,0.002561585540818993,1748218166760830,Balanced Dollar,0.366381725,bnUSD,0,1,2025-05-26
cx88fd7df7ddff82f7cc735c871dc519838cb235bb,cxa0af3165c08318e988cb30993b3048335b94af6c,cx21e94c08c03daee80c25d8ee3ea22a20786ec231,0x17a0dd0a9c268975,0x5d87cd2879c194754edf7a3f0da2374b957b3c85927e72026e186637640170b7,13,97761280,1.7026036967852303,1748218166760830,Balanced Dollar,0.366381725,bnUSD,0,1,2025-05-26
cx2609b924e33ef00b648a409245c7ea394c467824,cx21e94c08c03daee80c25d8ee3ea22a20786ec231,cxa0af3165c08318e988cb30993b3048335b94af6c,0x9aeea4b5ed26ddf0,0x5d87cd2879c194754edf7a3f0da2374b957b3c85927e72026e186637640170b7,12,97761280,11.164041627572821,1748218166760830,Staked ICX,0.366381725,sICX,0,1,2025-05-26
cx2609b924e33ef00b648a409245c7ea394c467824,cx203d9cd2a669be67177e997b8948ce2c35caffae,cx835b300dcfe01f0bdb794e134a0c5628384f4367,0x17adefdcfbf59ca,0x5d87cd2879c194754edf7a3f0da2374b957b3c85927e72026e186637640170b7,9,97761280,0.1066427228901442,1748218166760830,Staked ICX,0.366381725,sICX,0,1,2025-05-26
cx2609b924e33ef00b648a409245c7ea394c467824,cx5faae53c4dbd1fbe4a2eb4aab6565030f10da5c6,cx203d9cd2a669be67177e997b8948ce2c35caffae,0x21d3e8f28c83721,0x5d87cd2879c194754edf7a3f0da2374b957b3c85927e72026e186637640170b7,6,97761280,0.1523467469859203,1748218166760830,Staked ICX,0.366381725,sICX,0,1,2025-05-26
cx2609b924e33ef00b648a409245c7ea394c467824,cx5faae53c4dbd1fbe4a2eb4aab6565030f10da5c6,cxdc30a0d3a1f131565c071272a20bc0b06fd4c17b,0x21d3e8f28c83720,0x5d87cd2879c194754edf7a3f0da2374b957b3c85927e72026e186637640170b7,4,97761280,0.1523467469859203,1748218166760830,Staked ICX,0.366381725,sICX,0,1,2025-05-26
cx2609b924e33ef00b648a409245c7ea394c467824,cxa0af3165c08318e988cb30993b3048335b94af6c,cx5faae53c4dbd1fbe4a2eb4aab6565030f10da5c6,0x3bac184ad1dacd,0x5d87cd2879c194754edf7a3f0da2374b957b3c85927e72026e186637640170b7,3,97761280,0.016796243960388303,1748218166760830,Staked ICX,0.366381725,sICX,0,1,2025-05-26
cx2609b924e33ef00b648a409245c7ea394c467824,cxa0af3165c08318e988cb30993b3048335b94af6c,cx21e94c08c03daee80c25d8ee3ea22a20786ec231,0x9aeea4b5ed26ddf0,0x5d87cd2879c194754edf7a3f0da2374b957b3c85927e72026e186637640170b7,2,97761280,11.164041627572821,1748218166760830,Staked ICX,0.366381725,sICX,0,1,2025-05-26
cxf61cd5a45dc9f91c15aa65831a30a90d59a09619,cx21e94c08c03daee80c25d8ee3ea22a20786ec231,cxa0af3165c08318e988cb30993b3048335b94af6c,0x153c8d8bb99bf41a9,0x5d87cd2879c194754edf7a3f0da2374b957b3c85927e72026e186637640170b7,1,97761280,24.484057674449634,1748218166760830,Balance Token,0.366381725,BALN,0,1,2025-05-26
cxf61cd5a45dc9f91c15aa65831a30a90d59a09619,hx247e7c6b63c63d5b04c539373a0fbcffbdedd358,cx21e94c08c03daee80c25d8ee3ea22a20786ec231,0x153c8d8bb99bf41a9,0x5d87cd2879c194754edf7a3f0da2374b957b3c85927e72026e186637640170b7,0,97761280,24.484057674449634,1748218166760830,Balance Token,0.366381725,BALN,0,1,2025-05-26
cxf61cd5a45dc9f91c15aa65831a30a90d59a09619,cx10d59e8103ab44635190bd4139dbfd682fa2d07e,hx247e7c6b63c63d5b04c539373a0fbcffbdedd358,0x4ba2f7a983f8203e,0xe597bcea997d4e3e96237977e15238bc677f737ab8a9b5ee44356c50f425ba7d,3,97761264,5.450190806507331,1748218134757356,Balance Token,0.0909639875,BALN,0,1,2025-05-26
cx2609b924e33ef00b648a409245c7ea394c467824,cx10d59e8103ab44635190bd4139dbfd682fa2d07e,hx247e7c6b63c63d5b04c539373a0fbcffbdedd358,0xbf9cda5adad87aaf8,0xe597bcea997d4e3e96237977e15238bc677f737ab8a9b5ee44356c50f425ba7d,1,97761264,220.9144102618341,1748218134757356,Staked ICX,0.0909639875,sICX,0,1,2025-05-26
cx88fd7df7ddff82f7cc735c871dc519838cb235bb,cxa0af3165c08318e988cb30993b3048335b94af6c,cx5faae53c4dbd1fbe4a2eb4aab6565030f10da5c6,0x33157e78dc27800,0x2c1eeb20a737d9c924fff929831c38702bb623f36c98b103a8af8e871dd6a30a,2,97761100,0.230061708,1748217806553002,Balanced Dollar,0.0564028625,bnUSD,0,1,2025-05-26
cx288d13e1b63563459a2ac6179f237711f6851cb5,cxa0af3165c08318e988cb30993b3048335b94af6c,hxd75467e3e4ce64e3424c747dfb71503017440433,0xd5b342daa1e6ea,0x2c1eeb20a737d9c924fff929831c38702bb623f36c98b103a8af8e871dd6a30a,1,97761100,0.060151269756626664,1748217806553002,Ethereum,0.0564028625,ETH,0,1,2025-05-26
cx88fd7df7ddff82f7cc735c871dc519838cb235bb,hxd75467e3e4ce64e3424c747dfb71503017440433,cxa0af3165c08318e988cb30993b3048335b94af6c,0x8507f95abd5188000,0x2c1eeb20a737d9c924fff929831c38702bb623f36c98b103a8af8e871dd6a30a,0,97761100,153.374472,1748217806553002,Balanced Dollar,0.0564028625,bnUSD,0,1,2025-05-26
cx88fd7df7ddff82f7cc735c871dc519838cb235bb,cxa0af3165c08318e988cb30993b3048335b94af6c,cx5faae53c4dbd1fbe4a2eb4aab6565030f10da5c6,0x3310d7dcaf91312,0xf26395d54f5869e140bd709e6433ff56c869bf44ae95522b7b5f4ac71150bfb1,2,97761091,0.2299798899,1748217788645597,Balanced Dollar,0.0564028625,bnUSD,0,1,2025-05-26
cx288d13e1b63563459a2ac6179f237711f6851cb5,cxa0af3165c08318e988cb30993b3048335b94af6c,hxd75467e3e4ce64e3424c747dfb71503017440433,0xd5bdd2aa98bf79,0xf26395d54f5869e140bd709e6433ff56c869bf44ae95522b7b5f4ac71150bfb1,1,97761091,0.06016288254228876,1748217788645597,Ethereum,0.0564028625,ETH,0,1,2025-05-26
cx88fd7df7ddff82f7cc735c871dc519838cb235bb,hxd75467e3e4ce64e3424c747dfb71503017440433,cxa0af3165c08318e988cb30993b3048335b94af6c,0x84fbdcceb3df70000,0xf26395d54f5869e140bd709e6433ff56c869bf44ae95522b7b5f4ac71150bfb1,0,97761091,153.3199266,1748217788645597,Balanced Dollar,0.0564028625,bnUSD,0,1,2025-05-26
cx88fd7df7ddff82f7cc735c871dc519838cb235bb,cxa0af3165c08318e988cb30993b3048335b94af6c,cx5faae53c4dbd1fbe4a2eb4aab6565030f10da5c6,0x2f03ea277af1418,0xbd7123e87f78a0b33ac85511671a9f3853f5654f2d68ee8aca5a980155409b84,2,97761084,0.21173805,1748217774564193,Balanced Dollar,0.0563089625,bnUSD,0,1,2025-05-26
cx66a031cc3bd305c76371fb586e93801b948254f0,cxa0af3165c08318e988cb30993b3048335b94af6c,hxd75467e3e4ce64e3424c747dfb71503017440433,0x53784fa15ad87894,0xbd7123e87f78a0b33ac85511671a9f3853f5654f2d68ee8aca5a980155409b84,1,97761084,6.014644856785763,1748217774564193,Avalanche,0.0563089625,AVAX,0,1,2025-05-26
cx88fd7df7ddff82f7cc735c871dc519838cb235bb,hxd75467e3e4ce64e3424c747dfb71503017440433,cxa0af3165c08318e988cb30993b3048335b94af6c,0x7a6f871c257ef0000,0xbd7123e87f78a0b33ac85511671a9f3853f5654f2d68ee8aca5a980155409b84,0,97761084,141.1587,1748217774564193,Balanced Dollar,0.0563089625,bnUSD,0,1,2025-05-26
cx88fd7df7ddff82f7cc735c871dc519838cb235bb,cxa0af3165c08318e988cb30993b3048335b94af6c,cx5faae53c4dbd1fbe4a2eb4aab6565030f10da5c6,0x2ef9b16dc75dc18,0x47b494b4e2cde58eac48a6a3d6873a086be502851f1158e27ee4c410006c5039,2,97761078,0.21155823,1748217762470829,Balanced Dollar,0.0563089625,bnUSD,0,1,2025-05-26
cx66a031cc3bd305c76371fb586e93801b948254f0,cxa0af3165c08318e988cb30993b3048335b94af6c,hxd75467e3e4ce64e3424c747dfb71503017440433,0x537c1a9dc95fc839,0x47b494b4e2cde58eac48a6a3d6873a086be502851f1158e27ee4c410006c5039,1,97761078,6.015712467250825,1748217762470829,Avalanche,0.0563089625,AVAX,0,1,2025-05-26
cx88fd7df7ddff82f7cc735c871dc519838cb235bb,hxd75467e3e4ce64e3424c747dfb71503017440433,cxa0af3165c08318e988cb30993b3048335b94af6c,0x7a54e8b88c8428000,0x47b494b4e2cde58eac48a6a3d6873a086be502851f1158e27ee4c410006c5039,0,97761078,141.03882000000002,1748217762470829,Balanced Dollar,0.0563089625,bnUSD,0,1,2025-05-26
cx88fd7df7ddff82f7cc735c871dc519838cb235bb,cxa0af3165c08318e988cb30993b3048335b94af6c,cx5faae53c4dbd1fbe4a2eb4aab6565030f10da5c6,0x2eea5c573a00818,0x3c351cc078ba598da261cb4246b415efc30bd41e437bac0064492c55795393d9,2,97761061,0.21128850000000002,1748217728518519,Balanced Dollar,0.0563089625,bnUSD,0,1,2025-05-26
cx66a031cc3bd305c76371fb586e93801b948254f0,cxa0af3165c08318e988cb30993b3048335b94af6c,hxd75467e3e4ce64e3424c747dfb71503017440433,0x5376c71f1923dc97,0x3c351cc078ba598da261cb4246b415efc30bd41e437bac0064492c55795393d9,1,97761061,6.014213288779571,1748217728518519,Avalanche,0.0563089625,AVAX,0,1,2025-05-26
cx88fd7df7ddff82f7cc735c871dc519838cb235bb,hxd75467e3e4ce64e3424c747dfb71503017440433,cxa0af3165c08318e988cb30993b3048335b94af6c,0x7a2cfb23270bfc000,0x3c351cc078ba598da261cb4246b415efc30bd41e437bac0064492c55795393d9,0,97761061,140.859,1748217728518519,Balanced Dollar,0.0563089625,bnUSD,0,1,2025-05-26
cx2609b924e33ef00b648a409245c7ea394c467824,cx43e2eec79eb76293c298f2b17aec06097be606e0,hx0000000000000000000000000000000000000000,0x17c583a91f524e16bc,0xc914c3d527b6d7cf721ed3b74e4e66aebba888bb02b9f403888021f8e1b6ba8d,1,97760928,438.50751889473054,1748217461051308,Staked ICX,0.11829665,sICX,0,1,2025-05-25
cx2609b924e33ef00b648a409245c7ea394c467824,cx66d4d90f5f113eba575bf793570135f9b10cece1,cx43e2eec79eb76293c298f2b17aec06097be606e0,0x17c583a91f524e16bc,0xc914c3d527b6d7cf721ed3b74e4e66aebba888bb02b9f403888021f8e1b6ba8d,0,97760928,438.50751889473054,1748217461051308,Staked ICX,0.11829665,sICX,0,1,2025-05-25
cx88fd7df7ddff82f7cc735c871dc519838cb235bb,cxa0af3165c08318e988cb30993b3048335b94af6c,cx5faae53c4dbd1fbe4a2eb4aab6565030f10da5c6,0x2edb0740aca3400,0xfe1c26573d96b705ee512789f15cf82159b4535eb87345a531fe0921f1ff6f31,2,97760927,0.21101877,1748217459084079,Balanced Dollar,0.0563089625,bnUSD,0,1,2025-05-25
cx66a031cc3bd305c76371fb586e93801b948254f0,cxa0af3165c08318e988cb30993b3048335b94af6c,hxd75467e3e4ce64e3424c747dfb71503017440433,0x537166c5a17df67f,0xfe1c26573d96b705ee512789f15cf82159b4535eb87345a531fe0921f1ff6f31,1,97760927,6.0126999765203,1748217459084079,Avalanche,0.0563089625,AVAX,0,1,2025-05-25
cx88fd7df7ddff82f7cc735c871dc519838cb235bb,hxd75467e3e4ce64e3424c747dfb71503017440433,cxa0af3165c08318e988cb30993b3048335b94af6c,0x7a050d8dc193cc000,0xfe1c26573d96b705ee512789f15cf82159b4535eb87345a531fe0921f1ff6f31,0,97760927,140.67918,1748217459084079,Balanced Dollar,0.0563089625,bnUSD,0,1,2025-05-25
cx88fd7df7ddff82f7cc735c871dc519838cb235bb,cxa0af3165c08318e988cb30993b3048335b94af6c,cx5faae53c4dbd1fbe4a2eb4aab6565030f10da5c6,0x2edb0740aca3400,0xed3a7f95bb95dd6bba712215ab409ed952669fee4bbce1a53e69dbd33c1f7948,2,97760921,0.21101877,1748217447083180,Balanced Dollar,0.0563089625,bnUSD,0,1,2025-05-25
cx66a031cc3bd305c76371fb586e93801b948254f0,cxa0af3165c08318e988cb30993b3048335b94af6c,hxd75467e3e4ce64e3424c747dfb71503017440433,0x53875251b4b27b04,0xed3a7f95bb95dd6bba712215ab409ed952669fee4bbce1a53e69dbd33c1f7948,1,97760921,6.018869937881382,1748217447083180,Avalanche,0.0563089625,AVAX,0,1,2025-05-25
cx88fd7df7ddff82f7cc735c871dc519838cb235bb,hxd75467e3e4ce64e3424c747dfb71503017440433,cxa0af3165c08318e988cb30993b3048335b94af6c,0x7a050d8dc193cc000,0xed3a7f95bb95dd6bba712215ab409ed952669fee4bbce1a53e69dbd33c1f7948,0,97760921,140.67918,1748217447083180,Balanced Dollar,0.0563089625,bnUSD,0,1,2025-05-25
cx88fd7df7ddff82f7cc735c871dc519838cb235bb,cxa0af3165c08318e988cb30993b3048335b94af6c,cx5faae53c4dbd1fbe4a2eb4aab6565030f10da5c6,0x3303dc9eecc9106,0x44df62157e784f93985a44aa944a246d2199089e0afe7d6c615d90bf57231842,2,97760918,0.2297515185,1748217441146714,Balanced Dollar,0.0564028625,bnUSD,0,1,2025-05-25
cx288d13e1b63563459a2ac6179f237711f6851cb5,cxa0af3165c08318e988cb30993b3048335b94af6c,hxd75467e3e4ce64e3424c747dfb71503017440433,0xd5a57ae4107143,0x44df62157e784f93985a44aa944a246d2199089e0afe7d6c615d90bf57231842,1,97760918,0.0601361172702457,1748217441146714,Ethereum,0.0564028625,ETH,0,1,2025-05-25
cx88fd7df7ddff82f7cc735c871dc519838cb235bb,hxd75467e3e4ce64e3424c747dfb71503017440433,cxa0af3165c08318e988cb30993b3048335b94af6c,0x84da0e8888a0f0000,0x44df62157e784f93985a44aa944a246d2199089e0afe7d6c615d90bf57231842,0,97760918,153.167679,1748217441146714,Balanced Dollar,0.0564028625,bnUSD,0,1,2025-05-25
cx07b184a37f03c6ab681fcbd0b45aec6dc3eafbeb,cx66d4d90f5f113eba575bf793570135f9b10cece1,hx1adc2b41608d81704d775ff143f43ab6efe0d792,0x1147c84030000,0x12577e16d6c26807a2949871f812681759bebbc7e83643524d8310b5c61510bd,0,97760913,0.000304,1748217431129676,Bitcoin,0.0339334,BTC,0,1,2025-05-25
cx2609b924e33ef00b648a409245c7ea394c467824,cx21e94c08c03daee80c25d8ee3ea22a20786ec231,hx2debd9ec927cca1639da8d3518dd9dbf1cdfb357,0xa2a0fd2941b40d8c88,0xd5dca7dcf918c97de4404e28fffd050443f8925edb84fcac5184130b666bc410,5,97760912,2999.973013518294,1748217429028781,Staked ICX,0.1127098125,sICX,0,1,2025-05-25
cx88fd7df7ddff82f7cc735c871dc519838cb235bb,cxa0af3165c08318e988cb30993b3048335b94af6c,cx5faae53c4dbd1fbe4a2eb4aab6565030f10da5c6,0x9939f5d223a474a,0xd5dca7dcf918c97de4404e28fffd050443f8925edb84fcac5184130b666bc410,3,97760912,0.6900703902728375,1748217429028781,Balanced Dollar,0.1127098125,bnUSD,0,1,2025-05-25
cx2609b924e33ef00b648a409245c7ea394c467824,cxa0af3165c08318e988cb30993b3048335b94af6c,cx21e94c08c03daee80c25d8ee3ea22a20786ec231,0xa2a0fd2941b40d8c88,0xd5dca7dcf918c97de4404e28fffd050443f8925edb84fcac5184130b666bc410,2,97760912,2999.973013518294,1748217429028781,Staked ICX,0.1127098125,sICX,0,1,2025-05-25
cx88fd7df7ddff82f7cc735c871dc519838cb235bb,cx21e94c08c03daee80c25d8ee3ea22a20786ec231,cxa0af3165c08318e988cb30993b3048335b94af6c,0x18f06f0289226efb60,0xd5dca7dcf918c97de4404e28fffd050443f8925edb84fcac5184130b666bc410,1,97760912,460.0469268485583,1748217429028781,Balanced Dollar,0.1127098125,bnUSD,0,1,2025-05-25
cx88fd7df7ddff82f7cc735c871dc519838cb235bb,hx2debd9ec927cca1639da8d3518dd9dbf1cdfb357,cx21e94c08c03daee80c25d8ee3ea22a20786ec231,0x18f06f0289226efb60,0xd5dca7dcf918c97de4404e28fffd050443f8925edb84fcac5184130b666bc410,0,97760912,460.0469268485583,1748217429028781,Balanced Dollar,0.1127098125,bnUSD,0,1,2025-05-25
cx88fd7df7ddff82f7cc735c871dc519838cb235bb,cxd82fb5d3effecd8c9071a4bba3856ad7222c4b91,hxd75467e3e4ce64e3424c747dfb71503017440433,0x6c6b935b8bbd400000,0x1015f581fd8e9bed9b294f7000b1e743261ef955ae6635354e006fcc210c9dd3,0,97760771,2000.0,1748217146990933,Balanced Dollar,0.020694875,bnUSD,0,1,2025-05-25
cx88fd7df7ddff82f7cc735c871dc519838cb235bb,cxa0af3165c08318e988cb30993b3048335b94af6c,cx5faae53c4dbd1fbe4a2eb4aab6565030f10da5c6,0x2ec695cd457c3e7,0xad6b9716fdd6c7c1b31a6e8fcca821865fc4ea285d6c830215dac1a64352ad14,2,97760740,0.21065912999999997,1748217084991864,Balanced Dollar,0.0563049625,bnUSD,0,1,2025-05-25
cx66a031cc3bd305c76371fb586e93801b948254f0,cxa0af3165c08318e988cb30993b3048335b94af6c,hxd75467e3e4ce64e3424c747dfb71503017440433,0x5378c69046625090,0xad6b9716fdd6c7c1b31a6e8fcca821865fc4ea285d6c830215dac1a64352ad14,1,97760740,6.014775625311736,1748217084991864,Avalanche,0.0563049625,AVAX,0,1,2025-05-25
cx88fd7df7ddff82f7cc735c871dc519838cb235bb,hxd75467e3e4ce64e3424c747dfb71503017440433,cxa0af3165c08318e988cb30993b3048335b94af6c,0x79cfd0c68f9e38000,0xad6b9716fdd6c7c1b31a6e8fcca821865fc4ea285d6c830215dac1a64352ad14,0,97760740,140.43941999999998,1748217084991864,Balanced Dollar,0.0563049625,bnUSD,0,1,2025-05-25
cx88fd7df7ddff82f7cc735c871dc519838cb235bb,cxa0af3165c08318e988cb30993b3048335b94af6c,cx5faae53c4dbd1fbe4a2eb4aab6565030f10da5c6,0x2ec695cd457c3e7,0xa5144ccdcb64feadbf4ccf0d482db231359505e5eb3c436fb80ca8837ff52b90,2,97760735,0.21065912999999997,1748217074923874,Balanced Dollar,0.0563089625,bnUSD,0,1,2025-05-25
cx66a031cc3bd305c76371fb586e93801b948254f0,cxa0af3165c08318e988cb30993b3048335b94af6c,hxd75467e3e4ce64e3424c747dfb71503017440433,0x538eb03b525e99c2,0xa5144ccdcb64feadbf4ccf0d482db231359505e5eb3c436fb80ca8837ff52b90,1,97760735,6.0209435206724224,1748217074923874,Avalanche,0.0563089625,AVAX,0,1,2025-05-25
cx88fd7df7ddff82f7cc735c871dc519838cb235bb,hxd75467e3e4ce64e3424c747dfb71503017440433,cxa0af3165c08318e988cb30993b3048335b94af6c,0x79cfd0c68f9e38000,0xa5144ccdcb64feadbf4ccf0d482db231359505e5eb3c436fb80ca8837ff52b90,0,97760735,140.43941999999998,1748217074923874,Balanced Dollar,0.0563089625,bnUSD,0,1,2025-05-25
cx2609b924e33ef00b648a409245c7ea394c467824,cx21e94c08c03daee80c25d8ee3ea22a20786ec231,hx2debd9ec927cca1639da8d3518dd9dbf1cdfb357,0xa2a0fd294056fa5e81,0x9cd8e376d5568d42689053ddcb74a77519516311cf62c35a7be1aa6e892614a2,5,97760712,2999.9730135124373,1748217028899641,Staked ICX,0.1127098125,sICX,0,1,2025-05-25
cx88fd7df7ddff82f7cc735c871dc519838cb235bb,cxa0af3165c08318e988cb30993b3048335b94af6c,cx5faae53c4dbd1fbe4a2eb4aab6565030f10da5c6,0x9912ab8d366ad04,0x9cd8e376d5568d42689053ddcb74a77519516311cf62c35a7be1aa6e892614a2,3,97760712,0.6893791912734671,1748217028899641,Balanced Dollar,0.1127098125,bnUSD,0,1,2025-05-25
cx2609b924e33ef00b648a409245c7ea394c467824,cxa0af3165c08318e988cb30993b3048335b94af6c,cx21e94c08c03daee80c25d8ee3ea22a20786ec231,0xa2a0fd294056fa5e81,0x9cd8e376d5568d42689053ddcb74a77519516311cf62c35a7be1aa6e892614a2,2,97760712,2999.9730135124373,1748217028899641,Staked ICX,0.1127098125,sICX,0,1,2025-05-25
cx88fd7df7ddff82f7cc735c871dc519838cb235bb,cx21e94c08c03daee80c25d8ee3ea22a20786ec231,cxa0af3165c08318e988cb30993b3048335b94af6c,0x18ea09ebfbdb628fc0,0x9cd8e376d5568d42689053ddcb74a77519516311cf62c35a7be1aa6e892614a2,1,97760712,459.58612751564476,1748217028899641,Balanced Dollar,0.1127098125,bnUSD,0,1,2025-05-25
cx88fd7df7ddff82f7cc735c871dc519838cb235bb,hx2debd9ec927cca1639da8d3518dd9dbf1cdfb357,cx21e94c08c03daee80c25d8ee3ea22a20786ec231,0x18ea09ebfbdb628fc0,0x9cd8e376d5568d42689053ddcb74a77519516311cf62c35a7be1aa6e892614a2,0,97760712,459.58612751564476,1748217028899641,Balanced Dollar,0.1127098125,bnUSD,0,1,2025-05-25
cx88fd7df7ddff82f7cc735c871dc519838cb235bb,cxa0af3165c08318e988cb30993b3048335b94af6c,cx5faae53c4dbd1fbe4a2eb4aab6565030f10da5c6,0x2bd2301f5cd9400,0xeb670350cc8448aad6f1e50885e679f09bb0f81586494a248fce0e632945a4be,2,97760476,0.19735245,1748216556759142,Balanced Dollar,0.0563762625,bnUSD,0,1,2025-05-25
cx4297f4b63262507623b6ad575d0d8dd2db980e4e,cxa0af3165c08318e988cb30993b3048335b94af6c,hxd75467e3e4ce64e3424c747dfb71503017440433,0x8b0f6e9343a494ba,0xeb670350cc8448aad6f1e50885e679f09bb0f81586494a248fce0e632945a4be,1,97760476,10.02034927469675,1748216556759142,Injective,0.0563762625,INJ,0,1,2025-05-25
cx88fd7df7ddff82f7cc735c871dc519838cb235bb,hxd75467e3e4ce64e3424c747dfb71503017440433,cxa0af3165c08318e988cb30993b3048335b94af6c,0x721e07fc57206c000,0xeb670350cc8448aad6f1e50885e679f09bb0f81586494a248fce0e632945a4be,0,97760476,131.5683,1748216556759142,Balanced Dollar,0.0563762625,bnUSD,0,1,2025-05-25
cx66a031cc3bd305c76371fb586e93801b948254f0,hxd75467e3e4ce64e3424c747dfb71503017440433,hx0000000000000000000000000000000000000000,0x270801d946c940000,0x2d0bb7da1fbc6e36908d4492cf0dc23e62ef222fd2ee953ac6f9dad5815ba892,0,97760457,45.0,1748216518740744,Avalanche,0.02275575,AVAX,0,1,2025-05-25
cx88fd7df7ddff82f7cc735c871dc519838cb235bb,cxa0af3165c08318e988cb30993b3048335b94af6c,cx5faae53c4dbd1fbe4a2eb4aab6565030f10da5c6,0x2ebc5d1391e8c18,0x8bad425fa066855a39693ae9c1e1be8dc3aac7e455dc8bfe96d792802bf53896,2,97760447,0.21047931000000003,1748216498741715,Balanced Dollar,0.0563089625,bnUSD,0,1,2025-05-25
cx66a031cc3bd305c76371fb586e93801b948254f0,cxa0af3165c08318e988cb30993b3048335b94af6c,hxd75467e3e4ce64e3424c747dfb71503017440433,0x539258f9ec164be1,0x8bad425fa066855a39693ae9c1e1be8dc3aac7e455dc8bfe96d792802bf53896,1,97760447,6.02197348217876,1748216498741715,Avalanche,0.0563089625,AVAX,0,1,2025-05-25
cx88fd7df7ddff82f7cc735c871dc519838cb235bb,hxd75467e3e4ce64e3424c747dfb71503017440433,cxa0af3165c08318e988cb30993b3048335b94af6c,0x79b53262f6a378000,0x8bad425fa066855a39693ae9c1e1be8dc3aac7e455dc8bfe96d792802bf53896,0,97760447,140.31954000000002,1748216498741715,Balanced Dollar,0.0563089625,bnUSD,0,1,2025-05-25
cx88fd7df7ddff82f7cc735c871dc519838cb235bb,cxa0af3165c08318e988cb30993b3048335b94af6c,cx5faae53c4dbd1fbe4a2eb4aab6565030f10da5c6,0x2bd2301f5cd9400,0x9ca56d752a26966e34b160f4d5277648727a5df11e6377c0d28dffc0cb93bf50,2,97760442,0.19735245,1748216488717257,Balanced Dollar,0.0563762625,bnUSD,0,1,2025-05-25
cx4297f4b63262507623b6ad575d0d8dd2db980e4e,cxa0af3165c08318e988cb30993b3048335b94af6c,hxd75467e3e4ce64e3424c747dfb71503017440433,0x8b3bdceef950712a,0x9ca56d752a26966e34b160f4d5277648727a5df11e6377c0d28dffc0cb93bf50,1,97760442,10.032855513841037,1748216488717257,Injective,0.0563762625,INJ,0,1,2025-05-25
cx88fd7df7ddff82f7cc735c871dc519838cb235bb,hxd75467e3e4ce64e3424c747dfb71503017440433,cxa0af3165c08318e988cb30993b3048335b94af6c,0x721e07fc57206c000,0x9ca56d752a26966e34b160f4d5277648727a5df11e6377c0d28dffc0cb93bf50,0,97760442,131.5683,1748216488717257,Balanced Dollar,0.0563762625,bnUSD,0,1,2025-05-25
cx88fd7df7ddff82f7cc735c871dc519838cb235bb,cxa0af3165c08318e988cb30993b3048335b94af6c,cx5faae53c4dbd1fbe4a2eb4aab6565030f10da5c6,0x2ebc5d1391e8c18,0x6cb2f17cb71a96f5083dc1739f16dee1b6481662555fc96bee97ab9e1963211b,2,97760439,0.21047931000000003,1748216482711661,Balanced Dollar,0.0563089625,bnUSD,0,1,2025-05-25
cx66a031cc3bd305c76371fb586e93801b948254f0,cxa0af3165c08318e988cb30993b3048335b94af6c,hxd75467e3e4ce64e3424c747dfb71503017440433,0x53a84a52b3c5b4dd,0x6cb2f17cb71a96f5083dc1739f16dee1b6481662555fc96bee97ab9e1963211b,1,97760439,6.028149820299261,1748216482711661,Avalanche,0.0563089625,AVAX,0,1,2025-05-25
cx88fd7df7ddff82f7cc735c871dc519838cb235bb,hxd75467e3e4ce64e3424c747dfb71503017440433,cxa0af3165c08318e988cb30993b3048335b94af6c,0x79b53262f6a378000,0x6cb2f17cb71a96f5083dc1739f16dee1b6481662555fc96bee97ab9e1963211b,0,97760439,140.31954000000002,1748216482711661,Balanced Dollar,0.0563089625,bnUSD,0,1,2025-05-25
cx88fd7df7ddff82f7cc735c871dc519838cb235bb,cxa0af3165c08318e988cb30993b3048335b94af6c,cx5faae53c4dbd1fbe4a2eb4aab6565030f10da5c6,0x2ead07fd048b818,0x44efeeba7fb87e354cb129f43727d20c3c1b5367fd7c15bbaa55294e7f5a3fb7,2,97760429,0.21020958000000003,1748216462759047,Balanced Dollar,0.0563089625,bnUSD,0,1,2025-05-25
cx66a031cc3bd305c76371fb586e93801b948254f0,cxa0af3165c08318e988cb30993b3048335b94af6c,hxd75467e3e4ce64e3424c747dfb71503017440433,0x53a2c7917ca155dd,0x44efeeba7fb87e354cb129f43727d20c3c1b5367fd7c15bbaa55294e7f5a3fb7,1,97760429,6.026598679050278,1748216462759047,Avalanche,0.0563089625,AVAX,0,1,2025-05-25
cx88fd7df7ddff82f7cc735c871dc519838cb235bb,hxd75467e3e4ce64e3424c747dfb71503017440433,cxa0af3165c08318e988cb30993b3048335b94af6c,0x798d44cd912b4c000,0x44efeeba7fb87e354cb129f43727d20c3c1b5367fd7c15bbaa55294e7f5a3fb7,0,97760429,140.13972,1748216462759047,Balanced Dollar,0.0563089625,bnUSD,0,1,2025-05-25
cx88fd7df7ddff82f7cc735c871dc519838cb235bb,cxa0af3165c08318e988cb30993b3048335b94af6c,cx5faae53c4dbd1fbe4a2eb4aab6565030f10da5c6,0x2bb8a24f1be8800,0x404970a8cbbb9315428a6907a7dd4eb53b322fc306358dbb6bdd2ff50a9083cf,2,97760402,0.1969029,1748216407516366,Balanced Dollar,0.0563762625,bnUSD,0,1,2025-05-25
cx4297f4b63262507623b6ad575d0d8dd2db980e4e,cxa0af3165c08318e988cb30993b3048335b94af6c,hxd75467e3e4ce64e3424c747dfb71503017440433,0x8b17082eff6d60ea,0x404970a8cbbb9315428a6907a7dd4eb53b322fc306358dbb6bdd2ff50a9083cf,1,97760402,10.022488493683204,1748216407516366,Injective,0.0563762625,INJ,0,1,2025-05-25
cx88fd7df7ddff82f7cc735c871dc519838cb235bb,hxd75467e3e4ce64e3424c747dfb71503017440433,cxa0af3165c08318e988cb30993b3048335b94af6c,0x71db7c0358ad78000,0x404970a8cbbb9315428a6907a7dd4eb53b322fc306358dbb6bdd2ff50a9083cf,0,97760402,131.2686,1748216407516366,Balanced Dollar,0.0563762625,bnUSD,0,1,2025-05-25
cx88fd7df7ddff82f7cc735c871dc519838cb235bb,cxd82fb5d3effecd8c9071a4bba3856ad7222c4b91,hxd75467e3e4ce64e3424c747dfb71503017440433,0x3635c9adc5dea00000,0x75485435c07df7734b4f5ea880ad0ba5a8830ab4a7a78cc4f9fe61dd9d596601,0,97760399,1000.0,1748216401486621,Balanced Dollar,0.0206921875,bnUSD,0,1,2025-05-25
cx88fd7df7ddff82f7cc735c871dc519838cb235bb,cxa0af3165c08318e988cb30993b3048335b94af6c,cx5faae53c4dbd1fbe4a2eb4aab6565030f10da5c6,0x2bb8a24f1be8800,0x5c33fa32e62410bdbc0d406c1972120e280c20a7e4ee5ba718695c5b8b9c7fe0,2,97760391,0.1969029,1748216384262957,Balanced Dollar,0.0563762625,bnUSD,0,1,2025-05-25
cx4297f4b63262507623b6ad575d0d8dd2db980e4e,cxa0af3165c08318e988cb30993b3048335b94af6c,hxd75467e3e4ce64e3424c747dfb71503017440433,0x8b436d37bcbc9ade,0x5c33fa32e62410bdbc0d406c1972120e280c20a7e4ee5ba718695c5b8b9c7fe0,1,97760391,10.034984480868703,1748216384262957,Injective,0.0563762625,INJ,0,1,2025-05-25
cx88fd7df7ddff82f7cc735c871dc519838cb235bb,hxd75467e3e4ce64e3424c747dfb71503017440433,cxa0af3165c08318e988cb30993b3048335b94af6c,0x71db7c0358ad78000,0x5c33fa32e62410bdbc0d406c1972120e280c20a7e4ee5ba718695c5b8b9c7fe0,0,97760391,131.2686,1748216384262957,Balanced Dollar,0.0563762625,bnUSD,0,1,2025-05-25
cx2609b924e33ef00b648a409245c7ea394c467824,cx21e94c08c03daee80c25d8ee3ea22a20786ec231,hx2debd9ec927cca1639da8d3518dd9dbf1cdfb357,0xa2a0fd293eb21935f5,0x487cdd4afee6fcfc3c23e9001b0775cf6598986c76251cce5def2084e846d5c4,5,97760386,2999.9730135053765,1748216374330513,Staked ICX,0.1127098125,sICX,0,1,2025-05-25
cx88fd7df7ddff82f7cc735c871dc519838cb235bb,cxa0af3165c08318e988cb30993b3048335b94af6c,cx5faae53c4dbd1fbe4a2eb4aab6565030f10da5c6,0x98eb706212beaa0,0x487cdd4afee6fcfc3c23e9001b0775cf6598986c76251cce5def2084e846d5c4,3,97760386,0.6886890299884776,1748216374330513,Balanced Dollar,0.1127098125,bnUSD,0,1,2025-05-25
cx2609b924e33ef00b648a409245c7ea394c467824,cxa0af3165c08318e988cb30993b3048335b94af6c,cx21e94c08c03daee80c25d8ee3ea22a20786ec231,0xa2a0fd293eb21935f5,0x487cdd4afee6fcfc3c23e9001b0775cf6598986c76251cce5def2084e846d5c4,2,97760386,2999.9730135053765,1748216374330513,Staked ICX,0.1127098125,sICX,0,1,2025-05-25
cx88fd7df7ddff82f7cc735c871dc519838cb235bb,cx21e94c08c03daee80c25d8ee3ea22a20786ec231,cxa0af3165c08318e988cb30993b3048335b94af6c,0x18e3a74aa10d085600,0x487cdd4afee6fcfc3c23e9001b0775cf6598986c76251cce5def2084e846d5c4,1,97760386,459.1260199923184,1748216374330513,Balanced Dollar,0.1127098125,bnUSD,0,1,2025-05-25
cx88fd7df7ddff82f7cc735c871dc519838cb235bb,hx2debd9ec927cca1639da8d3518dd9dbf1cdfb357,cx21e94c08c03daee80c25d8ee3ea22a20786ec231,0x18e3a74aa10d085600,0x487cdd4afee6fcfc3c23e9001b0775cf6598986c76251cce5def2084e846d5c4,0,97760386,459.1260199923184,1748216374330513,Balanced Dollar,0.1127098125,bnUSD,0,1,2025-05-25
cx88fd7df7ddff82f7cc735c871dc519838cb235bb,cxa0af3165c08318e988cb30993b3048335b94af6c,cx5faae53c4dbd1fbe4a2eb4aab6565030f10da5c6,0x2b9f147edaf7be7,0x59baec8e82ef68c8b8156f8a12607095b92da84d1bca45a79998b076d59f129b,2,97760318,0.19645334999999997,1748216236121396,Balanced Dollar,0.0563762625,bnUSD,0,1,2025-05-25
cx4297f4b63262507623b6ad575d0d8dd2db980e4e,cxa0af3165c08318e988cb30993b3048335b94af6c,hxd75467e3e4ce64e3424c747dfb71503017440433,0x8b1e5b2bda471d03,0x59baec8e82ef68c8b8156f8a12607095b92da84d1bca45a79998b076d59f129b,1,97760318,10.024550064477118,1748216236121396,Injective,0.0563762625,INJ,0,1,2025-05-25
cx88fd7df7ddff82f7cc735c871dc519838cb235bb,hxd75467e3e4ce64e3424c747dfb71503017440433,cxa0af3165c08318e988cb30993b3048335b94af6c,0x7198f00a5a3a80000,0x59baec8e82ef68c8b8156f8a12607095b92da84d1bca45a79998b076d59f129b,0,97760318,130.9689,1748216236121396,Balanced Dollar,0.0563762625,bnUSD,0,1,2025-05-25
cx2609b924e33ef00b648a409245c7ea394c467824,cx21e94c08c03daee80c25d8ee3ea22a20786ec231,hx2debd9ec927cca1639da8d3518dd9dbf1cdfb357,0xa2a0fd293d38544a40,0xc22b1d582e924cc55b63a7fcde0ba070f84588285142940b9655f26c5ebb2a63,5,97760295,2999.9730134990386,1748216190054544,Staked ICX,0.1127098125,sICX,0,1,2025-05-25
cx88fd7df7ddff82f7cc735c871dc519838cb235bb,cxa0af3165c08318e988cb30993b3048335b94af6c,cx5faae53c4dbd1fbe4a2eb4aab6565030f10da5c6,0x98c44448fd40e24,0xc22b1d582e924cc55b63a7fcde0ba070f84588285142940b9655f26c5ebb2a63,3,97760295,0.6879999043423473,1748216190054544,Balanced Dollar,0.1127098125,bnUSD,0,1,2025-05-25
cx2609b924e33ef00b648a409245c7ea394c467824,cxa0af3165c08318e988cb30993b3048335b94af6c,cx21e94c08c03daee80c25d8ee3ea22a20786ec231,0xa2a0fd293d38544a40,0xc22b1d582e924cc55b63a7fcde0ba070f84588285142940b9655f26c5ebb2a63,2,97760295,2999.9730134990386,1748216190054544,Staked ICX,0.1127098125,sICX,0,1,2025-05-25
cx88fd7df7ddff82f7cc735c871dc519838cb235bb,cx21e94c08c03daee80c25d8ee3ea22a20786ec231,cxa0af3165c08318e988cb30993b3048335b94af6c,0x18dd471d368d8f7dc0,0xc22b1d582e924cc55b63a7fcde0ba070f84588285142940b9655f26c5ebb2a63,1,97760295,458.6666028948982,1748216190054544,Balanced Dollar,0.1127098125,bnUSD,0,1,2025-05-25
cx88fd7df7ddff82f7cc735c871dc519838cb235bb,hx2debd9ec927cca1639da8d3518dd9dbf1cdfb357,cx21e94c08c03daee80c25d8ee3ea22a20786ec231,0x18dd471d368d8f7dc0,0xc22b1d582e924cc55b63a7fcde0ba070f84588285142940b9655f26c5ebb2a63,0,97760295,458.6666028948982,1748216190054544,Balanced Dollar,0.1127098125,bnUSD,0,1,2025-05-25
cxf61cd5a45dc9f91c15aa65831a30a90d59a09619,hxe76a8703a40e86a119a1e1e5a392afa628d94923,cxe0252e6c1fe4040412811d83d13979e335287e45,0x16fc2e998d3da00000,0xe49608a672e9839fa0fab14def88e70451e175a46a6f8edb5e693c0d1383e7fc,0,97760292,424.0,1748216184093465,Balance Token,0.076927,BALN,0,1,2025-05-25
cx2609b924e33ef00b648a409245c7ea394c467824,cx21e94c08c03daee80c25d8ee3ea22a20786ec231,hx2debd9ec927cca1639da8d3518dd9dbf1cdfb357,0xa2a0fd293b8eb43acc,0x5f7d59c6d116672b8ab02d43540f1a224b9d184a0b28deae056d6ff47911e2f1,5,97760291,2999.9730134918977,1748216182002443,Staked ICX,0.1127098125,sICX,0,1,2025-05-25
cx88fd7df7ddff82f7cc735c871dc519838cb235bb,cxa0af3165c08318e988cb30993b3048335b94af6c,cx5faae53c4dbd1fbe4a2eb4aab6565030f10da5c6,0x989d273a3ec35e8,0x5f7d59c6d116672b8ab02d43540f1a224b9d184a0b28deae056d6ff47911e2f1,3,97760291,0.6873118122639498,1748216182002443,Balanced Dollar,0.1127098125,bnUSD,0,1,2025-05-25
cx2609b924e33ef00b648a409245c7ea394c467824,cxa0af3165c08318e988cb30993b3048335b94af6c,cx21e94c08c03daee80c25d8ee3ea22a20786ec231,0xa2a0fd293b8eb43acc,0x5f7d59c6d116672b8ab02d43540f1a224b9d184a0b28deae056d6ff47911e2f1,2,97760291,2999.9730134918977,1748216182002443,Staked ICX,0.1127098125,sICX,0,1,2025-05-25
cx88fd7df7ddff82f7cc735c871dc519838cb235bb,cx21e94c08c03daee80c25d8ee3ea22a20786ec231,cxa0af3165c08318e988cb30993b3048335b94af6c,0x18d6e9627ae1cc6180,0x5f7d59c6d116672b8ab02d43540f1a224b9d184a0b28deae056d6ff47911e2f1,1,97760291,458.2078748426332,1748216182002443,Balanced Dollar,0.1127098125,bnUSD,0,1,2025-05-25
cx88fd7df7ddff82f7cc735c871dc519838cb235bb,hx2debd9ec927cca1639da8d3518dd9dbf1cdfb357,cx21e94c08c03daee80c25d8ee3ea22a20786ec231,0x18d6e9627ae1cc6180,0x5f7d59c6d116672b8ab02d43540f1a224b9d184a0b28deae056d6ff47911e2f1,0,97760291,458.2078748426332,1748216182002443,Balanced Dollar,0.1127098125,bnUSD,0,1,2025-05-25
cx88fd7df7ddff82f7cc735c871dc519838cb235bb,cxa0af3165c08318e988cb30993b3048335b94af6c,cx5faae53c4dbd1fbe4a2eb4aab6565030f10da5c6,0x2b8e0b495a57418,0x735b31f8173df76847a429bc1ebfa56c49accca466cd668959d5f82b97bd2fc9,2,97760290,0.19615365,1748216180045478,Balanced Dollar,0.0563762625,bnUSD,0,1,2025-05-25
cx4297f4b63262507623b6ad575d0d8dd2db980e4e,cxa0af3165c08318e988cb30993b3048335b94af6c,hxd75467e3e4ce64e3424c747dfb71503017440433,0x8b1447d9c654116e,0x735b31f8173df76847a429bc1ebfa56c49accca466cd668959d5f82b97bd2fc9,1,97760290,10.02171407146707,1748216180045478,Injective,0.0563762625,INJ,0,1,2025-05-25
cx88fd7df7ddff82f7cc735c871dc519838cb235bb,hxd75467e3e4ce64e3424c747dfb71503017440433,cxa0af3165c08318e988cb30993b3048335b94af6c,0x716c92b9b09890000,0x735b31f8173df76847a429bc1ebfa56c49accca466cd668959d5f82b97bd2fc9,0,97760290,130.7691,1748216180045478,Balanced Dollar,0.0563762625,bnUSD,0,1,2025-05-25
cx2609b924e33ef00b648a409245c7ea394c467824,cx21e94c08c03daee80c25d8ee3ea22a20786ec231,hx2debd9ec927cca1639da8d3518dd9dbf1cdfb357,0xa2a0fd2939cb5488c9,0x01476258280994ea2b9adbda496b6bc4f2a8f9e52e018060e5b8251b9c86495f,5,97760287,2999.973013484325,1748216174036552,Staked ICX,0.1127098125,sICX,0,1,2025-05-25
cx88fd7df7ddff82f7cc735c871dc519838cb235bb,cxa0af3165c08318e988cb30993b3048335b94af6c,cx5faae53c4dbd1fbe4a2eb4aab6565030f10da5c6,0x9876192e257143c,0x01476258280994ea2b9adbda496b6bc4f2a8f9e52e018060e5b8251b9c86495f,3,97760287,0.6866247516877672,1748216174036552,Balanced Dollar,0.1127098125,bnUSD,0,1,2025-05-25
cx2609b924e33ef00b648a409245c7ea394c467824,cxa0af3165c08318e988cb30993b3048335b94af6c,cx21e94c08c03daee80c25d8ee3ea22a20786ec231,0xa2a0fd2939cb5488c9,0x01476258280994ea2b9adbda496b6bc4f2a8f9e52e018060e5b8251b9c86495f,2,97760287,2999.973013484325,1748216174036552,Staked ICX,0.1127098125,sICX,0,1,2025-05-25
cx88fd7df7ddff82f7cc735c871dc519838cb235bb,cx21e94c08c03daee80c25d8ee3ea22a20786ec231,cxa0af3165c08318e988cb30993b3048335b94af6c,0x18d08e192d6d6f5c40,0x01476258280994ea2b9adbda496b6bc4f2a8f9e52e018060e5b8251b9c86495f,1,97760287,457.7498344585114,1748216174036552,Balanced Dollar,0.1127098125,bnUSD,0,1,2025-05-25
cx88fd7df7ddff82f7cc735c871dc519838cb235bb,hx2debd9ec927cca1639da8d3518dd9dbf1cdfb357,cx21e94c08c03daee80c25d8ee3ea22a20786ec231,0x18d08e192d6d6f5c40,0x01476258280994ea2b9adbda496b6bc4f2a8f9e52e018060e5b8251b9c86495f,0,97760287,457.7498344585114,1748216174036552,Balanced Dollar,0.1127098125,bnUSD,0,1,2025-05-25
cx88fd7df7ddff82f7cc735c871dc519838cb235bb,cxa0af3165c08318e988cb30993b3048335b94af6c,cx5faae53c4dbd1fbe4a2eb4aab6565030f10da5c6,0x2b8e0b495a57418,0x5ab48c02c6a96f38a05d43ef099e7064c8a7c9f8cb477a3815dfdeb067528fd4,2,97760281,0.19615365,1748216162058301,Balanced Dollar,0.056395075,bnUSD,0,1,2025-05-25
cx4297f4b63262507623b6ad575d0d8dd2db980e4e,cxa0af3165c08318e988cb30993b3048335b94af6c,hxd75467e3e4ce64e3424c747dfb71503017440433,0x8b4095ebfe93fa3a,0x5ab48c02c6a96f38a05d43ef099e7064c8a7c9f8cb477a3815dfdeb067528fd4,1,97760281,10.03418481060243,1748216162058301,Injective,0.056395075,INJ,0,1,2025-05-25
