,date,Regular Tx,Fees burned,Internal Tx,Internal Event (excluding Tx),Regular & Interal Tx,Regular & Interal Tx (MA7),Regular & Interal Tx (MA30),Fees burned (MA7),Fees burned (MA30)
0,2023-05-10,50538,266.8526326624999,17308,50025,67846,,,,
1,2023-05-11,53933,223.47538631249984,14617,49908,68550,,,,
2,2023-05-12,48461,281.2946625124999,13393,49407,61854,,,,
3,2023-05-13,47839,124.30727108749991,11755,49898,59594,,,,
4,2023-05-14,47879,157.6946609249999,13338,49949,61217,,,,
5,2023-05-15,50625,172.98566774999986,15142,50101,65767,,,,
6,2023-05-16,48719,209.34902677499988,14445,50094,63164,63998.857142857145,,205.13704400357133,
7,2023-05-17,49051,187.4096312374999,14288,49985,63339,63355.0,,193.78804379999988,
8,2023-05-18,49016,194.84910124999988,15061,50390,64077,62716.0,,189.69857450535704,
9,2023-05-19,48948,170.99537811249988,13886,50272,62834,62856.0,,173.9415338767856,
10,2023-05-20,47953,163.5669655374999,11632,49320,59585,62854.71428571428,,179.550061655357,
11,2023-05-21,48186,184.3774761249999,12182,50301,60368,62733.42857142857,,183.36189239821417,
12,2023-05-22,50023,181.29427428749983,15887,50236,65910,62753.857142857145,,184.5488361892856,
13,2023-05-23,50178,343.42904236249984,18618,51136,68796,63558.42857142857,,203.70312413035703,
14,2023-05-24,49344,241.95706356249983,14918,49779,64262,63690.28571428572,,211.49561446249987,
15,2023-05-25,49537,155.58476587499987,13931,49567,63468,63603.28571428572,,205.88642369464273,
16,2023-05-26,49232,180.6872657624999,14397,50103,63629,63716.857142857145,,207.27097907321416,
17,2023-05-27,49533,183.11908384999987,14987,50079,64520,64421.857142857145,,210.06413883214273,
18,2023-05-28,49272,196.95455014999987,15064,50019,64336,64988.71428571428,,211.860863692857,
19,2023-05-29,49287,148.16491587499988,13996,49798,63283,64613.42857142857,,207.128098205357,
20,2023-05-30,51407,183.05719493749984,17255,50113,68662,64594.28571428572,,184.21783428749987,
21,2023-05-31,42204,124.66497557499991,8953,39948,51157,62722.142857142855,,167.46182171785702,
22,2023-06-01,50073,155.64592892499988,14576,49699,64649,62890.857142857145,,167.47055929642846,
23,2023-06-02,49871,146.89318869999988,13291,49538,63162,62824.142857142855,,162.6428340017856,
24,2023-06-03,49497,142.68896938749987,13620,49669,63117,62623.71428571428,,156.86710336428558,
25,2023-06-04,49564,119.72110871249988,12431,49354,61995,62289.28571428572,,145.83375458749987,
26,2023-06-05,58851,216.20608099999984,17258,49613,76109,64121.57142857143,,155.55392103392845,
27,2023-06-06,53658,168.37828422499987,13958,49287,67616,63972.142857142855,,153.45693378928559,
28,2023-06-07,49199,160.99889961249988,14172,49621,63371,65717.0,,158.64749436607127,
29,2023-06-08,71769,179.63980599999988,14226,49271,85995,68766.42857142857,64741.066666666666,162.0751910910713,185.5414419695832
30,2023-06-09,93413,579.3963902499999,13464,49801,106877,75011.42857142857,66042.1,223.8613627410713,195.95956722249989
31,2023-06-10,67704,356.8422331374999,20485,49908,88189,78593.14285714286,66696.73333333334,254.45468613392845,200.40512878333323
32,2023-06-11,48798,122.78731703749988,11879,49039,60677,78404.85714285714,66657.5,254.89271589464275,195.12155060083322
33,2023-06-12,73475,484.3890779124997,21000,49548,94475,81028.57142857143,67820.2,293.2045725964284,207.12427749499986
34,2023-06-13,82618,265.34146157499987,19052,49943,101670,85893.42857142857,69168.63333333333,307.05645507499986,210.7125041833332
35,2023-06-14,74965,268.99664078749987,14948,49600,89913,89685.14285714286,69973.5,322.4847038142856,213.91286995124986
36,2023-06-15,97590,313.3250455999999,16567,50266,114157,93708.28571428571,71673.26666666666,341.5825951857141,217.37873724541654
37,2023-06-16,93870,250.29476502499983,14429,50084,108299,93911.42857142857,73171.93333333333,294.5680772964284,219.47490837166652
38,2023-06-17,92497,236.8699425999999,13484,49385,105981,96453.14285714286,74568.73333333334,277.42917864821413,220.8756030833332
39,2023-06-18,92581,200.3335322624999,12436,49883,105017,102787.42857142857,75974.83333333333,288.5072093946427,221.85354155499988
40,2023-06-19,93172,245.48612236249983,16347,49396,109519,104936.57142857143,77639.3,254.37821574464274,224.5841801158332
41,2023-06-20,86238,233.62633849999983,16340,50857,102578,105066.28571428571,79046.3,249.8474838767856,226.2258088616665
42,2023-06-21,81407,222.67237552499984,13778,48197,95185,105819.42857142857,80022.13333333333,243.22973169642842,227.60507890291652
43,2023-06-22,92185,295.9173813749999,17644,51156,109829,105201.14285714286,81389.9,240.74292252142843,226.0213568699999
44,2023-06-23,90051,330.1725325374999,16031,49998,106082,104884.42857142857,82783.9,252.1540321660713,228.96187250249986
45,2023-06-24,91897,537.0790810499998,20633,49494,112530,105820.0,84419.3,295.0410519446427,241.67834967499985
46,2023-06-25,55150,75.0602582874999,8470,48850,63620,99906.14285714286,84419.0,277.14486994821414,238.15744942583316
47,2023-06-26,49466,120.77681854999985,9327,49030,58793,92659.57142857143,84228.1,259.32925511785703,236.07937391583317
48,2023-06-27,49444,72.14489984999989,9665,48794,59109,86449.71428571429,84053.86666666667,236.26047816785697,231.91905223916652
49,2023-06-28,48434,136.0387832874999,8731,48835,57165,81018.28571428571,83849.93333333333,223.884250705357,231.51484781958322
50,2023-06-29,48821,193.8769703999999,8545,48218,57366,73523.57142857143,83473.4,209.30704913749986,231.87550700166653
51,2023-06-30,67602,409.1098782999997,16722,51305,84324,70415.28571428571,84578.96666666666,220.583812817857,241.35700375916653
52,2023-07-01,93303,305.63570811249986,17556,49379,110859,70176.57142857143,86119.3,187.52047382678555,246.3566630654165
53,2023-07-02,92967,254.5169886124999,12549,47670,105516,76161.71428571429,87531.1,213.15714958749984,249.94412306249984
54,2023-07-03,94154,260.70585693749985,16357,49701,110511,83550.0,89110.9,233.14701221428555,253.87801931416652
55,2023-07-04,90939,307.9910874624998,19370,51848,110309,90864.28571428571,90721.36666666667,266.83932473035696,260.15368527249984
56,2023-07-05,92850,253.36756822499987,16024,49222,108874,98251.28571428571,91813.53333333334,283.60057972142846,261.3924015133332
57,2023-07-06,93792,284.26337691249984,18699,48392,112491,106126.28571428571,93309.36666666667,296.5129235089284,265.25523793624984
58,2023-07-07,92596,336.5655027874999,16279,51356,108875,109633.57142857143,94826.16666666667,286.149441292857,271.1074580420832
59,2023-07-08,91979,200.0943084874999,16648,53121,108627,109314.71428571429,95580.56666666667,271.0720984892856,271.7892747916665
60,2023-07-09,92974,185.9718748999999,12577,49787,105551,109319.71428571429,95536.36666666667,261.2799393874999,258.67512427999986
61,2023-07-10,94250,329.93960486249983,16748,50382,110998,109389.28571428571,96296.66666666667,271.170474805357,257.7783700041665
62,2023-07-11,93715,252.50757809999985,15071,49127,108786,109171.71428571429,97900.3,263.24425918214274,262.10237870624985
63,2023-07-12,93140,196.8473000124999,8194,44280,101334,108094.57142857143,98128.93333333333,255.16993515178555,252.5176527762499
64,2023-07-13,93729,302.3837349874999,22941,55250,116670,108691.57142857143,98628.93333333333,257.75855773392846,253.7523952233332
65,2023-07-14,93938,266.85434323749985,15807,49763,109745,108815.85714285714,99290.0,247.79982065535705,253.68098530499987
66,2023-07-15,93372,240.97058681249987,15860,49205,109232,108902.28571428571,99125.83333333333,253.63928898749987,251.2691700120832
67,2023-07-16,92978,186.8122597374999,13187,49361,106165,108990.0,99054.7,253.7593439642856,249.15308650249986
68,2023-07-17,94824,328.90809414999984,18852,50738,113676,109372.57142857143,99311.2,253.6119852910713,252.22102488749985
69,2023-07-18,95047,306.22001037499984,18614,50677,113661,110069.0,99599.33333333333,261.2851899017856,255.75057415791653
70,2023-07-19,94289,209.56700377499988,13357,49169,107646,110970.71428571429,99536.9,263.1022904392856,254.55327020499985
71,2023-07-20,94465,222.28307751249983,14439,49839,108904,109861.28571428571,99747.76666666666,251.65933937142842,254.17516150541653
72,2023-07-21,93972,256.5324192124999,15016,49116,108988,109753.14285714286,100207.86666666667,250.18477879642842,255.3038296283332
73,2023-07-22,93761,212.28334449999988,13495,49714,107256,109470.85714285714,100122.1,246.08660132321415,252.51602839916652
74,2023-07-23,93501,218.2321695749999,13163,49758,106664,109542.14285714286,100141.5,250.57515987142844,248.78468296708317
75,2023-07-24,96032,218.21535027499985,11293,44260,107325,108634.85714285714,99968.0,234.76191074642844,238.15589194124988
76,2023-07-25,94275,231.27358001249988,14392,49210,108667,107921.42857142857,101469.56666666667,224.0552778374999,243.36300266541653
77,2023-07-26,94772,190.6561581749999,12153,48934,106925,107818.42857142857,103073.96666666666,221.35372846607132,245.69231398624987
78,2023-07-27,94412,323.16687432499987,14856,49460,109268,107870.42857142857,104745.93333333333,235.76569943928558,254.05971313541653
79,2023-07-28,67740,167.37880014999988,13481,49404,81221,103903.71428571429,105547.8,223.02946814464275,255.1043803641665
80,2023-07-29,48995,101.6025440374999,11237,48939,60232,97186.0,105643.33333333333,207.21792522142846,252.02856615208322
81,2023-07-30,49472,140.3980607374999,12801,49401,62273,90844.42857142857,104908.3,196.09876681607128,243.07150556666653
82,2023-07-31,79975,266.33260034999984,16695,49183,96670,89322.28571428571,104435.33333333333,202.97265968392844,241.7614019745832
83,2023-08-01,91333,279.18314726249986,14564,49629,105897,88926.57142857143,104448.03333333334,209.81688357678559,242.58360726291656
84,2023-08-02,99362,277.4290039249997,12913,56195,112275,89690.85714285714,104506.83333333333,222.2130043982141,243.1410454958332
85,2023-08-03,100009,337.4506146499997,19654,61413,119663,91175.85714285714,104818.63333333333,224.25353873035695,244.12302973541654
86,2023-08-04,93598,269.55347267499985,17389,50555,110987,95428.14285714286,104889.06666666667,238.84992051964267,244.66255988374985
87,2023-08-05,92520,193.1254567749999,13082,49448,105602,101909.57142857143,104659.43333333333,251.9246223392855,241.62462921249985
88,2023-08-06,92423,186.5289840999999,12811,49308,105234,108046.85714285714,104538.06666666667,258.5147542482141,236.62341192291652
89,2023-08-07,88358,287.32507439999983,13988,49182,102346,108857.71428571429,104328.7,261.5136791124998,239.53110411999987
90,2023-08-08,92839,221.85423799999987,15048,50136,107887,109142.0,104406.56666666667,253.3238349321427,240.72718288999982
91,2023-08-09,92661,195.4713883874999,7086,43732,99747,107352.28571428571,104031.53333333334,241.6156041410713,236.24490900749984
92,2023-08-10,91190,208.2603563374999,13007,49515,104197,105142.85714285714,103878.56666666667,223.15985295357132,234.77000161541656
93,2023-08-11,77778,177.4791583874999,11968,49753,89746,102108.42857142857,103492.3,210.00637948392844,234.12439689458319
94,2023-08-12,91734,163.6525158624999,11104,48986,102838,101713.57142857143,103031.23333333334,205.79595935357133,229.50002292374987
95,2023-08-13,94300,207.6112515374999,13861,49247,108161,102131.71428571429,102978.43333333333,208.80771184464274,227.52525320041653
96,2023-08-14,94610,284.1964961624999,14848,49778,109458,103147.71428571429,102985.96666666666,208.36077209642846,228.9661168454165
97,2023-08-15,88031,224.1850507374999,18467,54463,106498,102949.28571428571,102997.06666666667,208.69374534464276,230.21187654541654
98,2023-08-16,49540,173.14212489999989,9177,43874,58717,97087.85714285714,101165.1,205.50385056071417,225.01967757041655
99,2023-08-17,50297,253.4286111999999,20503,54534,70800,92316.85714285714,99736.4,211.95645839821418,223.2599642645832
100,2023-08-18,49524,160.8054641749999,13482,48955,63006,88496.85714285714,98248.4,209.57450208214277,221.63457961124988
101,2023-08-19,48970,125.17037822499992,12705,49498,61675,82616.42857142857,96674.1,204.0770538482142,218.39748963499989
102,2023-08-20,48872,128.0094418749999,12867,50264,61739,75984.71428571429,95099.13333333333,192.70536675357133,214.11339039041653
103,2023-08-21,63471,222.67683052499987,14301,49020,77772,71458.14285714286,94116.33333333333,183.91684309107134,214.4598399245832
104,2023-08-22,92471,220.35696657499992,13458,49856,105929,71376.85714285714,94091.83333333333,183.3699739249999,214.5306664912499
105,2023-08-23,92694,197.6381536874999,13232,49184,105926,78121.0,94045.2,186.8694066089285,213.8447599383332
106,2023-08-24,92413,201.26044751249992,12522,49428,104935,82997.42857142857,93920.8,179.41681179642848,212.8443221883332
107,2023-08-25,92464,165.82885192499992,11551,49063,104015,88855.85714285714,93823.8,180.13443861785706,212.0167453133332
108,2023-08-26,57455,116.52247697499992,11623,49233,69078,89913.42857142857,92484.13333333333,178.89902415357133,205.12859873499988
109,2023-08-27,48628,108.53127699999992,11559,49292,60187,89691.71428571429,91783.0,176.1164291714285,203.1670146299999
110,2023-08-28,48961,135.4962913749999,12920,49526,61881,87421.57142857143,91837.96666666666,163.66206643571422,204.29680620791655
111,2023-08-29,49348,187.7361487749999,14265,49722,63613,81376.42857142857,91882.63333333333,159.00194960714276,205.8747424758332
112,2023-08-30,50181,178.01137898749988,15992,50096,66173,75697.42857142857,90866.06666666667,156.1981246499999,202.93070176374988
113,2023-08-31,50294,149.66621482499986,13216,49154,63510,69779.57142857143,89453.16666666667,148.82751998035704,198.6134706824999
114,2023-09-01,49486,119.12136521249992,7368,44291,56854,63042.28571428572,87605.8,142.15502187857132,193.3365493920832
115,2023-09-02,48866,126.6239295749999,11825,49298,60691,61844.142857142855,85640.06666666667,143.5980865357142,186.30899322291654
116,2023-09-03,48412,122.77159481249991,10630,49055,59042,61680.57142857143,83908.56666666667,145.6324176517856,181.41626396083322
117,2023-09-04,51123,179.39990414999986,15844,49555,66967,62407.142857142855,82620.73333333334,151.90436233392847,180.9587455399999
118,2023-09-05,48706,125.78106714999991,12309,49099,61015,62036.0,81146.76666666666,143.0536363874999,178.93381497499993
119,2023-09-06,49379,119.5225764999999,11739,48973,61118,61313.857142857145,79772.5,134.69809317499988,173.34039837833322
120,2023-09-07,49687,121.93508346249988,11404,49083,61091,60968.28571428572,78212.63333333333,130.73650298035702,170.00975989374993
121,2023-09-08,49172,112.45293134999991,11968,49043,61140,61580.57142857143,76925.73333333334,129.78386957142848,167.24247799249991
122,2023-09-09,48579,123.32194202499991,11261,48851,59840,61459.0,75447.16666666667,129.3121570642856,164.41119751541655
123,2023-09-10,49182,121.7313217499999,11904,49230,61086,61751.0,74491.83333333333,129.1635466267856,162.55293629416656
124,2023-09-11,51697,168.59483677499986,15107,49160,66804,61727.71428571428,73290.7,127.61996557321417,162.71768032458326
125,2023-09-12,49459,125.2877858874999,12348,49143,61807,61840.857142857145,71745.56666666667,127.54949682142846,159.97356480291654
126,2023-09-13,48856,109.50371723749991,6648,43512,55504,61038.857142857145,69947.1,126.11823121249991,154.15047217208323
127,2023-09-14,49750,162.1914982499999,17445,54199,67195,61910.857142857145,68637.0,131.86914761071418,152.0840204224999
128,2023-09-15,49683,191.2862241874999,15262,49052,64945,62454.42857142857,68844.6,143.1310465874999,152.68882373208322
129,2023-09-16,49249,139.4454659749999,12644,49123,61893,62747.71428571428,68547.7,145.43440715178562,148.88938555791657
130,2023-09-17,49264,145.42282161249992,13099,50091,62363,62930.142857142855,68526.26666666666,148.81890713214275,148.37663080583326
131,2023-09-18,50480,132.91049571249988,14179,49074,64659,62623.71428571428,68625.73333333334,143.72114412321417,148.63463472208323
132,2023-09-19,48971,137.2788524874999,12446,48939,61417,62568.0,68615.0,145.43415363749992,148.94361507583324
133,2023-09-20,49458,151.2483415374999,13405,49098,62863,63619.28571428572,68118.03333333334,151.39767139464274,146.56266544291657
134,2023-09-21,49311,160.1777956249999,12744,49094,62055,62885.0,66655.56666666667,151.10999959107133,144.55669307791655
135,2023-09-22,49413,120.05361342499992,11838,48941,61251,62357.28571428572,65166.4,140.93391233928563,141.97054173583325
136,2023-09-23,48953,97.60749444999992,11084,48967,60037,62092.142857142855,63669.8,134.95705926428562,138.5154433004166
137,2023-09-24,48957,115.80657163749991,11411,49026,60368,61807.142857142855,62214.9,130.72616641071417,136.8480339574999
138,2023-09-25,50702,150.13408431249988,13665,49165,64367,61765.42857142857,62057.86666666667,133.18667906785706,137.9684208687499
139,2023-09-26,48158,102.92705106249991,6651,43711,54809,60821.42857142857,61878.6,128.2792788642856,137.78161333749992
140,2023-09-27,47809,68.10701186249993,5038,43667,52847,59390.57142857143,61577.46666666667,116.40194605357134,135.53530402041656
141,2023-09-28,47961,201.2522040374999,5999,43538,53960,58234.142857142855,61255.7,122.26971868392847,135.98583919583322
142,2023-09-29,48551,82.47455587499992,5679,43570,54230,57231.142857142855,60857.6,116.90128189107135,132.80127842541657
143,2023-09-30,48865,88.1437961874999,6683,43971,55548,56589.857142857145,60592.2,115.54932499642848,130.7505311374999
144,2023-10-01,51305,138.3933744499999,9681,43998,60986,56678.142857142855,60729.933333333334,118.7760111124999,131.39293144541656
145,2023-10-02,51037,129.56098646249987,9604,43690,60641,56145.857142857145,60728.26666666667,115.83699713392848,131.49083334166656
146,2023-10-03,49151,153.3753967499999,8437,44118,57588,56542.857142857145,60679.8,123.04390366071418,132.5109600729166
147,2023-10-04,49172,103.09719139999991,6573,43816,55745,56956.857142857145,60305.73333333333,128.0425007374999,129.96753631458324
148,2023-10-05,48439,93.1001764999999,6615,43680,55054,57113.142857142855,60107.03333333333,112.59221108928561,128.87817329291659
149,2023-10-06,48864,97.46986572499988,6650,43408,55514,57296.57142857143,59920.23333333333,114.73439821071418,128.1430829337499
150,2023-10-07,48357,104.5882066249999,6606,43595,54963,57213.0,59715.96666666667,117.0835997017856,127.56485370583324
151,2023-10-08,48876,177.1503006874999,6863,43613,55739,56463.42857142857,59535.933333333334,122.6203034499999,129.7214326837499
152,2023-10-09,49272,149.14927712499988,8308,43786,57580,56026.142857142855,59460.6,125.4186306874999,130.5823438537499
153,2023-10-10,48894,104.9278340874999,7154,43974,56048,55806.142857142855,59292.666666666664,118.49755030714275,130.02222759833322
154,2023-10-11,48783,93.21280811249991,6031,43521,54814,55673.142857142855,58893.0,117.08549555178561,127.50949330958323
155,2023-10-12,49482,91.3103652124999,6376,43807,55858,55788.0,58694.7,116.8298082249999,126.37691262041656
156,2023-10-13,49010,128.6910364249999,6763,43534,55773,55825.0,58703.666666666664,121.28997546785705,127.01648992666657
157,2023-10-14,48655,77.5212582249999,5561,43929,54216,55718.28571428572,58271.03333333333,117.42326855357133,124.1941485924999
158,2023-10-15,49659,119.14717644999988,6846,43628,56505,55827.71428571428,57989.7,109.13710794821418,121.78951366791657
159,2023-10-16,49392,115.43630674999989,7213,44414,56605,55688.42857142857,57813.433333333334,104.32096932321419,120.98920836041657
160,2023-10-17,50779,171.58121381249987,12109,48079,62888,56665.57142857143,57830.933333333334,113.84288071249989,121.86115476708324
161,2023-10-18,49736,132.73797057499988,11391,47994,61127,57567.42857142857,57713.2,119.48933249285703,121.85540392916657
162,2023-10-19,49638,144.2630858374999,11465,48227,61103,58316.71428571428,57702.73333333333,127.05400686785701,122.0882117074999
163,2023-10-20,51068,191.46461667499983,14490,48534,65558,59714.57142857143,57792.566666666666,136.0216611892856,123.42875421208323
164,2023-10-21,49206,192.5705871624999,12053,48278,61259,60720.71428571428,57766.03333333333,152.45727960892845,124.5085139299999
165,2023-10-22,49290,176.1396497749999,11338,48155,60628,61309.71428571428,57745.26666666667,160.5990615124999,126.37804847499989
166,2023-10-23,49042,166.33208429999988,13921,49015,62963,62218.0,57842.8,167.86988687678559,128.66886813666656
167,2023-10-26,49200,165.09795082499988,12672,48337,61872,62072.857142857145,57892.933333333334,166.94370644999987,130.31191410958323
168,2023-10-27,48627,150.9839945374999,10138,48204,58765,61735.42857142857,57706.2,169.5502813017856,130.34024445041655
169,2023-10-28,48816,120.9338594499999,10392,48049,59208,61464.71428571428,57852.833333333336,166.21753467499988,130.94047139666657
170,2023-10-29,48414,131.9541150124999,10910,48194,59324,60574.142857142855,58068.73333333333,157.7160344374999,133.06870816833325
171,2023-10-30,50702,146.36015963749986,13361,48364,64063,60974.71428571428,58405.5,151.11454479107132,131.2389733549999
172,2023-10-31,50159,224.90912513749987,14786,48224,64945,61591.42857142857,58762.666666666664,158.08161269999988,135.98679233041656
173,2023-11-01,49404,165.50307807499988,12395,48262,61799,61425.142857142855,58971.03333333333,157.9631832392856,138.56543505999988
174,2023-11-02,48932,141.3632258249999,11516,48058,60448,61221.71428571428,58953.1,154.57250823928558,138.66443010583322
175,2023-11-03,48544,130.3132913124999,10478,48225,59022,61258.42857142857,58899.13333333333,151.61955063571418,138.68950693416656
176,2023-11-04,48674,152.8769003249999,11591,48219,60265,61409.42857142857,58988.36666666667,156.1828421892856,138.67289038666655
177,2023-11-05,48897,139.6690270249999,11532,48108,60429,61567.28571428572,59144.5,157.2849724767856,139.89195157416654
178,2023-11-06,50432,198.54359453749987,13566,48158,63998,61558.0,59442.63333333333,164.7397488910713,143.40673217541655
179,2023-11-07,49084,147.6656669499999,11909,47987,60993,60993.42857142857,59625.26666666667,153.7049691499999,145.0799255495832
180,2023-11-08,48860,135.9113902874999,11383,48135,60243,60771.142857142855,59801.26666666667,149.47758518035704,146.12403167166656
181,2023-11-09,63848,216.04274747499989,13479,48030,77327,63182.42857142857,60520.86666666667,160.1460882732142,147.42044656458322
182,2023-11-10,80738,187.62026198749987,12976,48523,93714,68138.42857142857,61725.333333333336,168.33279836964275,148.70281272666656
183,2023-11-11,94027,306.43731058749984,15985,48399,110012,75245.14285714286,63524.13333333333,190.26999983571415,155.41979527666658
184,2023-11-12,95383,420.5689949249999,21115,48391,116498,83255.0,65580.26666666666,230.3985666785713,166.33166817041655
185,2023-11-14,78296,297.62665511249986,10747,43827,89043,86832.85714285714,66686.43333333333,244.55328961785705,173.20887783374988
186,2023-11-15,92778,255.2030013624999,17094,52660,109872,93815.57142857143,68489.73333333334,259.91576596249985,177.42594333166653
187,2023-11-16,92893,360.8028430249999,14946,48174,107839,100615.0,70277.16666666667,292.0431163535713,186.8686628249999
188,2023-11-17,92922,264.39110127499987,14939,48464,107861,104977.0,71989.03333333334,298.95002403928555,191.7101269858332
189,2023-11-18,83275,177.6537187749999,11219,47993,94494,105088.42857142857,73252.0,297.5262321517856,193.78404071999987
190,2023-11-19,92052,211.7987800624999,12420,48345,104472,104297.0,74638.13333333333,284.0064420767856,195.12462626166655
191,2023-11-20,83246,182.1296031749999,10860,48266,94106,101098.14285714286,75737.43333333333,249.94367182678562,196.77101401499988
192,2023-11-21,92779,369.5100402374999,11071,48194,103850,103213.42857142857,77162.33333333333,260.21272684464276,204.27924582833322
193,2023-11-22,91301,228.28275709999983,11616,47883,102917,102219.85714285714,78407.63333333333,256.36697766428557,205.5065171758332
194,2023-11-23,74043,212.16044188749987,11073,48135,85116,98973.71428571429,79202.86666666667,235.13234893035704,206.15951233333323
195,2023-11-24,48563,166.8317464874999,10090,48019,58653,91944.0,79137.03333333334,221.19529824642845,205.84924889041656
196,2023-11-25,48310,118.92425121249993,9584,48098,57894,86715.42857142857,78968.06666666667,212.80537430892846,204.2689877874999
197,2023-11-26,48598,137.9186725124999,11283,48258,59881,80345.28571428571,78901.7,202.251073230357,203.3630118437499
198,2023-11-27,48653,254.26612353749988,10139,47863,58792,75300.42857142857,78902.6,212.55629042499987,206.80574947708322
199,2023-11-28,48590,135.05487267499987,9409,47906,57999,68750.28571428571,78862.3,179.06269505892845,207.27644991791655
200,2023-11-29,50165,161.70306017499985,7687,43828,57852,62312.42857142857,78813.23333333334,169.55130978392847,208.2680814233332
201,2023-11-30,48492,127.5831380874999,10867,48122,59359,58632.857142857145,78656.43333333333,157.46883781249988,207.64218070499984
202,2023-12-01,49336,220.05339936249987,15331,52504,64667,59492.0,78647.16666666667,165.07193108035702,207.48032317916656
203,2023-12-02,48433,121.4486613374999,10004,47926,58437,59569.57142857143,78535.1,165.43256109821417,206.01184262124988
204,2023-12-03,48478,140.2812478374999,11762,48356,60240,59620.857142857145,78528.16666666667,165.77007185892847,205.9757766883332
205,2023-12-04,67782,194.5822666124999,12444,48004,80226,62682.857142857145,79234.96666666666,157.2438065839285,208.1180758649999
206,2023-12-05,79972,168.03275368749988,7504,43785,87476,66893.85714285714,80142.0,161.95493244285703,208.62327097708325
207,2023-12-06,92067,326.45302791249986,15830,52456,107897,74043.14285714286,81724.26666666666,185.49064211964273,214.8494043399999
208,2023-12-07,93221,203.05185586249988,12759,48088,105980,80703.28571428571,83123.66666666667,196.2718875160713,214.99967971749987
209,2023-12-08,92138,175.2954305749999,10804,48340,102942,86171.14285714286,84521.96666666666,189.87789197499987,215.92067183833322
210,2023-12-09,51522,149.42133613749988,10862,47967,62384,86735.0,84593.33333333333,193.8739883749999,216.37100336666657
211,2023-12-10,48348,125.1789682749999,10712,48236,59060,86566.42857142857,83984.43333333333,191.71651986607134,213.34221072666656
212,2023-12-11,49025,230.92534348749987,10917,48132,59942,83668.71428571429,82858.7,196.90838799107132,214.78571344333324
213,2023-12-12,49639,118.11004547499988,10626,48130,60265,79781.42857142857,81200.46666666666,189.77657253214275,208.5081379395832
214,2023-12-13,49920,175.4238749499999,5769,43636,55689,72323.14285714286,79173.5,168.2009792517856,200.33663394041653
215,2023-12-14,48432,159.9270158749999,14948,52512,63380,66237.42857142857,78318.06666666667,162.0402878249999,195.7466459658332
216,2023-12-15,48765,109.90401404999992,9430,48244,58195,59845.0,76595.5,152.69865689285706,190.9033463887499
217,2023-12-16,48233,107.22757583749993,9385,48057,57618,59164.142857142855,74921.46666666666,146.6709768499999,182.45083748249988
218,2023-12-17,48256,119.34941872499992,9262,48286,57518,58943.857142857145,73243.36666666667,145.83818405714277,177.61611473083323
219,2023-12-18,49026,216.8401129374999,12721,48746,61747,59201.71428571428,72151.8,143.8260082642856,178.92232786958323
220,2023-12-19,48534,159.1562249249999,10404,48147,58938,59012.142857142855,70634.0,149.6897481857142,177.16757603166658
221,2023-12-20,50097,218.03965957499983,14384,48431,64481,60268.142857142855,69646.5,155.77771741785705,178.36457791166657
222,2023-12-21,48690,143.8130100249999,11343,48361,60033,59790.0,68185.93333333333,153.47571658214275,170.8413435712499
223,2023-12-22,48402,164.8581197874999,10267,48065,58669,59857.71428571428,66711.0,161.32630311607133,168.72718899416657
224,2023-12-23,48311,107.3510665374999,9973,48241,58284,59952.857142857145,65816.6,161.34394464464276,165.23354314916654
225,2023-12-24,48200,120.59523773749991,10248,47987,58448,60085.71428571428,65809.76666666666,161.5219187892856,163.69232619083323
226,2023-12-25,48265,119.47871487499992,9442,48095,57707,59508.57142857143,65803.53333333334,147.61314763749988,163.71080831291655
227,2023-12-26,48655,148.2681332124999,10079,47929,58734,59479.42857142857,65765.3,146.05770596428562,164.0557903362499
228,2023-12-27,51417,115.58036033749984,12862,47993,64279,59450.57142857143,65948.2,131.42066321607132,159.43293156291656
229,2023-12-28,49621,142.71522566249988,12768,48026,62389,59787.142857142855,66094.53333333334,131.2638368785713,159.68827666249987
230,2023-12-29,49032,411.2273494874999,10644,48042,59676,59931.0,66155.33333333333,166.45944112142848,168.00575297291658
231,2023-12-30,48674,461.0477884874999,10023,48068,58697,59990.0,66133.26666666666,216.98754425714273,179.12124131958322
232,2023-12-31,48648,475.7646128249999,10207,48295,58855,60048.142857142855,65939.53333333334,267.7260264124999,187.64494843499992
233,2024-01-01,49336,399.3493850999999,3117,43537,52453,59297.57142857143,65740.06666666667,307.707550730357,196.90830589374988
234,2024-01-02,51122,235.93394093749984,9131,48145,60253,59514.57142857143,65740.5,320.2312375482142,200.0967289970832
235,2024-01-03,61693,161.45378577499986,10014,48057,71707,60575.71428571428,65456.53333333333,326.7845840392856,198.9924463024999
236,2024-01-04,92633,301.9349246999999,13268,48191,105901,66791.71428571429,66070.7,349.5302553303571,203.45585200291654
237,2024-01-05,88471,225.86581019999988,11176,48180,99647,72501.85714285714,65795.7,323.0500354321428,200.10294474583324
238,2024-01-06,63792,179.4126447249999,10268,48022,74060,74696.57142857143,64731.7,282.8164434660713,199.31497104124992
239,2024-01-07,48281,134.15239738749992,9161,47985,57442,74494.71428571429,63215.03333333333,234.01469840357134,197.94353660166655
240,2024-01-08,81933,618.9689133499999,17662,48216,99595,81229.28571428571,64455.4,265.3889167249999,213.59512250874988
241,2024-01-09,91218,570.4730221124998,10702,48166,101920,87181.71428571429,65884.06666666667,313.18021403571413,228.43825763666655
242,2024-01-10,85501,539.1187656874998,12247,48284,97748,90901.85714285714,67144.26666666666,367.1323540232142,238.7113717099999
243,2024-01-11,50041,559.9561412874999,13416,48605,63457,84838.42857142857,67250.66666666667,403.9925278214284,253.4395749037499
244,2024-01-12,57123,530.9180671624998,12041,48250,69164,80483.71428571429,67699.83333333333,447.5714216732141,265.2893813108332
245,2024-01-13,92679,539.0271148874998,14116,48269,106795,85160.14285714286,69147.0,498.94491741071414,277.92605127791654
246,2024-01-14,92946,536.5087700999999,13522,48176,106468,92163.85714285714,70756.1,556.4243992267856,292.14620981291654
247,2024-01-15,93391,401.58270286249984,13129,48282,106520,93153.14285714286,72386.16666666667,525.3692262999999,301.95804738041653
248,2024-01-16,54024,157.23032157499986,10871,48210,64895,87863.85714285714,72632.06666666667,466.3345547946427,303.2207441420832
249,2024-01-17,48289,132.2203061624999,9425,48122,57714,82144.71428571429,72497.63333333333,408.2062034339284,300.40008391624986
250,2024-01-18,48986,176.19451683749986,11307,48495,60293,81692.71428571429,72542.8,353.38311422678555,300.9680269799999
251,2024-01-19,50146,213.28187287499983,15445,48122,65591,81182.28571428571,72579.8,308.00651504285696,300.8094340899999
252,2024-01-20,49597,168.15006808749987,13534,48303,63131,74944.57142857143,72683.06666666667,255.02407978571415,301.6206693587499
253,2024-01-21,38061,84.5827248249999,5330,33885,43391,65933.57142857143,72173.8,190.46321617499987,298.9448228599998
254,2024-01-22,50307,137.86556421249986,11360,48068,61667,59526.0,72286.56666666667,152.78933922499988,299.96197278249986
255,2024-01-23,48514,153.12201296249987,10275,48309,58789,58653.71428571428,72297.93333333333,152.2024379946427,301.04619862333317
256,2024-01-24,48621,109.8015379499999,9012,47928,57633,58642.142857142855,72295.46666666666,148.99975682142846,300.7236260591665
257,2024-01-25,48893,185.98945047499987,11133,48351,60026,58604.0,72338.53333333334,150.39903305535702,301.98100330124987
258,2024-01-26,49083,193.89721726249988,10912,48329,59995,57804.57142857143,72195.73333333334,147.62979653928556,304.59156519874983
259,2024-01-27,48515,152.3577746874999,10089,48090,58604,57157.857142857145,72069.56666666667,145.3737546249999,304.91298349958316
260,2024-01-28,50809,181.29172878749984,14653,48100,65462,60310.857142857145,72262.43333333333,159.18932661964274,297.24846280958326
261,2024-01-29,50066,156.77839909999983,11754,48157,61820,60332.71428571428,72366.53333333334,161.89116017499987,287.1061498299999
262,2024-01-30,49981,171.57822789999986,13654,48156,63635,61025.0,72525.86666666667,164.52776230892843,276.96660366583325
263,2024-01-31,49611,185.88483064999983,12976,48389,62587,61732.71428571428,72863.66666666667,175.39680412321417,269.85111851749986
264,2024-02-01,50460,171.96912869999983,16194,48110,66654,62679.57142857143,73077.03333333334,173.39390101249984,267.71895810958324
265,2024-02-02,49059,177.5988033999999,11995,48033,61054,62830.857142857145,72721.93333333333,171.06555617499984,268.2571253637499
266,2024-02-03,48896,139.05572147499987,11482,48158,60378,63084.28571428572,71204.5,169.16526285892843,262.82781858958316
267,2024-02-04,48648,140.32012206249988,10734,48209,59382,62215.71428571428,69862.33333333333,163.31217618392841,259.97629565166653
268,2024-02-05,50710,199.8856728749998,16938,48249,67648,63048.28571428572,69648.6,169.47035815178558,260.6587299233332
269,2024-02-06,53028,1772.5409139249998,16080,49837,69108,63830.142857142855,70037.46666666666,398.17931329821414,315.2716804745832
270,2024-02-07,53187,2320.7593347375,13330,50461,66517,64391.57142857143,68934.86666666667,703.1613853107143,371.99802785416654
271,2024-02-08,51596,2210.1515435125,13623,50718,65219,64186.57142857143,67711.5,994.3303017124999,426.65397856749985
272,2024-02-09,50329,1306.4084896124998,11878,49545,62207,64351.28571428572,66526.8,1155.5888283142856,452.2303026983332
273,2024-02-10,48727,154.3713585624999,10888,48164,59615,64242.28571428572,66398.73333333334,1157.776776469643,438.7108099408332
274,2024-02-11,49119,106.43884071249988,7243,43850,56362,63810.857142857145,65972.0,1152.9365934196428,424.5615023924999
275,2024-02-12,49862,223.43970629999987,14744,48710,64606,63376.28571428572,64565.7,1156.3014553375,414.0419221062499
276,2024-02-13,49253,163.01017552499988,11837,48427,61090,62230.857142857145,63053.1,926.3684927089286,401.59196895374987
277,2024-02-14,49861,335.56057216249985,18389,48703,68250,62478.42857142857,61777.433333333334,642.7686694839285,399.39123126374994
278,2024-02-15,49971,227.20587902499983,15188,48560,65159,62469.857142857145,61786.23333333333,359.4907174142856,401.7237498454166
279,2024-02-16,49240,307.7918752249999,12049,48369,61289,62338.71428571428,61905.4,216.83120107321423,407.57613548083316
280,2024-02-17,39296,341.6067012374999,6319,34801,45615,60338.71428571428,61416.13333333333,243.5791071696428,413.0898749608332
281,2024-02-18,39271,1196.7514776124997,6240,34878,45511,58788.57142857143,60746.8,399.3380552982142,445.87219511874986
282,2024-02-19,51947,2190.671657925,12788,50530,64735,58807.0,60800.26666666667,680.3711912446428,513.2895814466666
283,2024-02-20,51713,1910.8793601,14978,50619,66691,59607.142857142855,61576.933333333334,930.0667890410714,574.1661359558332
284,2024-02-21,50125,528.8609529749998,12203,48995,62328,58761.142857142855,61598.96666666667,957.6811291571429,587.19931558125
285,2024-02-22,50079,600.2851308999998,12993,49179,63072,58463.0,61741.73333333333,1010.9781651392857,602.1047528458332
286,2024-02-23,50498,572.7818021499999,13287,48957,63785,58819.57142857143,61946.8,1048.8338689857142,617.5374283191666
287,2024-02-24,49544,502.5271805999999,12321,48984,61865,61141.0,62008.1,1071.8225088946429,628.0886859899999
288,2024-02-25,49958,511.2437958249999,12512,49006,62470,63563.71428571428,62090.6,973.892840067857,638.6669052754166
289,2024-02-26,51548,562.9494697749999,15995,49352,67543,63964.857142857145,62388.566666666666,741.3610989035714,652.3532951116665
290,2024-02-27,50199,492.7884337499999,12744,48964,62943,63429.42857142857,62304.6,538.7766808535713,662.7365186104165
291,2024-02-28,51392,647.7457015124999,19455,49477,70847,64646.42857142857,62605.5,555.7602163589285,679.1020953574999
292,2024-02-29,51675,684.7030375374999,17182,49798,68857,65472.857142857145,62779.566666666666,567.8199173071428,696.2062556787498
293,2024-03-01,51016,639.1846260624999,15801,49556,66817,65906.0,62920.566666666666,577.3060350089285,711.3162488591664
294,2024-03-02,51041,543.9507482374999,13704,49318,64745,66317.42857142857,62856.933333333334,583.2236875285714,723.7156361770832
295,2024-03-03,50060,505.9904650749999,8982,44962,59042,65827.71428571429,62789.86666666667,582.4732117071428,734.6620248995831
296,2024-03-04,54058,701.7955176249998,19438,49742,73496,66678.14285714286,63227.13333333333,602.3083614,753.4200181045832
297,2024-03-05,53093,819.7490280124998,19961,49818,73054,68122.57142857143,63682.86666666667,649.0170177232142,776.0676483029166
298,2024-03-06,51212,444.7559313499999,14517,49186,65729,67391.42857142857,63618.9,620.0184791285714,784.2299902520832
299,2024-03-07,51742,782.5671846249999,14057,49299,65799,66954.57142857143,63508.6,633.9990715696429,751.2308659420833
300,2024-03-08,49841,597.0043373749999,11549,49186,61390,66179.28571428571,63337.7,627.973316042857,693.7723660299998
301,2024-03-09,50556,612.2941056499998,12618,49715,63174,65954.85714285714,63269.53333333333,637.7366528160712,640.5104514345833
302,2024-03-10,52534,705.6509353749998,16290,52882,68824,67352.28571428571,63490.1,666.2595771446428,620.4851996266665
303,2024-03-11,50905,515.3051845374998,12745,49459,63650,65945.71428571429,63624.6,639.6181009892856,632.5163271591665
304,2024-03-12,50930,669.7817231999999,13239,49043,64169,64676.42857142857,63884.833333333336,618.1942003017857,651.2944232420832
305,2024-03-13,51741,591.8957885624998,14677,49284,66418,64774.857142857145,63945.23333333333,639.2141799035713,663.5762926508331
306,2024-03-14,51288,215.62457554999975,9508,44914,60796,64060.142857142855,63935.433333333334,558.2223786071428,665.3301059849998
307,2024-03-15,50877,357.77226937499984,13421,49723,64298,64475.57142857143,63803.7,524.046368892857,666.0704958920832
308,2024-03-16,50612,1010.9263354249996,11161,50084,61773,64275.42857142857,63690.833333333336,580.9938302892855,692.1945111054166
309,2024-03-17,49830,623.0810362999998,11443,49124,61273,63196.71428571428,63690.3,569.1981304214285,702.7041498079166
310,2024-03-18,50065,510.7830664749999,12361,49208,62426,63021.857142857145,64250.666666666664,568.552113555357,708.3433619824998
311,2024-03-19,53984,940.0044366124996,15106,52822,69090,63724.857142857145,65036.63333333333,607.1553583285713,699.7851272824997
312,2024-03-20,51813,693.1128140624998,15012,50661,66825,63783.0,65106.3,621.6149333999998,649.8664991537498
313,2024-03-21,51767,648.4016238624997,13055,50900,64822,64358.142857142855,65044.0,683.4402260160713,607.7839079458332
314,2024-03-22,49394,406.51588827499984,11061,48383,60455,63809.142857142855,64981.566666666666,690.4036001446427,603.7057391225
315,2024-03-23,49576,523.2174103999998,10924,49003,60500,63627.28571428572,64895.833333333336,620.7308965696427,601.1368151058331
316,2024-03-24,48851,440.3804734999998,10803,48609,59654,63396.0,64758.13333333333,594.6308161696427,596.7234374841665
317,2024-03-25,49249,457.98263247499983,11284,49214,60533,63125.57142857143,64713.73333333333,587.0878970267856,595.2386192133331
318,2024-03-26,52723,531.6439714249998,14523,48835,67246,62862.142857142855,64872.933333333334,528.7506877142856,595.9186250666664
319,2024-03-27,48863,472.4960144999999,10100,48995,58963,61739.0,64586.933333333334,497.2340020624998,592.9035098908332
320,2024-03-28,48999,492.9604289124998,11115,48999,60114,61066.42857142857,64492.63333333333,475.02811706964275,592.9092430629165
321,2024-03-29,48645,455.4959748499999,9333,48712,57978,60712.57142857143,64063.666666666664,482.02527229464283,586.5009188408332
322,2024-03-30,50535,528.0920817499998,12704,49508,63239,61103.857142857145,63876.4,482.7216539160713,581.2805536479166
323,2024-03-31,50489,469.9382364374999,11157,48932,61646,61388.42857142857,63704.03333333333,486.94419147857127,575.6390073270832
324,2024-04-01,50267,530.8997800124998,12806,49456,63073,61751.28571428572,63648.3,497.3609268410714,575.2039750529165
325,2024-04-02,49959,571.9788129249998,15278,49645,65237,61464.28571428572,63854.8,503.123047055357,577.4035866479165
326,2024-04-03,49438,500.2176829124999,12707,49308,62145,61918.857142857145,63476.433333333334,507.08328539999997,570.6843254908331
327,2024-04-04,49184,550.5422635374998,11378,49228,60562,61982.857142857145,63060.03333333333,515.3092617749999,561.7107666749998
328,2024-04-05,49057,527.0052540249999,12779,48217,61836,62534.0,62930.26666666667,525.5248730857141,564.4524107641665
329,2024-04-06,48810,463.4592498499999,8851,48664,57661,61737.142857142855,62659.0,516.2916113857142,553.8154796049998
330,2024-04-07,48880,446.5189522999999,8811,48613,57691,61172.142857142855,62535.7,512.9459993660713,548.7993001024998
331,2024-04-08,50565,504.6949003999998,12359,49189,62924,61150.857142857145,62527.36666666667,509.2024451357142,545.2126599274999
332,2024-04-09,52725,519.7107236999998,14275,48922,67000,61402.71428571428,62466.566666666666,501.7355752464285,539.0146528716665
333,2024-04-10,48918,491.02093987499984,10540,48918,59458,61018.857142857145,62326.833333333336,500.4217548124999,538.2051780495832
334,2024-04-11,49359,478.5384477249999,10558,49049,59917,60926.71428571428,62185.1,490.13549541071416,531.8304022004165
335,2024-04-12,51004,529.0131186374997,12787,49061,63791,61206.0,62097.53333333333,490.42233321249995,529.7343132029165
336,2024-04-13,52320,553.8964015124997,13219,49166,65539,62331.42857142857,62255.63333333333,503.3419263071427,541.0100407349998
337,2024-04-14,49644,496.6242394624999,11635,48867,61279,62844.0,62155.0,510.4998244732142,545.6384397379165
338,2024-04-15,50825,536.9846531624999,13528,48897,64353,63048.142857142855,62241.0,515.1126462964285,529.8403836624998
339,2024-04-16,49710,493.4874762499998,11572,48965,61282,62231.28571428572,62241.3,511.3664680892856,525.5205983274998
340,2024-04-17,49605,494.5912233999998,11034,49031,60639,62400.0,62181.73333333333,511.876508592857,524.9808702249998
341,2024-04-18,48917,366.0784111874999,10091,48765,59008,62270.142857142855,61845.666666666664,495.81078908749987,505.8500027108331
342,2024-04-19,48540,98.58537338749986,10084,47903,58624,61532.0,61572.3,434.3211111946427,486.0324213549999
343,2024-04-20,48071,87.94395333749986,9682,48183,57753,60419.71428571428,61336.666666666664,367.75647574107137,467.35049900416647
344,2024-04-21,48388,85.76904661249986,9371,47986,57759,59916.857142857145,61246.8,309.0628767624999,456.6589376154165
345,2024-04-22,49265,97.54658062499986,10621,47967,59886,59278.71428571428,61226.333333333336,246.28600925714275,442.4699099562498
346,2024-04-23,50154,192.03822492499984,14212,48781,64366,59719.28571428572,61383.4,203.2218304964285,434.1918350037498
347,2024-04-24,51013,2079.3317497875,10944,50473,61957,59907.57142857143,61430.86666666667,429.6133342660714,488.2368055808331
348,2024-04-25,50231,690.8413093624998,11805,49154,62036,60340.142857142855,61257.2,476.00803400535705,493.54338351208315
349,2024-04-26,49283,499.8987063374998,10415,48770,59698,60493.57142857143,61281.7,533.3385101410714,494.45680657333315
350,2024-04-27,49904,479.5454269374998,10524,48626,60428,60875.71428571428,61292.166666666664,589.2815777982142,494.0096398408332
351,2024-04-28,49147,456.34897909999984,9703,48735,58850,61031.57142857143,61321.23333333333,642.2215681535714,494.03807331583323
352,2024-04-29,50162,486.4914022499999,11038,48909,61200,61219.28571428572,61253.26666666667,697.7851141,492.65138399916657
353,2024-04-30,49555,544.2783386499999,10805,49172,60360,60647.0,61210.4,748.1051303464284,495.1293874062498
354,2024-05-01,49711,525.0429734624998,12226,49212,61937,60644.142857142855,61172.53333333333,526.0638765857142,494.9341605212498
355,2024-05-02,49216,490.6595866624999,10035,48822,59251,60246.28571428572,60973.0,497.4664876285714,492.22351964583316
356,2024-05-03,49546,478.5297444374998,10438,49025,59984,60287.142857142855,60900.96666666667,494.4137787857142,491.5005883633332
357,2024-05-04,48856,461.7575899124999,9288,49005,58144,59960.857142857145,60820.36666666667,491.87265921071423,488.5410992424998
358,2024-05-05,48660,447.5569646624999,8870,48649,57530,59772.28571428572,60676.833333333336,490.6166571482142,485.8928229304165
359,2024-05-06,49396,540.2117303375,11385,49538,60781,59712.42857142857,60780.833333333336,498.2909897321428,488.45123894666654
360,2024-05-07,49163,457.0436668874998,9575,48762,58738,59480.71428571428,60815.73333333333,485.82889376607136,488.80206276624983
361,2024-05-08,50101,472.3351544374999,11257,48898,61358,59398.0,60763.53333333333,478.2992053339285,487.7234045674998
362,2024-05-09,49378,484.2721539249999,10951,49134,60329,59552.0,60541.166666666664,477.38671494285705,486.54211890833324
