to,Fees burned,Regular Tx,to_def,Internal Tx,Internal Event (excluding Tx),group
0,0.0,301376,System,29,301383,System
cx0000000000000000000000000000000000000000,43.926712762499434,17192,governance,6972,0,governance
cx369a5f4ce4f4648dfc96ba0c8229be0693b4eca2,20.355460762499938,5201,Metanyx,5819,0,Metanyx
hx92b7608c53825241069a280982c4d92e1b228c84,8.013599999999496,5040,MyID_related_2,0,0,MyID
cx9e3cadcc1a4be3323ea23371b84575abb32703ae,8.4688996875,4123,MyID_1,0,4123,MyID
cx2aa9b28a657e3121b75d3d4fe65e569398645d56,168.11407051249995,3643,FRAMD Token,10608,1899,FRAMD Token
hx11de4e28be4845de3ea392fd8d758655bf766ca7,4.2,3360,3-min_tx_bot_in,0,0,3-min_tx_bot_in
cx087b4164a87fdfb7b714f3bafe9dfb050fd6b132,14.643200249999962,2105,Relay_1,0,4113,Relay
cx5d6e1482434085f30660efe30573304d629270e5,21.74750156249994,2064,"ICONbet
 Baccarat",7190,7002,ICONbet
cxd47f7d943ad76a0403210501dab03d4daf1f6864,16.89419012499994,1723,"ICONbet
 Blackjack",2290,4356,ICONbet
cx694e8c9f1a05c8c3719f30d46b97697960e4289e,15.76903112499999,1678,MyID_2,1678,0,MyID
cx88fd7df7ddff82f7cc735c871dc519838cb235bb,242.33428702499995,1577,bnUSD,12099,232,bnUSD
cxcb455f26a2c01c686fa7f30e1e3661642dd53c0d,230.23516908749997,1141,omm_lending,40314,0,Omm
cx2609b924e33ef00b648a409245c7ea394c467824,145.35315418749997,1121,balanced_sicx,6298,110,Balanced
cxb0b6f777fba13d62961ad8ce11be7ef6c4b2bcc6,12.87651237499996,982,"ICONbet
 DAOdice(new)",4062,2948,ICONbet
cxaa99a164586883eed0322d62a31946dfa9491fa6,65.45550854999998,926,optimus_rewards,3584,13,Optimus
cx1a29259a59f463a67bb2ef84398b30ca56b5830a,114.56706851249997,884,omm_token,5902,419,Omm
cx2dc662031f3d62bcdba4f63e9bf827767c847565,15.256924749999976,777,GangstaBet Skill,7138,7209,GangstaBet
cxf61cd5a45dc9f91c15aa65831a30a90d59a09619,64.28479857499998,732,balanced_baln,3418,172,Balanced
cx203d9cd2a669be67177e997b8948ce2c35caffae,121.07888631249998,730,balanced_dividends,4570,0,Balanced
cx7ecb16e4c143b95e01d05933c17cb986cfe618e6,33.74403934999998,724,CraftRewards,2017,0,Craft
cxa0af3165c08318e988cb30993b3048335b94af6c,19.418528899999973,717,optimus_baln,2164,2,Optimus
cx9c4698411c6d9a780f605685153431dcda04609f,5.521742899999981,649,Auction,2440,6,Craft
cx30f18d26f45d990112a4cd4825c0b79af73aac7c,75.01703979999999,633,Yetis,9451,8642,Yetis
cx10d59e8103ab44635190bd4139dbfd682fa2d07e,45.08464361249998,623,balanced_rewards,2223,0,Balanced
cxba62bb61baf8dd8b6a04633fe33806547785a00c,17.213067249999998,556,MyID_3,524,0,MyID
cx85954d0dae92b63bf5cba03a59ca4ffe687bad0a,3.684118237499987,555,NebulaMultiToken,596,0,Nebula
cx03c76787861eec166b25e744e52a82af963670eb,7.750243062499982,546,"ICONbet
 Plinko",3264,1087,ICONbet
hxc4193cda4a75526bf50896ec242d6713bb6b02a3,0.57625,461,binance_hot,0,0,binance
cx21e94c08c03daee80c25d8ee3ea22a20786ec231,103.07965921249999,437,Balanced Router,4501,320,Balanced
cx57d7acf8b5114b787ecdd99ca460c2272e4d9135,1.3812333124999892,432,NebulaPlanetToken,485,0,Nebula
cx66d4d90f5f113eba575bf793570135f9b10cece1,29.98098028749999,422,balanced_loans,1741,148,Balanced
cx785d504f44b5d2c8dac04c5a1ecd75f18ee57d16,23.446253874999982,420,Finance Token,1491,21,Optimus
cx69bcdf1753472c1444188ec3f5188657e30c8322,1.007780999999988,413,"broof - we prove, verify and love you.",0,0,"broof - we prove, verify and love you."
cx6139a27c15f1653471ffba0b4b88dc15de7e3267,61.514207099999986,387,gangstabet_token,4239,64,GangstaBet
cx8683d50b9f53275081e13b64fba9d6a56b7c575d,1.3698434999999798,358,gangstabet_trade,402,0,GangstaBet
cx7b1843b7ef5368a080ccf59c0a9d1bdec474f9f6,13.800555037499988,354,optimus_dividends,3834,0,Optimus
cx2e6d0fc0eca04965d06038c8406093337f085fcf,47.54506679999999,351,Craft,2709,21,Craft
cx299d88908ab371d586c8dfe0ed42899a899e6e5b,4.547902312499997,280,"ICONbet
 Levels",490,272,ICONbet
cx14002628a4599380f391f708843044bc93dce27d,67.8503686375,257,iAM Div,37602,37693,iAM 
cx38fd2687b202caf4bd1bda55223578f39dbb6561,3.1738240749999953,216,"ICONbet
 Mini Roulette(new)",576,432,ICONbet
cx384018e03aa8b739472c7a0645b70df97550e2c2,0.4629683749999949,168,GangstaBet,25,0,GangstaBet
cxcc711062b732ed14954008da8a5b5193b4d48618,0.3107999999999832,168,peek_1,0,0,peek
cxae3034235540b924dfcc1b45836c293dcc82bfb7,15.264905037499995,150,ICON USD Coin,1322,8,ICON USD Coin
cx82c8c091b41413423579445032281bca5ac14fc0,1.0088697499999972,129,Craft,129,61,Craft
cx334db6519871cb2bfd154cec0905ced4ea142de1,0.4845399374999973,128,unknown_cx,0,0,unknown_cx
cxbb2871f468a3008f80b08fdde5b8b951583acf06,15.788836099999996,126,Stably_USD,1277,2,Stably_USD
cxcaef4255ec5cb784594655fa5ff62ce09a4f8dfa,0.7575839999999999,96,peek_3,96,0,peek
cx43e2eec79eb76293c298f2b17aec06097be606e0,1.302427087499998,75,balanced_staking,208,0,Balanced
hx133323c2e990994816b548a9e7eb080a5eac8031,0.09125,73,unknown_hx,0,0,unknown_hx
cx2d86ce51600803e187ce769129d1f6442bcefb5b,0.4096346124999979,66,CraftStaked,114,0,Craft
hxbb984f278abd66ae2155edbd91f8c87ce98411c8,0.07875,63,unknown_hx,0,0,unknown_hx
cx9fda786d3e7965ed9dc01321c85026653d6a5ff4,0.8968535624999981,62,"ICONbet
 Jungle Jackpot",160,124,ICONbet
hx4a01996877ac535a63e0107c926fb60f1d33c532,0.07375,59,upbit_hot3,0,0,upbit
cxc0b5b52c9f8b4251a47e91dda3bd61e5512cd782,0.468565399999998,54,TapToken,160,0,ICONbet
cxeaff5a10cb72bf85965b8b4af3e708ab772b7921,13.294241487499999,53,Boosted OMM Token,1809,53,Omm
cx3893a333f22ca2e936e183fef39f3eb248b459c0,0.6878619999999979,52,PresaleMultiToken,746,100,PresaleMultiToken
cx0cf826b9756e5a69f1f83a7717a2f2d815694031,0.2871719999999993,47,uTAP,190,0,UP
hxa390d24fdcba68515b492ffc553192802706a121,0.055,44,bitvavo_hot,0,0,bitvavo
hxfdb57e23c32f9273639d6dda45068d85ee43fe08,0.05375,43,upbit_hot2,0,0,upbit
hx68646780e14ee9097085f7280ab137c3633b4b5f,0.05375,43,kraken_hot,0,0,kraken
cx3a36ea1f6b9aa3d2dd9cb68e8987bcc3aabaaa88,5.239863962499999,42,ICON Tether,380,0,ICON Tether
hx6d14b2b77a9e73c5d5804d43c7e3c3416648ae3d,0.0525,42,bithumb_3,0,0,bithumb
hx8d28bc4d785d331eb4e577135701eb388e9a469d,0.05,40,upbit_hot4,0,0,upbit
hx6332c8a8ce376a5fc7f976d1bc4805a5d8bf1310,0.05,40,upbit_hot1,0,0,upbit
hx328bc0fed37564007e9d8b911eaaaaf6c3fb002d,0.04875,39,unknown_hx,0,0,unknown_hx
hx294c5d0699615fc8d92abfe464a2601612d11bf7,0.04875,39,funnel_1,0,0,funnel_1
cxe7c05b43b3832c04735e7f109409ebcb9c19e664,4.7862663125,39,iAM ,251,2,iAM 
cx3fd4769e413657304d4928b95b88fd6eb53f9a8b,0.5579582999999994,37,iDoge,63,0,iDoge
cx8dc674ce709c518bf1a6058a2722a59f94b6fb7f,0.7182923749999987,36,Balanced StakedLP,111,0,Balanced
hxd9fb974459fe46eb9d5a7c438f17ae6e75c0f2d1,0.0425,34,huobi,0,0,huobi
cxa82aa03dae9ca03e3537a8a1e2f045bcae86fd3f,1.7398831874999998,34,unknown_cx,23,45,Bridge
cx943cf4a4e4e281d82b15ae0564bbdcbf8114b3ec,0.1058350624999991,31,NebulaSpaceshipToken,41,0,Nebula
cxd0d93ab058d3706d3365ae455497f3cdd5bfae51,37.6035610625,31,Inanis MultiToken,15,0,Inanis MultiToken
hx6b91c8dea3114de74ecfa85908b875778c2b599c,0.03625,29,unknown_hx,0,0,unknown_hx
hxa6241fa3568587e1f761b3d8e52b95f38531f58b,0.03375,27,unknown_hx,0,0,unknown_hx
hx0cdf40498ef03e6a48329836c604aa4cea48c454,0.0325,26,bithumb_2,0,0,bithumb
hxf2b4e7eab4f14f49e5dce378c2a0389c379ac628,0.03125,25,upbit_hot5,0,0,upbit
hx9028d6d15952b33c8c2c5b5fd35aeb877e366525,0.03125,25,unknown_hx,0,0,unknown_hx
hx50e8e51177e5d291334be0b376a9c157e8cdf6c0,0.03,24,unknown_hx,0,0,unknown_hx
cxa6e4587bad1d2bb4e9098ea9c19b8781b70c2ad5,2.0975011249999995,24,OptimusStrategyAutoStakeOmm,375,0,Omm
hxa527f96d8b988a31083167f368105fc0f2ab1143,0.03,24,binance_us,0,0,binance
hx421f624fd856517b4478b169c8849d087110ce93,0.0275,22,unknown_hx,0,0,unknown_hx
hx25ee33bbaf76616b432dfb4b785beb1f92db07c9,0.0275,22,unknown_hx,0,0,unknown_hx
hxf39ec72347977b0d0b313eb067353ba32927f51d,0.0275,22,unknown_hx,0,0,unknown_hx
cxed0f02a1a61b483bd366021d68af8469414b7be8,6.169784749999999,21,unknown_cx,324,3,unknown_cx
hx5af8bd1b5cdc321a53ead7a836601ce8e2c938c9,0.02625,21,unknown_hx,0,0,unknown_hx
hx450fe8b0116246804117106c2c03f9f02f158174,0.02625,21,unknown_hx,0,0,unknown_hx
hxd20a75e61ea74fa52d437ae9aff80837bfcfbdbb,0.025,20,unknown_hx,0,0,unknown_hx
cx841f29ec6ce98b527d49a275e87d427627f1afe5,1.8336409749999993,19,OMM Delegation,0,0,Omm
hx9994eeff7490131f381ba2927aa0ff4298817076,0.02375,19,unknown_hx,0,0,unknown_hx
cxee1fa51a14783577bc4b900c13579b9bcb0b55f5,1.6249349999999998,18,OptimusStrategyBorrower,81,9,Optimus
cxa45dd75850f5fb853ff9be012fb7fb4b861072da,10.85304335,18,RagePups64,129,14,RagePups64
cx27eae7726c18d6cdfffa071e01d1f3a0950d7c3f,1.5839531999999998,18,OptimusStrategyLP,81,9,Optimus
hx0da043c4658c9088c5674aa93a2de48515ac0680,0.0225,18,unknown_hx,0,0,unknown_hx
hx548ad28ef8d6caed7f27f6001fb7a654ad8cca40,0.0225,18,unknown_hx,0,0,unknown_hx
hx4fbadc8e870180e69421070862e979072df11828,0.02125,17,unknown_hx,0,0,unknown_hx
hx1f7a3fad17e87746b83194588e7cfb3a6a9766ee,0.02125,17,unknown_hx,0,0,unknown_hx
hx7c93db18311ac93a9a0e6a9b9307ef2465c4d72c,0.02125,17,unknown_hx,0,0,unknown_hx
hx1f52fe9cd8b0dcfd32f499911124fba1f0355a59,0.02125,17,unknown_hx,0,0,unknown_hx
hxab5df692abc89645d517619ec2324e659f810f46,0.02125,17,unknown_hx,0,0,unknown_hx
hxb8232888417d6a2111deb3575f09b177fa92006a,0.02,16,unknown_hx,0,0,unknown_hx
hx766b7ba4d0e61413f67f9964fc5588ac38837d45,0.02,16,unknown_hx,0,0,unknown_hx
cx0eb215b6303142e37c0c9123abd1377feb423f0e,0.1463699374999998,16,unknown_cx,45,31,Bridge
hx2fb13c9412897e7bc21ce9d24ec980cb4b690a2a,0.02,16,unknown_hx,0,0,unknown_hx
hxd66c3878ceb92e428fed1b0c84437c9594c400fc,0.02,16,unknown_hx,0,0,unknown_hx
hx8b204c03734e9c1da9d1cf4d429fa8596e275497,0.02,16,unknown_hx,0,0,unknown_hx
hx00d85a59cfacc2a44e924f4a7892271145747c60,0.02,16,unknown_hx,0,0,unknown_hx
hx4ae18d8f72200dc564673a0ae7206d862992753c,0.02,16,unknown_hx,0,0,unknown_hx
hx8ac037ad14449b686777b60e84adb2780a69f365,0.02,16,unknown_hx,0,0,unknown_hx
hx222e768cd4d1f6fce98d490e7818ae9fca55302e,0.02,16,unknown_hx,0,0,unknown_hx
cx1c06cf597921e343dfca2883f699265fbec4d578,0.6790623124999995,16,"ICONbet
 Lottery(new)",56,56,ICONbet
hx26c940591bb0b7392f54eaaef12f96a2a0ddb56f,0.02,16,unknown_hx,0,0,unknown_hx
hxafe78a5786c8a6f39af2de6027125476e30d2b22,0.01875,15,unknown_hx,0,0,unknown_hx
hxf1fe3f33f8ae89b11de7067a0066085b1ccfe9ed,0.01875,15,unknown_hx,0,0,unknown_hx
hx252425752a05fda66cd8dc52309b635d8e3e169f,0.01875,15,unknown_hx,0,0,unknown_hx
hxd48ab6a11220369368e8847fee7be4625f304b19,0.01875,15,unknown_hx,0,0,unknown_hx
hxeb7b3228d275b8a09ce81d437deb86e4393fee03,0.01875,15,unknown_hx,0,0,unknown_hx
hx14784b6c3e9ef959a113fab2c18d752ab609539a,0.01875,15,unknown_hx,0,0,unknown_hx
hx76948ccd4e07437bf7073b395b8109e0c8c162c4,0.01875,15,unknown_hx,0,0,unknown_hx
hx8e957dff0fe7ec7464742f9b3e7b7be5db33a0ff,0.01875,15,unknown_hx,0,0,unknown_hx
hx98d5590ff946c46597c563a3e4abbfa09a8ed420,0.01875,15,unknown_hx,0,0,unknown_hx
hxb09866aadc6d5b5e9c2c222f4419fa02e34939a9,0.01875,15,unknown_hx,0,0,unknown_hx
hxe0774e4e03d66444f87c2acb4e5139ac73dc96dd,0.01875,15,unknown_hx,0,0,unknown_hx
hx2fba27525ab450bc0da54dd02f2ce53b13866b27,0.018805,15,unknown_hx,0,0,unknown_hx
hx152c3b4d7f217683a9da8adc1dc45dbc4f896a7b,0.01875,15,unknown_hx,0,0,unknown_hx
hx9864528aa23a5f8ab3a2e2a6dc31b603ced3c52d,0.01875,15,unknown_hx,0,0,unknown_hx
hxf0fa3e948b05eca500400a88c13808d0797e4850,0.01875,15,unknown_hx,0,0,unknown_hx
hxd2ab70a9d09d60aabec1b6c3dadc35e4bf33b6f1,0.01875,15,unknown_hx,0,0,unknown_hx
hx3498b9539ee69807b9bfe5dfa011de525316fd91,0.01875,15,unknown_hx,0,0,unknown_hx
hx610154bbf374f962664b350dc338cb83f4289324,0.01875,15,unknown_hx,0,0,unknown_hx
hxb6ff13c0753f52ea84b1d3abfe3203871c0fcb88,0.01875,15,unknown_hx,0,0,unknown_hx
hx49a85bae8ef50983d03a05ca1b47afdf33bf1d54,0.01875,15,unknown_hx,0,0,unknown_hx
hx49a31f18b8c0770db1638c1d10ddaf44765bf44a,0.01875,15,unknown_hx,0,0,unknown_hx
hxf75d5bfe3c3b2bca17f4caee92bfe217788809e5,0.01875,15,unknown_hx,0,0,unknown_hx
hx4ef08ea410d3f89b75588fe08c1439e467d682a3,0.01875,15,unknown_hx,0,0,unknown_hx
hxcff9fa415a81a4cc2852344c1706ee32ca076cb7,0.01875,15,unknown_hx,0,0,unknown_hx
hxc9c523b47e0c82441e0274a89838a6c2d546724d,0.01875,15,unknown_hx,0,0,unknown_hx
hx81d4f834b91569b43cde903ec241eb1fce64a171,0.01875,15,unknown_hx,0,0,unknown_hx
hx61d8a4f8fa06d7246798637253920026dc863966,0.01875,15,unknown_hx,0,0,unknown_hx
hx1141b769011ee8399ef70f393b568ca15a6e22d7,0.01875,15,unknown_hx,0,0,unknown_hx
hx05d0dd049dff3baf33320efd3aefe0c21e573a66,0.01875,15,unknown_hx,0,0,unknown_hx
hxe939f93b66790beebf01f08546363ca0a25f7d56,0.01875,15,unknown_hx,0,0,unknown_hx
hx538c18d6bad4291713739afdc8a57ce850dcde48,0.01875,15,unknown_hx,0,0,unknown_hx
hxe00c66fa8b5421f232d30c8f9ecb76ddb7b025cc,0.01875,15,unknown_hx,0,0,unknown_hx
hx2220b3da89c6ca6d2a265b2b30a9c1506b8f1a2d,0.0175,14,unknown_hx,0,0,unknown_hx
hx3ec37f51f36bbe9a69bdb5a740005d2ade8dd1c3,0.0175,14,unknown_hx,0,0,unknown_hx
hx3f133cdf56a93b43bca05939d12d4996a98996ab,0.0175,14,unknown_hx,0,0,unknown_hx
hx2c37f06a1f3b1dccf6ff8dfe640d47f4544e13a0,0.0175,14,unknown_hx,0,0,unknown_hx
hx3fbf8c48e3410bfbccfea6c296c3ceb0dc2c31d6,0.0175,14,unknown_hx,0,0,unknown_hx
hx402c021c67b145f891199fdadb7a28eff0805600,0.0175,14,unknown_hx,0,0,unknown_hx
hx4111d82941320117aef6c21ad8c82038c2243a7b,0.0175,14,unknown_hx,0,0,unknown_hx
hx1f378d31025968d5da6f1ba56852de71e3adee2f,0.0175,14,unknown_hx,0,0,unknown_hx
hx41cf743dae2fc51ff10aba0f19261d33e6e928b2,0.0175,14,unknown_hx,0,0,unknown_hx
hx21aac0b078011e9fec0c50d0e8c7ea0c9b1d4d9d,0.0175,14,unknown_hx,0,0,unknown_hx
hx43d367ee36fed0fca69fda110d35175820f31445,0.0175,14,unknown_hx,0,0,unknown_hx
hx458238e8a7a7a86adf44e3ebc6354506c99596d3,0.0175,14,unknown_hx,0,0,unknown_hx
hx46fca9671f1811c860bb19d895704ce2ef4171e7,0.0175,14,unknown_hx,0,0,unknown_hx
hx17c3c0199f5fb42259d9964343555e8208dc4f43,0.0175,14,unknown_hx,0,0,unknown_hx
hx4703676a59ac55c74f4d3877c15a6376ba750239,0.0175,14,unknown_hx,0,0,unknown_hx
hx482ce3fefaaf3e716763b44752fc134ba7e89031,0.0175,14,unknown_hx,0,0,unknown_hx
hxe5d2b665246da2881bee1ae4540fc99aecaa2258,0.0175,14,unknown_hx,0,0,unknown_hx
hxc8de5b29925e96345e263ad02ab271b2f8e140ee,0.0175,14,unknown_hx,0,0,unknown_hx
hx1e4bf2730dc005fde174a40f894f94f74510e04f,0.0175,14,unknown_hx,0,0,unknown_hx
hx359cafab9908602241f59b9ced32e4916c0d744d,0.0175,14,unknown_hx,0,0,unknown_hx
hxd045455d4eb7825f4f6ef1b487e886a95ed65475,0.0175,14,unknown_hx,0,0,unknown_hx
hxda93f26fb12647deec2bf4dcb5bd23e0abec3e87,0.0175,14,unknown_hx,0,0,unknown_hx
hx185e5394e56ce794bc4d1b70c0d61f93478a48eb,0.0175,14,unknown_hx,0,0,unknown_hx
hx2cbb014dc53a6d42d7be3ad7b1ed17155408b24c,0.0175,14,unknown_hx,0,0,unknown_hx
hxdf16b4fdc5bead8f77cee0225d9c75dc87e2b8ed,0.0175,14,unknown_hx,0,0,unknown_hx
hx18cbff68c05b85c9aa7ad144ad36d7118ab4549b,0.0175,14,unknown_hx,0,0,unknown_hx
hx18ed9aad7a17da90bd502eb4f019b2157056bd31,0.0175,14,unknown_hx,0,0,unknown_hx
hxdcfe54451c017ecd3efe4becd11bcc7ea1cf252e,0.0175,14,unknown_hx,0,0,unknown_hx
hxdca3764d7dbc1f8462c93029194c6a26ab2a5e8f,0.0175,14,unknown_hx,0,0,unknown_hx
hxdbc6e171f5cee10f6eb5a15cd7af1eb1c8c69d55,0.0175,14,unknown_hx,0,0,unknown_hx
hx1a4c9e9c8c866a961e5c88c18c0f019aa97f33db,0.0175,14,unknown_hx,0,0,unknown_hx
hx29eb841f8c659af8e4788eac63e343fb22006aaa,0.0175,14,unknown_hx,0,0,unknown_hx
hx2e35a032e01100ff3324c218df07f4bd9f632fb0,0.0175,14,unknown_hx,0,0,unknown_hx
hx2e3bfbc608c09299c5dc594dfa1d514cbce55d78,0.0175,14,unknown_hx,0,0,unknown_hx
hx2e85b5e2e5b98f4b8e2bd71483da37b0f750a116,0.0175,14,unknown_hx,0,0,unknown_hx
hx2ed8dc98004a534675b236746f49b87df5aae824,0.0175,14,unknown_hx,0,0,unknown_hx
hx2f564ae89d92b0ae80f7b3538612ee4a4356a232,0.0175,14,unknown_hx,0,0,unknown_hx
hx1dc395d8855eb38082640508d1c4fdcabd8c5059,0.0175,14,unknown_hx,0,0,unknown_hx
hx1be60841025db1b22126ba08ba519326603029c9,0.0175,14,unknown_hx,0,0,unknown_hx
hx2fd1142c56ba15bcd5ffc3521a4af6790cf5d227,0.0175,14,unknown_hx,0,0,unknown_hx
hx305b5d46578bf1dcce78ec97d6c7981bbfa79cf1,0.0175,14,unknown_hx,0,0,unknown_hx
hxe1ec2bdad3e06ac56bba4c07f025eb7d3d34d1c7,0.0175,14,unknown_hx,0,0,unknown_hx
hx3147b161835bbf8e79321bd68ee1de88bfc714c4,0.0175,14,unknown_hx,0,0,unknown_hx
hxd736e9979db0c60a5b74ef40f635557aa4770a3f,0.0175,14,unknown_hx,0,0,unknown_hx
hx1cb0bc836771c6c327ed75c03c251e2cf9e26dad,0.0175,14,unknown_hx,0,0,unknown_hx
hx33e64099d4db75356f241fd002c65ef9a47ee668,0.0175,14,unknown_hx,0,0,unknown_hx
hx3547884cc5401581af2edc79ba927a43d0c8f366,0.0175,14,unknown_hx,0,0,unknown_hx
hxdd68eb7e28e1c614c4cd819b8099191230c91d31,0.0175,14,unknown_hx,0,0,unknown_hx
hxe3fdad7d43baaa3003aed69734ef79424b2fc084,0.0175,14,unknown_hx,0,0,unknown_hx
hxe435f4d411b38115de401ab748d78aefb901fd8b,0.0175,14,unknown_hx,0,0,unknown_hx
hxe5327aade005b19cb18bc993513c5cfcacd159e9,0.0175,14,unkEx_d1,0,0,unkEx_d
hx39b8946d78d13e68013b72f7503658327b139b62,0.0175,14,unknown_hx,0,0,unknown_hx
hxdf8bb470761243bffb53bfa05aff885d5e5db5d5,0.0175,14,unknown_hx,0,0,unknown_hx
hxb08ceaf3dc261c1d7fec224008037875bbdfe0af,0.0175,14,unknown_hx,0,0,unknown_hx
hxc837fa2ebc18da723f5091c44922d84488eb5cd0,0.0175,14,unknown_hx,0,0,unknown_hx
hxa05d91f87ace1b2bc26db6236758cf546fa2e8a1,0.0175,14,unknown_hx,0,0,unknown_hx
hx9ad42527f8b7addbd7b157d90d292cede1db601f,0.0175,14,unknown_hx,0,0,unknown_hx
hx9b564ae7765c05c9c90666c7ecd7f26565dca726,0.0175,14,unknown_hx,0,0,unknown_hx
hx9d175b0bab4f96c99094427f9ff4154e0bcfcba6,0.0175,14,unknown_hx,0,0,unknown_hx
hx86ec1e2b3cea626836937168b6a3b15d7dfff057,0.0175,14,unknown_hx,0,0,unknown_hx
hx9eceb47a1c46ac122d2138f9eefb3e3363727039,0.0175,14,unknown_hx,0,0,unknown_hx
hx860e6a4569e9c631420e800a7cb75f2381528e85,0.0175,14,unknown_hx,0,0,unknown_hx
hx85d3d56dde714d8bfc633f950c21fba8aae646cf,0.0175,14,unknown_hx,0,0,unknown_hx
hxa0503b1b453bfd1e8b582e6ee6f973f09152a6d0,0.0175,14,unknown_hx,0,0,unknown_hx
hx856ee6ee02c7abc38b7fbd67875fc08c2d29c3d2,0.0175,14,unknown_hx,0,0,unknown_hx
hxa10445db0a8bf2fbd80111248f42d82fe4e39319,0.0175,14,unknown_hx,0,0,unknown_hx
hx4c4f7ec136a8ce6d686c837fd800e0ffb9049363,0.0175,14,unknown_hx,0,0,unknown_hx
hxa2f27dab8b65a267e095defecc9f06f15fb6f4d1,0.0175,14,unknown_hx,0,0,unknown_hx
hxa3466e2de3213a7402707532dac1b184b9134e06,0.0175,14,unknown_hx,0,0,unknown_hx
hxa4223229cf2bacc2fbb861563bb6e2b9cbc56a3e,0.0175,14,unknown_hx,0,0,unknown_hx
hx82d7d0692efe9ed195c1505c2916527c1cbbbc53,0.0175,14,unknown_hx,0,0,unknown_hx
hx8286c0493d08d27f739035294a6b5c47d23d68de,0.0175,14,unknown_hx,0,0,unknown_hx
hx8248262eb9f5d27747bfdbb4059a01bff3106b78,0.0175,14,unknown_hx,0,0,unknown_hx
hxa4c965de2b5a06bf51c3e7a2728348cfd345f3f3,0.0175,14,unknown_hx,0,0,unknown_hx
hx8107ca0ebc0e7eb23b58e5d77f589bbe70ad4cb0,0.0175,14,unknown_hx,0,0,unknown_hx
hx80c1b86ca23e5c8e9b86d48784fa8859487cc3ec,0.0175,14,unknown_hx,0,0,unknown_hx
hx9abc6635112be8ce4c8e3d9b28de0d9e1bc09895,0.0175,14,unknown_hx,0,0,unknown_hx
hx9aa85119b74cc11fbeb298952e95c524d4e27408,0.0175,14,unknown_hx,0,0,unknown_hx
hx99e3d951340ad78f48437eae250cb05f9f4d0284,0.0175,14,unknown_hx,0,0,unknown_hx
hx99c13a65edc4a54233737caad9afcd2f7051111a,0.0175,14,unknown_hx,0,0,unknown_hx
hx9303ad305fa3f55f6555ece02867e1e7a9a86ae2,0.0175,14,unknown_hx,0,0,unknown_hx
hx92a1e4be91bc099edd24f16d6512d0a853e8ff6a,0.0175,14,unknown_hx,0,0,unknown_hx
hx942777889f7a0f828b9fc12b6851f6d03caf54cb,0.0175,14,unknown_hx,0,0,unknown_hx
hx9213dfd0eba46fefff91b5ddc0ccb105a10c0f70,0.0175,14,unknown_hx,0,0,unknown_hx
hx91449e6edfd99af685c9c376024db63fca65e236,0.0175,14,unknown_hx,0,0,unknown_hx
hx90ff1fd3644162f9fef74a13d51f0cc58db04fe6,0.0175,14,unknown_hx,0,0,unknown_hx
hx909b0fed3d39deace53ce175f92dc153b68bcf6c,0.0175,14,unknown_hx,0,0,unknown_hx
hx9092a3fc19763f078f069b5406c4433f37b7ea56,0.0175,14,unknown_hx,0,0,unknown_hx
hx904631ee1f8bdbac314e763e62ce20f58b053f9f,0.0175,14,unknown_hx,0,0,unknown_hx
hx8ffd67c7eca0ec75a3bab84477aa98bb8de522c3,0.0175,14,unknown_hx,0,0,unknown_hx
hx970eda4988e547df0de8324226fdf3e8ebc9734f,0.0175,14,unknown_hx,0,0,unknown_hx
hx8cf4caad199391a29ce1f8e8388179582fb05cfa,0.0175,14,unknown_hx,0,0,unknown_hx
hx8cd9b1967a8646fad7ada9ce09462a5ea3f08804,0.0175,14,unknown_hx,0,0,unknown_hx
hx8c5cc6b806aa640f38561d101caec8bc83f84ddf,0.0175,14,unknown_hx,0,0,unknown_hx
hx8b417f96106fa225fc39b85868f06f6bea297adb,0.0175,14,unknown_hx,0,0,unknown_hx
hx9896ba2aac0a4cb8790bcff4cd14ae0340c1d34c,0.0175,14,unknown_hx,0,0,unknown_hx
hx989fa78200b23ca042e52e370128ee141187f443,0.0175,14,unknown_hx,0,0,unknown_hx
hx98d9129392e181ad01fe1ac9af46eb86df5b94c3,0.0175,14,unknown_hx,0,0,unknown_hx
hx990076aab5cf9ae72b1f9db189d1b6ad21fe4aa1,0.0175,14,unknown_hx,0,0,unknown_hx
hx7e04d22c2c6abf015df9cb862e66fa0a10e89cbd,0.0175,14,unknown_hx,0,0,unknown_hx
hx7de3d3bc88bae9b57cf8e48ae084cd976b2f2834,0.0175,14,unknown_hx,0,0,unknown_hx
hx7d15e07f3b253437d2acde7e0563122a05e6b38b,0.0175,14,unknown_hx,0,0,unknown_hx
hxb611b26f8ef4c8d515de4d23f62316eb1ad842b9,0.0175,14,unknown_hx,0,0,unknown_hx
hxb7bb3ea6e95cd8f688c502e245e5f32983e56fb6,0.0175,14,unknown_hx,0,0,unknown_hx
hxb9bf2fe4975afa508ecd90ee2e3f3ac88bb792cd,0.0175,14,unknown_hx,0,0,unknown_hx
hxbaa939936163c67795e081ec5282ee92a85c8f02,0.0175,14,unknown_hx,0,0,unknown_hx
hxbc32fd9cb2cc3bd2d5c982b4f39a0168664e0420,0.0175,14,unknown_hx,0,0,unknown_hx
hx5cb84c5948a03d8aa1b2abc475fb42fcc1bd72c9,0.0175,14,unknown_hx,0,0,unknown_hx
hxbda9ea6ce93b75cc2f3234fe2d3c84fa8083a420,0.0175,14,unknown_hx,0,0,unknown_hx
hx5b24217047526bd1c9475ddc7e10f93325dd2322,0.0175,14,unknown_hx,0,0,unknown_hx
hx592e7959a5c0070cf51f18b82390c2553f0f767a,0.0175,14,unknown_hx,0,0,unknown_hx
hxc0723d6d8da3baf116c45fa0fd4087a0ccc5183e,0.0175,14,unknown_hx,0,0,unknown_hx
hx5509179ece32dc47f17d7b520be8c37d3025323a,0.0175,14,unknown_hx,0,0,unknown_hx
hxc2ed860e0f135f76d28e1d6b3e9b1d31bb95b502,0.0175,14,unknown_hx,0,0,unknown_hx
hx541350746e2319b1c54fd929575cd280552b4f9b,0.0175,14,unknown_hx,0,0,unknown_hx
hx540baa7c9e67ee6139999c6e3c9d7cc7efd0f60a,0.0175,14,unknown_hx,0,0,unknown_hx
hx53bd3ba841728a31952ba8fe36ed060afbd4945d,0.0175,14,unknown_hx,0,0,unknown_hx
hx516d9bc9b4291506fbfac1ff4ec0fb50412035ac,0.0175,14,unknown_hx,0,0,unknown_hx
hx510cd1636acd3778e3499d23e878ce2330c78dda,0.0175,14,unknown_hx,0,0,unknown_hx
hx50aef7207f4392ec7cb5249f7714b1f50cc1f4b1,0.0175,14,unknown_hx,0,0,unknown_hx
hx4ecf40ccbc51e1f2a3d21a8bda45414add51fd73,0.0175,14,unknown_hx,0,0,unknown_hx
hxc7b5a88c703a632f9ac212f8e7f677045640891e,0.0175,14,unknown_hx,0,0,unknown_hx
hxb7a130403368d28a2173d68b2e192bfd24a80954,0.0175,14,unknown_hx,0,0,unknown_hx
hx685c1938865e255181dc95f3d30773f16ca072ae,0.0175,14,unknown_hx,0,0,unknown_hx
hx7ce6b7b82843388bf0b4e1bd826f68a3afd8ab1f,0.0175,14,unknown_hx,0,0,unknown_hx
hxb47e9bfd61ebaa30d3639dc146f340aec0deabd8,0.0175,14,unknown_hx,0,0,unknown_hx
hxa9c49b63d8465dbd6b8fe23e51623047687e2f81,0.0175,14,unknown_hx,0,0,unknown_hx
hxaa090f833d9e24db83fcca1fb6f988910d81b2bb,0.0175,14,unknown_hx,0,0,unknown_hx
hxaa437dd00e5a18077164c4af24622fce47643b69,0.0175,14,unknown_hx,0,0,unknown_hx
hx7ac533639a9975e1bb38c1d8d0483e051c212e77,0.0175,14,unknown_hx,0,0,unknown_hx
hxabc62b54b9512eb79a508cbc6e29a50d1d2e6ddb,0.0175,14,unknown_hx,0,0,unknown_hx
hx795f83b453e3416fe259cb7785d9dcd9b41a4dab,0.0175,14,unknown_hx,0,0,unknown_hx
hx781263969ce8ccb1f5f7e58f35f89dd0e6946d49,0.0175,14,unknown_hx,0,0,unknown_hx
hxaec67eebfbe3ce595f868227f60d06c1964f95eb,0.0175,14,unknown_hx,0,0,unknown_hx
hxaf4e054ced4b22843473c82dbb3894ca4ec8d9b4,0.0175,14,unknown_hx,0,0,unknown_hx
hxaf4ee010dd42b50ef3ed79cdb37e491bac53bbc5,0.0175,14,unknown_hx,0,0,unknown_hx
hx15967500c8e0b476c58a416469a38c34fd401b88,0.0175,14,unknown_hx,0,0,unknown_hx
hxb1dea3123611629a70e529103557526cdfbc5bf4,0.0175,14,unknown_hx,0,0,unknown_hx
hx6f354ab6966c9f3cf7a0a166a2d2f264f37f7408,0.0175,14,unknown_hx,0,0,unknown_hx
hx6e1141d8bd80b484827b2c713b3a499fb7a424e5,0.0175,14,unknown_hx,0,0,unknown_hx
hxb38c61724a537235f9ce7b2fa1e498ce6b0bd0f9,0.0175,14,unknown_hx,0,0,unknown_hx
hxb3a486783b7d0c0c4fec74c98c50c717568edadb,0.0175,14,unknown_hx,0,0,unknown_hx
hxb3ec843e3cdd68fb793bfb22c2d044163416ca10,0.0175,14,unknown_hx,0,0,unknown_hx
hx6b6c6abe7f09d318e91c4e90241106b8369d1d6c,0.0175,14,unknown_hx,0,0,unknown_hx
hx6a7c99794e15a4ee03557887f11a98b0d4adbedc,0.0175,14,unknown_hx,0,0,unknown_hx
hx16db7e5e3ad6bed68ccec9c0da3c477d8acb67e9,0.0175,14,unknown_hx,0,0,unknown_hx
hx93cfc7df38662ee1a8bea185275290a042146955,0.0175,14,unknown_hx,0,0,unknown_hx
hxedbf684d9dca4d780d98f63892b98398c41200b3,0.0175,14,unknown_hx,0,0,unknown_hx
hx148782df8c375cc2f647308cf319705736e4b9e7,0.0175,14,unknown_hx,0,0,unknown_hx
hx0bfbcfcf37b81b1bc853ce5bbc9d5b9c3c50f385,0.0175,14,unknown_hx,0,0,unknown_hx
hx03151dfed5d5d6a4116bcdf28e04d37d3b6e4085,0.0175,14,unknown_hx,0,0,unknown_hx
hxf015f787653f3d0c61d49e451e0b987bf487a86b,0.0175,14,unknown_hx,0,0,unknown_hx
hxff77a2bea7686e34a8cb3c1360894af72b3337f4,0.0175,14,unknown_hx,0,0,unknown_hx
hx0f413d0a9957df6818780e0b8a5d51d7ca40d3b0,0.0175,14,unknown_hx,0,0,unknown_hx
hxfadb3ebc51040bd03f1aed4c1a0ee90daaf24bc6,0.0175,14,unknown_hx,0,0,unknown_hx
hxfc57869e9de77e8af5868becd6510aa25c4e2ca2,0.0175,14,unknown_hx,0,0,unknown_hx
hx09f151f30b93b088d31dd466d3c50b5920b25823,0.0175,14,unknown_hx,0,0,unknown_hx
hx1120530460a62f04f59c3378dc8ecc103304d4ba,0.0175,14,unknown_hx,0,0,unknown_hx
hx0ca55a2cddb30132e79ff4548f9f455bb9363448,0.0175,14,unknown_hx,0,0,unknown_hx
hx0998205819fffa24de917570367cce87b6034875,0.0175,14,unknown_hx,0,0,unknown_hx
hx138fc2f7a87bd31b030b4c1119f44ae65499113d,0.0175,14,unknown_hx,0,0,unknown_hx
hxf36c234a89f476b2512e345101cb6a8dd3845744,0.0175,14,unknown_hx,0,0,unknown_hx
hx094da18aadb544add6adbd222eac9a22c5e894fc,0.0175,14,unknown_hx,0,0,unknown_hx
hxed5e0d1bade8dc01084d0a68e0d370c41c69465d,0.0175,14,unknown_hx,0,0,unknown_hx
hxf270f35cbdacd1964e1a8366b65cd508a2ff105c,0.0175,14,unknown_hx,0,0,unknown_hx
hxff7eb815ca57e12bf6c3b4a0c11776def9977abc,0.0175,14,unknown_hx,0,0,unknown_hx
hxf80c637ed6569eada1a621cbed01ed5bc2873c1a,0.0175,14,unknown_hx,0,0,unknown_hx
hxeaf708b437ee8d801e2ccc8310d24e1719f2c81b,0.0175,14,unknown_hx,0,0,unknown_hx
hx04c8c5e5f412aa7c1986514bbbef2d269a2733fc,0.0175,14,unknown_hx,0,0,unknown_hx
hx04ebbde6f4af6638679e37eaf706e6135b81336a,0.0175,14,unknown_hx,0,0,unknown_hx
cx015c7f8884d43519aa2bcf634140bd7328730cb6,21.515193099999998,14,Omm Staked Lp,52,0,Omm
hxefc2612d03227b32dd96d26871461d0a18036dc4,0.0175,14,unknown_hx,0,0,unknown_hx
hxeb700427e703538ca196d8fc3239b30b98d408e5,0.0175,14,unknown_hx,0,0,unknown_hx
hx03a6688ab037e35b5b0f510593da9738e6199e43,0.0175,14,unknown_hx,0,0,unknown_hx
hxfc18396afa624487d7ca914a6e7c3971b4f8ae9f,0.0175,14,unknown_hx,0,0,unknown_hx
hx12e356ec84d52712239982122b97b85767ad49ee,0.0175,14,unknown_hx,0,0,unknown_hx
hxebdc725cc4c9c12e09f6b323448ce56334f602f1,0.0175,14,unknown_hx,0,0,unknown_hx
hx06998e2142a2344c51a43fe08daa87e584e2548d,0.0175,14,unknown_hx,0,0,unknown_hx
cxfb832c213401d824b9725b5cca8d75b734fd830b,0.054739999999998595,14,rev_share,56,0,rev_share
hx28aec9c2ab5efadeb2640f0988edf3ae196ec368,0.01625,13,unknown_hx,0,0,unknown_hx
cx0cd329f5adddf9496a24f36082785582ab9aa21a,2.9569638999999994,13,OptimusEarn,559,0,Optimus
hxba44340c3418f502904edeab57d5ddbf0f5bf986,0.01625,13,unknown_hx,0,0,unknown_hx
hxb2bdf1e828e138ea7bf0788c64c357e5bbb8e58c,0.01625,13,unknown_hx,0,0,unknown_hx
hx66f6d913c7cefca07409348cc29a7820b154b34b,0.015,12,unknown_hx,0,0,unknown_hx
hxac8855c483fb0e6be875a26ae55c4947de3be86a,0.015,12,unknown_hx,0,0,unknown_hx
hx656988e2f43d864a9e97d5f2b656014ee2aa8a6f,0.015,12,unknown_hx,0,0,unknown_hx
hxe60a358a75c658c16c0b45fcd8930aa4e3d58787,0.015,12,unknown_hx,0,0,unknown_hx
hxb8a0a894f86e94c3f90aafff45e9a1b5cf3726d4,0.015,12,unknown_hx,0,0,unknown_hx
hx87b19d20a762d2e82ad727a30871818875f0ee5f,0.015,12,unknown_hx,0,0,unknown_hx
hx86e00637f0de54dfa3644625ab11143ee2d69833,0.015,12,unknown_hx,0,0,unknown_hx
cx55e13d2ff2535c8bac82a4f5d01769a4a8a3d799,1.4707374874999997,12,OptimusEarn,110,0,Optimus
hx864aae8a90ed7000cdbfbaf190936c6a29a735d7,0.015,12,unknown_hx,0,0,unknown_hx
hxb15acb50ac77dd82cba218f5fc3835be3d5efb5e,0.015,12,unknown_hx,0,0,unknown_hx
cxd192264e201636d3a07e129663131d6a296c3567,3.6743635874999994,12,OptimusEarn,149,0,Optimus
hx5ebe1c3bdf9d18cc1901a2cc62fe9b061bb88f4d,0.015,12,unknown_hx,0,0,unknown_hx
cxca5df10ab4f46df979aa2d38b370be85076e6117,0.1143153749999995,12,"ICONbet
 Colors",32,48,ICONbet
hx817c6d761a6eb0a4e839e3019ed68c26ec288b14,0.015,12,unknown_hx,0,0,unknown_hx
hx562dc1e2c7897432c298115bc7fbcc3b9d5df294,0.015,12,upbit_cold,0,0,upbit
hx0c65769342c65e2206893f855793d33d0732c5fa,0.015,12,unknown_hx,0,0,unknown_hx
hxb3c703cfa0f8c52963838fa567bb652124206605,0.01375,11,unknown_hx,0,0,unknown_hx
hx31968cf29bae2aa57ee0b785c6395af6d9d6148a,0.01375,11,unknown_hx,0,0,unknown_hx
hx14c12a7493a6e3e0e69a1bc2adef86ce5e2a33d6,0.01375,11,unknown_hx,0,0,unknown_hx
hxfc110f2096e5200c0296dd2f5efccfd6f7fbfd30,0.01375,11,unknown_hx,0,0,unknown_hx
hx197f1280c480a060183cccdf19d9d27c1a0344b6,0.01375,11,unknown_hx,0,0,unknown_hx
hx8e7185061e1578659e245e1ed8c2b7526d7ff205,0.01375,11,unknown_hx,0,0,unknown_hx
hx0d170dc53ad1284fe5fb69132bb3c7642a018504,0.01375,11,unknown_hx,0,0,unknown_hx
cx00207473308351b989583285a8f548c80478329d,2.3771704624999996,10,OptimusEarn,162,0,Optimus
hx19cc289e9272f124aa7dcb6126a74a9f704cf5ee,0.0125,10,unknown_hx,0,0,unknown_hx
hx56c8655e4ed95dc2f97d988403c79b293b25a491,0.0125,10,unknown_hx,0,0,unknown_hx
hx0c6d02a3064e0d5ebf89ef1400f5f8a65a90b58a,0.0125,10,unknown_hx,0,0,unknown_hx
hx254c932ea1877bf6a4cfc912dd812022540afa57,0.0125,10,unknown_hx,0,0,unknown_hx
hx8c181f0cb9450bb56956b4eb0e60101ccaf62752,0.0125,10,unknown_hx,0,0,unknown_hx
hx8fb3a4945f740495e3034d8f725aa58c621803d1,0.01125,9,unknown_hx,0,0,unknown_hx
cx6cdbc291c73faf79366d35b1491b89217fdc6638,0.4828568749999999,9,"ICONbet
 War",24,27,ICONbet
hxa32f4b916c46a71fdd69d711c8279ec7b0ab13f9,0.01125,9,unknown_hx,0,0,unknown_hx
cxb3653880b51982d5a5033a7d6d72c550be613261,4.9687806125,9,OptimusStrategyStableCoinMining,549,9,Optimus
cx883042c10602b50defe69dd8c44acb21e999ada2,0.0295617624999998,9,iDoge Meme Collection,0,0,iDoge Meme Collection
cxd965531d1cce5daad1d1d3ee1efb39ce68f442fc,0.0373224875,9,CPS_TREASURY,18,0,CPS_TREASURY
hx0d07034eefcdbf6a585396b6e4832082098a3c00,0.01125,9,unknown_hx,0,0,unknown_hx
cx9f4ab72f854d3ccdc59aa6f2c3e2215dd62e879f,0.6220436,9,CPS_Score,48,14,CPS_Score
cx13b52d9f24db8d64d93a31926e3c69d44fbe8f9a,1.2831321999999996,9,Claw,71,0,Claw
hx28d780d58530885cfca79cc2f560e9326150304f,0.01125,9,unknown_hx,0,0,unknown_hx
hxfcd94d14f47b8fea18baabbb07baaa6f9a1320b6,0.01125,9,unknown_hx,0,0,unknown_hx
cx4c18433c607bd8c6a0953e9627f5a0892ac40363,2.134683887499999,9,OptimusStrategySICXLending,405,9,Optimus
hx2bb649c5dc8c767a59cf54750b857aeb67574cb4,0.01,8,unknown_hx,0,0,unknown_hx
cxe3b2755db3276dda820c6145ca791e07e8317d3c,3.8952730874999997,8,OptimusStrategyStableCoinMining,488,8,Optimus
hxdfa6d437bad44121abf3e53d7c661f09ed13889a,0.01,8,unknown_hx,0,0,unknown_hx
hx3881f2ba4e3265a11cf61dd68a571083c7c7e6a5,0.01,8,coinex,0,0,coinex
hxa0fea349f2fbe242356023d05c0ff5409f4eb372,0.01,8,unknown_hx,0,0,unknown_hx
hx2b55fbf5b8f4c3ce7ef0c71808fcc478e51530cd,0.01,8,unknown_hx,0,0,unknown_hx
cx6690c7f501868838a1c2135ebb2d5e0933cf8b41,0.2887269999999998,8,Optimus Worker Token,160,0,Optimus
hx0c4592507ed5b0fc4ec3030f8705557f2c15df4b,0.01,8,unknown_hx,0,0,unknown_hx
hx97006255b0a7af612e663e803101cc392cb8a619,0.01,8,unknown_hx,0,0,unknown_hx
hxca80f5f302d2d1731637de060d4bb96452dc94bc,0.01,8,unknown_hx,0,0,unknown_hx
hx0c3929ae183f32cdb01e6f83094a7ab2ba73a54d,0.01,8,unknown_hx,0,0,unknown_hx
hx8a62cafaf8a15e719c5ecad686ea86f37ec968da,0.01,8,unknown_hx,0,0,unknown_hx
hxb0570b66436d7dc90eec6999158662a0610a86ed,0.01,8,unknown_hx,0,0,unknown_hx
cxc6bb033f9d0b2d921887040b0674e7ceec1b769c,0.013260625,7,Lossless Lottery,0,0,Lossless Lottery
hx61fc5ba920a08331496b6a80f610b379813aaa90,0.00875,7,unknown_hx,0,0,unknown_hx
cx4f2d730ad969f5c839229de42184c5e47aefef6f,0.887647875,7,OMM Reward distribution,28,1,Omm
hx002872c5d6a38a08ff52255af3bd1378c860006d,0.00875,7,unknown_hx,0,0,unknown_hx
cx45cf0c108c3df650b1c28d9e2fdc8b4d068cb2fa,0.0253500375,7,PresaleMultiToken,7,0,PresaleMultiToken
hx8d9511ed0a87e5dbcbbd7489f985dcb0def6e41c,0.00875,7,unknown_hx,0,0,unknown_hx
hxf1043e623977b812cfb9c4bf1b6cced7b8dff8c4,0.00875,7,unknown_hx,0,0,unknown_hx
hxa813e65df2ebfd09f3c882c6d89f9b576c0f8451,0.00875,7,unknown_hx,0,0,unknown_hx
hxa2043fcf9fd990a11bf704837eda057e51d0f374,0.00875,7,unknown_hx,0,0,unknown_hx
hxe1f59ae32e964a1d8f10d26289067e3790c99e87,0.00875,7,unknown_hx,0,0,unknown_hx
hxc147caa988765c13eaa6ca43400c27a0372b9436,0.00875,7,unknown_hx,0,0,unknown_hx
hxa6beb3a2c07535eb26cd5288ff6b990edf7db27b,0.00875,7,unknown_hx,0,0,unknown_hx
hxa63331b8f2f4dde5d4853a7ebde9b3bfcb50d382,0.00875,7,unknown_hx,0,0,unknown_hx
hxf0f931e4fbddf7a09293695bb48ac2a05d65c637,0.00875,7,unknown_hx,0,0,unknown_hx
hx550c73dd76f436e04e47e927ce09212f90916be9,0.00875,7,unknown_hx,0,0,unknown_hx
hx84af7f330ab79b8b667072641e230fb92565b391,0.00875,7,unknown_hx,0,0,unknown_hx
hx24e1a53ea8f69160be92df9694ebc134aed9e175,0.00875,7,unknown_hx,0,0,unknown_hx
hxd175219303cbc6e20cec0a51657f32d91c5093d2,0.00875,7,unknown_hx,0,0,unknown_hx
hx6d789328d1cf381161759fa8db7bf45a0fa34ff1,0.00875,7,unknown_hx,0,0,unknown_hx
hx6be441ffc2581ab12d7d478dc22e8e71c6c9dd04,0.00875,7,unknown_hx,0,0,unknown_hx
hx378ac0237e7bd5028c060b2c34d37a6bcedd95e7,0.00875,7,unknown_hx,0,0,unknown_hx
hxa381d67435342c49d8feee9ea30a4d4b7f7a1a1a,0.00875,7,unknown_hx,0,0,unknown_hx
hxc54724c9f72adf9928af0810ff9c6ab640a2e7fb,0.00875,7,unknown_hx,0,0,unknown_hx
hx5159e011f2de5981f703ef84a2f651e74d979f00,0.00875,7,unknown_hx,0,0,unknown_hx
hxc50bb775c78b668efa9ccb4d1c7086f39134e8da,0.00875,7,unknown_hx,0,0,unknown_hx
hx872993410961182829ce0712214ca9c1e9c7cd76,0.00875,7,unknown_hx,0,0,unknown_hx
hxf268d5c860416eb02a7503222f978a680739231e,0.00875,7,unknown_hx,0,0,unknown_hx
hx52a5f71f8f6323adf618362e647f645e786b9b9d,0.00875,7,unknown_hx,0,0,unknown_hx
hx4940a1cb76cfa37e393434bceb4223a943cfe851,0.00875,7,unknown_hx,0,0,unknown_hx
hx52bbc0a6293da9f2aa53689899ce3b3a88e9b2f7,0.0075,6,unknown_hx,0,0,unknown_hx
hx2c3587cf4b4e35346708d3f2ea2abea567f6d77f,0.0075,6,unknown_hx,0,0,unknown_hx
hx4afb48f7a20b2da8507874b6db3b6ed729c60fc1,0.0075,6,unknown_hx,0,0,unknown_hx
hxf784ce6534187f92ddc87d5420c23e9d08742bc5,0.0075,6,unknown_hx,0,0,unknown_hx
hxfdcc838a3bd96a92a712bd67d02720f9e11629af,0.0075,6,unknown_hx,0,0,unknown_hx
hx4af0940806521a564d219483ac66cc744f5ea097,0.0075,6,unknown_hx,0,0,unknown_hx
hx39cbf25937f0dcb233d5aa2a0bcf1451be83ad19,0.0075,6,unknown_hx,0,0,unknown_hx
hxc1f41199c7f7dcffdb3f95c99d238023ee45805c,0.0075,6,unknown_hx,0,0,unknown_hx
hxb69e92375ef41990daba1ff2f72409555f787aa8,0.0075,6,unknown_hx,0,0,unknown_hx
hxdef914b623115fd1642ea3e92a8f5b38cae9fea6,0.0075,6,unknown_hx,0,0,unknown_hx
hx757fc315976f9572906b56d8dbc4ce3fc2153b3c,0.0075,6,unknown_hx,0,0,unknown_hx
hxb4778dce2efa056c4040944d59cba56596ddeebe,0.0075,6,unknown_hx,0,0,unknown_hx
hx35a5e8565b07923caef79e99c8656bfd299fb8d5,0.0075,6,unknown_hx,0,0,unknown_hx
hx3e1550fcdb6c4a05591f3c919f5d01c0b3902dbb,0.0075,6,unknown_hx,0,0,unknown_hx
hx690497d75cacaf20b3d3dc0381c551c2cb255c54,0.0075,6,unknown_hx,0,0,unknown_hx
hx0653078be9a98b835af216fbd50b25e9869731f0,0.0075,6,unknown_hx,0,0,unknown_hx
hx806fd58fb932241937c90e3f00a0de12aebd9e6f,0.0075,6,unknown_hx,0,0,unknown_hx
hx65cc30d9faea4fb6897748a147d61e2057ce90ad,0.0075,6,unknown_hx,0,0,unknown_hx
hx7849e4405707a7ed86a3d24f8ff4cf45cde3587d,0.0075,6,unknown_hx,0,0,unknown_hx
hxd5d9ec63cc583fcd87a38f8a98d67ad60d4591f1,0.0075,6,unknown_hx,0,0,unknown_hx
hx41243e622b321a0eff35ff1d8a0ad6a1ba96380e,0.0075,6,unknown_hx,0,0,unknown_hx
hx01d71fb496c059241434f7fc75a7e33f01008ff0,0.0075,6,unknown_hx,0,0,unknown_hx
hxd8e3fdbfa8da42ff64a3203a5a8eacd1ddbdfcb7,0.0075,6,unknown_hx,0,0,unknown_hx
hx5ca7bf0204fe5a074ee9fc8eef5f1379f4ba2ca5,0.0075,6,unknown_hx,0,0,unknown_hx
hx5b1f9ed5470165b157fb9c2316b23f54ea425dc5,0.0075,6,unknown_hx,0,0,unknown_hx
hx8d3c7a4c5c57d0cd8410bd83d581f7f1e75e5b2b,0.0075,6,unknown_hx,0,0,unknown_hx
hx9739e86773b011d29bb82b86d0cc158e8cdf3311,0.0075,6,unknown_hx,0,0,unknown_hx
hx1df7e5dd6b11a4e5be0d7f36a87da052e9de726c,0.0075,6,unknown_hx,0,0,unknown_hx
hxe6f37f01ff389e7ab4f735df9a9bf34593cebd1c,0.0075,6,unknown_hx,0,0,unknown_hx
cx145a0175e2eb55d73b310a37ce2bd489856d992d,0.10041515,6,OptimusLPStaking,12,0,Optimus
hx84628f59e31d17740369061c69d164fea3f5489d,0.0075,6,unknown_hx,0,0,unknown_hx
cxcb0607db5ac8f931024542e567023ade38c5fbe7,0.0190338125,6,BazaarToken,9,0,BazaarToken
hx9df647ffc422ea94a5f81b6543f39545ba347733,0.0075,6,unknown_hx,0,0,unknown_hx
cx82931dc2c8a878538aa0c0ba485832fd7a7503e2,0.1021555,6,OptimusLPStaking,12,0,Optimus
hx1b152ff2b509449f6ce9f8eaa5cfe676464779f4,0.0075,6,unknown_hx,0,0,unknown_hx
hx184860bb6e243b19ae2b5f6cb0227b614052369a,0.0075,6,unknown_hx,0,0,unknown_hx
hxa28bf1566ec82115aa53061508e5a69bcd54ed3a,0.0075,6,unknown_hx,0,0,unknown_hx
hx185b6ec3fcdd4b3efb4a053171865e44d1f08d5d,0.0075,6,unknown_hx,0,0,unknown_hx
hx85532472e789802a943bd34a8aeb86668bc23265,0.0075,6,unkEx_c1,0,0,unkEx_c
hxdf14072c59f1de45d082cd489a713c0d101852c1,0.0075,6,unknown_hx,0,0,unknown_hx
hx840d7cacc04a80966814995f75d9ee476baaa8ec,0.0075,6,unknown_hx,0,0,unknown_hx
hx1741d814597b2cd41ca656a2562e4e2ba6bdac17,0.0075,6,unknown_hx,0,0,unknown_hx
hx62c51d9f7fca8d7f91388764181ffd872b8df87b,0.00625,5,unknown_hx,0,0,unknown_hx
hx8faa2bc5925c335b3791cb46afa21ee65122867b,0.00625,5,unknown_hx,0,0,unknown_hx
hx909b6642820b629f2d247cd7c46aaf1672a3959e,0.00625,5,unknown_hx,0,0,unknown_hx
hx8aea2b0cc16ca24b16b658d2c7d9ff1407bcc588,0.00625,5,unknown_hx,0,0,unknown_hx
hx58c8c447e4e9fbcfea8af878260940b83ca9f4cc,0.00625,5,unknown_hx,0,0,unknown_hx
hx738055dbe43ffab6a2573f058266a26f6cabf2e4,0.00625,5,unknown_hx,0,0,unknown_hx
hx476455c56c64fea4f425bd62f0d2d3ab8cdcace0,0.00625,5,unknown_hx,0,0,unknown_hx
cx8af0bf8482f569efc2f6be736f34fbe26d49a76e,13.4153731625,5,Jangkoon,4,2,Jangkoon
hx1c05ae707958f4b529d3281a170e95c18eefa61a,0.00625,5,unknown_hx,0,0,unknown_hx
hx7d17b74c957089097151da045f9770b11b2bd3ba,0.00625,5,unknown_hx,0,0,unknown_hx
hx640ce9a75a899aa5bc1061e0cedf44b041bebeb6,0.00625,5,unknown_hx,0,0,unknown_hx
hxfb23be60d27fba8c5f9e279e2d7dc75b117e9de7,0.00625,5,unknown_hx,0,0,unknown_hx
hxabb2389cdcaed6c107098601201b016bde422e8f,0.00625,5,unknown_hx,0,0,unknown_hx
hx2fec411d71038ef960f77b635600d756d2c3852a,0.00625,5,unknown_hx,0,0,unknown_hx
hx34c51ecea89bbe8143f119d544e438a9c7d1a727,0.00625,5,unknown_hx,0,0,unknown_hx
hx7aa2c9f97cc0d29476cdb45793e75749fcb555c1,0.005,4,unknown_hx,0,0,unknown_hx
hx41dfbe237329b6c6a9b4a3d063a61f43f6885367,0.005,4,unknown_hx,0,0,unknown_hx
cx537bd62a5fa6bc90a8d9a309e12fb061700f13c4,0.0205676874999999,4,uMETX,16,0,UP
hx65698701aeb1536466b5bda050f332b8cf9cc48c,0.005,4,unknown_hx,0,0,unknown_hx
hx0fa6c319bcb154f6c98896c49b29de8918a8ed9e,0.005,4,unknown_hx,0,0,unknown_hx
hxd554e478965e651fd24c747d8d1ceff8d59ee063,0.005,4,unknown_hx,0,0,unknown_hx
cx66f2ed0663d5aa7efe92ab41b1e0e19ac73007a4,0.2458564124999999,4,LambdaX,30,0,LambdaX
hx89e0a263c234c30847098744b1edeb7ef9c84641,0.005,4,unknown_hx,0,0,unknown_hx
hx88e5933f5accc6d52eab897e1fa322a797f288de,0.005,4,unknown_hx,0,0,unknown_hx
hx3bfd4c9231a9af9991e46cd47717122af1137a9b,0.005,4,unknown_hx,0,0,unknown_hx
hx6dc8b5997f239ca98fca7bc6f7ab4b08292cb60a,0.005,4,unknown_hx,0,0,unknown_hx
hx87f73714ef438a7a92cbfca654b079c4a959f4c8,0.005,4,unknown_hx,0,0,unknown_hx
hxd12f675653a5ba0a2766e2dedb7403fc342b1e2a,0.005,4,unknown_hx,0,0,unknown_hx
hx3743d76628e259b6e6ffbdd5e0d3629a3e59450a,0.005,4,unknown_hx,0,0,unknown_hx
hxe62f97cc4b2647f6fb4c6598b8d9b208b8857459,0.005,4,unknown_hx,0,0,unknown_hx
hx4031ab962e5e78fd195f91c1ba877c5d0ba63a3e,0.005,4,unknown_hx,0,0,unknown_hx
hxe63edcf383beaa28265458c6eb5642f38f5b9306,0.0059124999999997,4,unknown_hx,0,0,unknown_hx
hx3e8c467002addc67663cb508beae00f12c4e6d10,0.005,4,unknown_hx,0,0,unknown_hx
hxd457bf78d06bc31ee7d54eb842937107bae831f1,0.005,4,unknown_hx,0,0,unknown_hx
hx0d5ce5070f3dc03b685c80373b22c56c3b13e13b,0.005,4,unknown_hx,0,0,unknown_hx
hxfc9cebda183e0e03168ede16b5d8556cb792925d,0.005,4,unknown_hx,0,0,unknown_hx
hxfa814ac19aa0d6bf63231291e972f48114d2e593,0.005,4,unknown_hx,0,0,unknown_hx
hx8ce2d55cb19a73682b3c50777a4b3fd0d2a8be08,0.005,4,unknown_hx,0,0,unknown_hx
hxdf0aef4aff6f9005439ad20515a4751df13b0b8e,0.005,4,unknown_hx,0,0,unknown_hx
hxc21b10d8c0415d2179e5a5c304506a1db17ed64b,0.005,4,unknown_hx,0,0,unknown_hx
hx107e4c72f71e3ef06b787586c8a80267e7b8ecd5,0.005,4,unknown_hx,0,0,unknown_hx
hxa3116d8b0df958193107d4b936d9315e37aa0467,0.005,4,unknown_hx,0,0,unknown_hx
hx2a06af7d12564d94ebe9fd2bfc0e87ffdeaf7c1a,0.005,4,unknown_hx,0,0,unknown_hx
hxa44cc13180757c60656b7984cb740acc9ca55882,0.005,4,unknown_hx,0,0,unknown_hx
hx2bed27e100c52d9cf749c812b3749cfdf94ef2f0,0.005,4,unknown_hx,0,0,unknown_hx
hxa5263d9c156777a6146409f1a8fd4b4bac94b068,0.005,4,unknown_hx,0,0,unknown_hx
hxc3419cd186a301cd41d37dd94da89ad2ecb05899,0.005,4,unknown_hx,0,0,unknown_hx
hx18daf7ff2be515ba892a9c88ec9412cd088714ac,0.005,4,unknown_hx,0,0,unknown_hx
hx90d65e00875d03e0274df72ffb2cb92c05631efe,0.005,4,unknown_hx,0,0,unknown_hx
hxa6a7843110c317a481864430515fd5120b2576c9,0.005,4,unknown_hx,0,0,unknown_hx
hxc8fb528bb62acb430c6d8945069ca00d86d7546b,0.005,4,unknown_hx,0,0,unknown_hx
hx09ac7a3bacc34385632f55c6455fe17c584607a2,0.005,4,unknown_hx,0,0,unknown_hx
hx88a520dee249596cdb6581a9b097b923bdf3ea58,0.005,4,unknown_hx,0,0,unknown_hx
hxbed52ddd3eddbf410953021f2a380237332d228f,0.005,4,unknown_hx,0,0,unknown_hx
hx7da94750ae503d12bdc8ece9c2ee2e6d22d26e80,0.005,4,unknown_hx,0,0,unknown_hx
hxe7d9234348665a612d61d35c99a4f5050d6c504d,0.005,4,unknown_hx,0,0,unknown_hx
hx5ca988cb4895c42a8498012c308beca3e01791ef,0.005,4,unknown_hx,0,0,unknown_hx
hx8df3442f1dbcfa688305d15c096f2966b745f343,0.00375,3,unknown_hx,0,0,unknown_hx
hx17555f29d4d31684d270eafafbf0224b336fb875,0.00375,3,unknown_hx,0,0,unknown_hx
hx6b2ecbbe572d71ec4492c6315c750f31f2071b42,0.00375,3,unknown_hx,0,0,unknown_hx
hx4c4ce79475739c53a2283143d4a2850d75a6d339,0.00375,3,unknown_hx,0,0,unknown_hx
hxc49b4c0ac50abb34053f26bb877e14b13e2d6814,0.00375,3,unknown_hx,0,0,unknown_hx
hx92432db325d14c1c7a85b338b90fb43b0502292b,0.00375,3,unknown_hx,0,0,unknown_hx
hx06fc1e10339a241a1285daa6f29661416177cec1,0.00375,3,unknown_hx,0,0,unknown_hx
hx6142aaf11ab0aa0ab31eeb3214b421269c6e8d56,0.00375,3,unknown_hx,0,0,unknown_hx
hxc743112b98ed3e6a32877f128e60e225e11c3d8e,0.00375,3,unknown_hx,0,0,unknown_hx
hx4ef5c6a187187b5642ad7f578f50487f20a43758,0.00375,3,unknown_hx,0,0,unknown_hx
hx2004299c82c6730d38e739269f782eb1beba166e,0.00375,3,unknown_hx,0,0,unknown_hx
hx89abb8e1c94a534165f58f28f60c0bf93ae878bd,0.00375,3,unknown_hx,0,0,unknown_hx
hx5fa77102c3d5347a762b9d6b36a95ec9b1743935,0.00375,3,unknown_hx,0,0,unknown_hx
hxbb22bf0c2f515375fe625c21203bdd6f46388728,0.00375,3,unknown_hx,0,0,unknown_hx
hx2a6dd94cc0c354e1ef918d4ec422bb13958a86eb,0.00375,3,unknown_hx,0,0,unknown_hx
hx4e372afdfd9d7cc2d396cccd337f72cc321e4127,0.00375,3,unknown_hx,0,0,unknown_hx
hx52eaccc0a203d2f4f3f0243aacb9efab562f1751,0.00375,3,unknown_hx,0,0,unknown_hx
hxf5e567c3aa34656120ad4d3c8013b16273a90633,0.00375,3,unknown_hx,0,0,unknown_hx
hxb4f129ae4bbb3904050ebef58cc9c74ddf27b187,0.00375,3,unknown_hx,0,0,unknown_hx
hx3f60257d24f65b04848608eb54887b1c3fb8b341,0.00375,3,unknown_hx,0,0,unknown_hx
cx3aa695bc3faf72e4cf10019e8dd2eb61f597c86b,1.5037596375,3,OptimusEarn,192,0,Optimus
hx42aea33ab67f347ff5b99c95111683f94a4eb3ac,0.00375,3,unknown_hx,0,0,unknown_hx
cx32d5b6c3eff488b058feff88acec824abe7ed8ca,0.0082810749999999,3,Inanis Invictus VOID Token,0,0,Inanis Invictus VOID Token
hx1a727577686a20eeeb67251b330e026e5597dbf5,0.00375,3,unknown_hx,0,0,unknown_hx
hx1d2500147396b8da209755e830ab35686bd7b7f0,0.00375,3,unknown_hx,0,0,unknown_hx
hx91e6b2ebf29e8de554e43a1175b0e6aa46da0a64,0.00375,3,unknown_hx,0,0,unknown_hx
hxf9abb02725118d18046e66054d856d74968d92be,0.00375,3,unknown_hx,0,0,unknown_hx
hxc84231a50b31d3ae09af237bb37c50786e55d424,0.00375,3,unknown_hx,0,0,unknown_hx
hx54b540b1a41438ba6bf1dbaf11d0c6607bf91960,0.00375,3,unknown_hx,0,0,unknown_hx
hxfeb84406df965b23cf50b2cc44dbc836da400a20,0.00375,3,unknown_hx,0,0,unknown_hx
hxb5e397abff03f2173ae8333440d04f496368ba6b,0.00375,3,unknown_hx,0,0,unknown_hx
hx146182a58f81a7800ed67a0667499aa91417bbcb,0.00375,3,unknown_hx,0,0,unknown_hx
cx83bcab7a2f718b9cb899043227affb5797eb2b75,1.460794325,3,OptimusEarn,128,0,Optimus
hx8eeceb522ec5b0ceccb4f646a4a117bb6d45eab4,0.00375,3,unknown_hx,0,0,unknown_hx
hx14e215d14f07b65e83b1e4cb5911830b2b2d86f9,0.00375,3,unknown_hx,0,0,unknown_hx
hxf76dfbb2ec12e9a84e61ff373e985e500b8058c6,0.00375,3,unknown_hx,0,0,unknown_hx
hx0f33bcd2a61e60767ed8bf4091b70cd051925596,0.00375,3,unknown_hx,0,0,unknown_hx
hxef4532b061f40639642ca07c8f8ec5d9f9967792,0.00375,3,unknown_hx,0,0,unknown_hx
hxab4ef05b25d5c8469d815f00ab0bf6f8bc1366c6,0.00375,3,unknown_hx,0,0,unknown_hx
hxd21fa09750324517a19726405812dc517c3ff8ae,0.00375,3,unknown_hx,0,0,unknown_hx
hx335561d1d6eba4532f973b0171723391151a8e2a,0.00375,3,unknown_hx,0,0,unknown_hx
hx8684f18ddab1f2fb08ed58f33457860a3851c268,0.00375,3,unknown_hx,0,0,unknown_hx
hxede904e58cf30e91aff4dc3ad42bd9cb319ecb0e,0.00375,3,unknown_hx,0,0,unknown_hx
hxa19e501a370d95229de80af0a7d89bf4cfaa602b,0.00375,3,unknown_hx,0,0,unknown_hx
hx81b29540696209313af1d200fef5b2e8341d878d,0.0047,3,unknown_hx,0,0,unknown_hx
hx9d3d58d7c6f654157801e86693fd425c1488b42c,0.00375,3,unknown_hx,0,0,unknown_hx
hxe02ec656d8049c9e71a157e9e4eb8dbbe56fc491,0.00375,3,unknown_hx,0,0,unknown_hx
hx35d61c0311fd2543157137c9d59fd8f11f9d27b2,0.00375,3,unknown_hx,0,0,unknown_hx
hx366d7676529f785832902ec8ec56438b06b29606,0.00375,3,unknown_hx,0,0,unknown_hx
hx36871ba761393616b915113d86e91b9dc452c5ee,0.00375,3,unknown_hx,0,0,unknown_hx
hx9be696dc77d733a4a09ae91458cd47e548d1689c,0.00375,3,unknown_hx,0,0,unknown_hx
hxe32440157c1e596e9298fda27725deb796ea2cae,0.00375,3,unknown_hx,0,0,unknown_hx
hx37f1e930a70dc6d201909c1493a9d5f6bac3ed00,0.00375,3,unknown_hx,0,0,unknown_hx
hxaebbee538d89c9f37c9bf08767547a82ee8effb4,0.00375,3,unknown_hx,0,0,unknown_hx
hxa4c3f6986c34a054fabe1e5dbf913d7234e71f40,0.00375,3,unknown_hx,0,0,unknown_hx
cxf24179be1153e4a27d0f860d57253fa1ac0ccdfa,0.037988175,3,PresaleMultiToken,40,4,PresaleMultiToken
hxdd9f4b3fc973ef4a64a39685067e29d6cab23189,0.00375,3,unknown_hx,0,0,unknown_hx
hx0022f73bf6cff0f07c43a24bc94382c155a9abb2,0.0025,2,unknown_hx,0,0,unknown_hx
hx82fd7cbe8ae5ff13e7f9e36d30686484ec342bfa,0.0025,2,unknown_hx,0,0,unknown_hx
cx3c044ae2f2c76bfdc8b226b854f299eb10be3a8b,0.0156695499999998,2,GangstaBet Story,4,0,GangstaBet
hx7fbf5f8d9bbce446327ffbac42f3f50da450c5d3,0.0025,2,unknown_hx,0,0,unknown_hx
hx7f7217c464578168749c94e15c5ca28ee3935731,0.0025,2,unknown_hx,0,0,unknown_hx
hxa7cdfab04d5c853bf08ca69ce0455522940090f0,0.0025,2,unknown_hx,0,0,unknown_hx
hx7f26ecb65ff446f318c1f9b580b9b91d5c2f94c1,0.0025,2,unknown_hx,0,0,unknown_hx
hx4e97a8431a9718bfdc091df0a986a35b416a5330,0.0025,2,unknown_hx,0,0,unknown_hx
hxbf5e1f9e7ef7aaa40170578156405c0b676423d9,0.0025,2,unknown_hx,0,0,unknown_hx
cx3ce3269704dd3a5e8e7d8012d4b383c4748ed7cc,0.00560975,2,Wonderland,2,0,Wonderland
hxa7829826ab72a1e262fb817b297e4337883dc5d1,0.0025,2,unknown_hx,0,0,unknown_hx
hxa05ae08318ab23825b503fee416fa56e3235cbb8,0.0025,2,unknown_hx,0,0,unknown_hx
hx59d01703a055ab7e32f2169d3e50336fdb4cb938,0.0025,2,unknown_hx,0,0,unknown_hx
hx7e9653eee60d1283d4e9d64ec4a6fe4819714e96,0.0025,2,unknown_hx,0,0,unknown_hx
hx7e29e4deea8900003919e28b82f7ecf3d7715e5f,0.0025,2,unknown_hx,0,0,unknown_hx
hx01025c9c3fd540995825958b93aac01c9b01e329,0.0025,2,unknown_hx,0,0,unknown_hx
hxf99a19ebc161f8ea18e24ba801d076a60aadecf3,0.0025,2,unknown_hx,0,0,unknown_hx
hxa3a13996d5fbb68c2b15f66548be6fd12483808d,0.0025,2,unknown_hx,0,0,unknown_hx
cxdd660884b8b71daf105483a41f190a808bde9ef0,15.0662380625,2,Omm ICX Debt Token,0,0,Omm
hxbe956664911403e9147e4f26c7ae368d375dfaa5,0.0025,2,unknown_hx,0,0,unknown_hx
hx7d5295f7ead7d930707b13c0823f850967a27f93,0.0025,2,unknown_hx,0,0,unknown_hx
hxfcf783161aa8383e636f8726de53066465c33c65,0.0025,2,unknown_hx,0,0,unknown_hx
hxc65a7b9bd9bb274c3f55354f62abad682ed1a1e2,0.0025,2,unknown_hx,0,0,unknown_hx
hxa11b6916934b5c9dd1586b04f5fd94bd025d7046,0.0025,2,unknown_hx,0,0,unknown_hx
hx808d033ebc5d51211b0dd840421f816b50da63aa,0.0025,2,unknown_hx,0,0,unknown_hx
hx93d40a726697eb0ef5bcbd011bcc1243902e2bee,0.0025,2,unknown_hx,0,0,unknown_hx
hxa4f966fe98073f8d77d801d6827993895d6aa68e,0.0025,2,unknown_hx,0,0,unknown_hx
hx8461ccae54a21256de781a7d5e7a7b9cae6adbc5,0.0025,2,unknown_hx,0,0,unknown_hx
hx53e0b0b8473c891f36437a4108238480524e9238,0.0025,2,unknown_hx,0,0,unknown_hx
hxa50bf4030f56dfd12d9c1e2499ff47a468640194,0.0025,2,unknown_hx,0,0,unknown_hx
hx0a1bd616878d9b78db579c7c878595b8342f25b6,0.0025,2,unknown_hx,0,0,unknown_hx
hxc4d178a61272960549a35eeac9da76dbd7264ded,0.0025,2,unknown_hx,0,0,unknown_hx
hxf8f034715a76500e60843bc09b2251fe0df47899,0.0025,2,unknown_hx,0,0,unknown_hx
hxfd75c95d79786884a04d65ddba4f9c4049caa642,0.0025,2,unknown_hx,0,0,unknown_hx
hx949767e4477faead2d6f4c8582d0ab011af92644,0.0025,2,unknown_hx,0,0,unknown_hx
hxa2e1305b18901cb6feafda7660fbf74a644d9a30,0.0025,2,unknown_hx,0,0,unknown_hx
hx928571b4991543bc883eee1a16e621104edc71cd,0.0025,2,unknown_hx,0,0,unknown_hx
hxa580701e51d869ec2ba0692ce283a4bfa947b180,0.0025,2,unknown_hx,0,0,unknown_hx
hx014c08120faa7bd6ad8a777d57c9849ece9e89f0,0.0025,2,unknown_hx,0,0,unknown_hx
hx84db234824b5f5f32a8fed5176fb2ec2e5c7c010,0.0025,2,unknown_hx,0,0,unknown_hx
hx84e63c3d29e4e000ede9684a1b2e631b15623e7d,0.0025,2,unknown_hx,0,0,unknown_hx
hx55545c254d4392f1c03bfe53a1fba791967ca1df,0.0025,2,unknown_hx,0,0,unknown_hx
hxc20bc27971d367d9bb3219f2feec36f14bac9226,0.0025,2,unknown_hx,0,0,unknown_hx
hx80e5fb0d158b9aa16d6883ac7e143132c2ef0031,0.0025,2,unknown_hx,0,0,unknown_hx
hx004fbe913ad3eb45614441ba72309d21edb81293,0.0025,2,unknown_hx,0,0,unknown_hx
hx03e9ae7a189f036f5bf01aca18e0d93ad0d3eb6b,0.0025,2,unknown_hx,0,0,unknown_hx
hx01dce1c9adf1c7fcd1420630e19d474b8bdc3ccf,0.0025,2,unknown_hx,0,0,unknown_hx
hxa00e8929eac943f2e720470ab2ee928f88b0c647,0.0025,2,unknown_hx,0,0,unknown_hx
hxb3869daa4f80f59c72ac5c3e51c8401540a39bb9,0.0025,2,unknown_hx,0,0,unknown_hx
hx9de125a498dbeb4e2b20b9dcb479902c93bb844b,0.0025,2,unknown_hx,0,0,unknown_hx
hx05dd9c4011a84a7ae420e10ff6421c07d494adb2,0.0025,2,unknown_hx,0,0,unknown_hx
hx8746d416b9c586f10cafb24b5fc869be4ba68212,0.0025,2,unknown_hx,0,0,unknown_hx
hxad05621acaa7634e7a8232d08787ced0ddbea97a,0.0025,2,unknown_hx,0,0,unknown_hx
hxae0044a67e93183f8813d526a14162f0b8a91684,0.0025,2,unknown_hx,0,0,unknown_hx
hx8a0a70079dec2785939e761ce1a2f7a46a8021bf,0.0025,2,unknown_hx,0,0,unknown_hx
hxb3f3056de97225643d64a9bf4059731d10648e99,0.0025,2,unknown_hx,0,0,unknown_hx
hx89e9fd4d5302cdcb2c5ad89c56308f32e72c3a54,0.0025,2,unknown_hx,0,0,unknown_hx
hxae54001800e5949cc33021ec078335be792c21a1,0.0025,2,unknown_hx,0,0,unknown_hx
hx756ac13949e3b62e9d41455337b7ea11619840c3,0.0025,2,unknown_hx,0,0,unknown_hx
cx84a42754868aa02884c766fa3f9b3d1fa6d0e12c,0.023662574999999998,2,Optimus Finance OMM,4,0,Omm
hx73cbd3325173888b3b9c134aeb91da95e3181434,0.0025,2,unknown_hx,0,0,unknown_hx
hx76ca31d71d0053fd3fe9358993760769ca9f9014,0.0025,2,unknown_hx,0,0,unknown_hx
hx9b402cbf72f713efd6b8d7a709cb6eb7ed7695cd,0.0025,2,unknown_hx,0,0,unknown_hx
hx73b6995e5ee75f1c9a6e201dc7a9fc4814eb5a53,0.0025,2,unknown_hx,0,0,unknown_hx
hx6e93703ed9feac776822902a044a83b357f74291,0.0025,2,unknown_hx,0,0,unknown_hx
hx99b280f197c486930a0a35e59fa428352be1fe90,0.0025,2,unknown_hx,0,0,unknown_hx
hx8921af1c7db04fde403e32ffca41c2b05ab8ed9e,0.0025,2,unknown_hx,0,0,unknown_hx
cx8f9683da09e251cc2b67e4b479e016550f154bd6,0.004410875,2,"ICONbet
 Hi - Lo",2,2,ICONbet
hxaf5b129c23a9a2f8c55cb520743cf2eeb274b43d,0.0025,2,unknown_hx,0,0,unknown_hx
hxb0da02e8f8809f10a178f5fe95c3aa8746bfdfca,0.0025,2,unknown_hx,0,0,unknown_hx
hx7129dfe1544f8e7d6c19c357eb94031e4fed3769,0.0025,2,unknown_hx,0,0,unknown_hx
hx043e71b246486ad86bda482b26ccc348ffcd357c,0.0025,2,unknown_hx,0,0,unknown_hx
hx883a0cf684103a83728b176a3676389be745c815,0.0025,2,unknown_hx,0,0,unknown_hx
hx06355ca086ea9f18b0e2b08804a633c026b43d86,0.0025,2,unknown_hx,0,0,unknown_hx
hxace1d24cd1021cc6817114d8e1112cf096e9d692,0.0025,2,unknown_hx,0,0,unknown_hx
hx860ca1fa763c3562cade392ec7ebfc3815f0b49d,0.0025,2,unknown_hx,0,0,unknown_hx
hxac1ab352c9e248446c36dd98c2f4c118d06b937a,0.0025,2,unknown_hx,0,0,unknown_hx
cxb31005e782bcbcb651fb546219899f9439c52b69,15.066243937500001,2,Omm IUSDC Debt Token,0,0,Omm
hxaa6b6e366c75ac5ce67307ab31df4e4dc7ad4e41,0.0025,2,unknown_hx,0,0,unknown_hx
hxab0d4936255fa0b81f65ab555c2f63e74b666939,0.0025,2,unknown_hx,0,0,unknown_hx
hxab584d741215039f1231dbbea56dc1d5d93f83fe,0.0025,2,unknown_hx,0,0,unknown_hx
hxab63c251abae09eecf1ec4b50f4e249baaeaa415,0.0025,2,unknown_hx,0,0,unknown_hx
hx6242c9e45fb932fd5cd59c2ea0b16d875054598f,0.0025,2,unknown_hx,0,0,unknown_hx
hx79966b4cc22bd475b8a6780982017c97c0eb50cf,0.0025,2,unknown_hx,0,0,unknown_hx
hx866236380d4e4b732fc3324f7b4eae25913fb001,0.0025,2,unknown_hx,0,0,unknown_hx
hx986981de5a604948c52e6f7e845130ea223aacd5,0.0025,2,unknown_hx,0,0,unknown_hx
hx792190bf2ece69e95bbb2c4e31dfc0ca75a18c29,0.0025,2,unknown_hx,0,0,unknown_hx
hxb99ee80efe6f943fdd1cc3cdeb7e9a17abae64c8,0.0025,2,unknown_hx,0,0,unknown_hx
hxb953647cfa94aba28fc229fed184175d5eee24d1,0.0025,2,unknown_hx,0,0,unknown_hx
cx8190de91c8831f382dcabdbc87968448380c4838,0.038254649999999904,2,Omm Governance Manager,3,1,Omm
hx64a53d5cbb622a73f7960fec34082b1498935ca1,0.0025,2,unknown_hx,0,0,unknown_hx
cx5f1cc357f2304fb2646e20211adbe137ab5852dd,0.005717475,2,GangstaBet Golden Key,2,0,GangstaBet
hxac69ccbd740b194384ec4dfdff18a06c6a733617,0.0025,2,unknown_hx,0,0,unknown_hx
hx867e13a2fbd0336666e2235c5af759b1bdf94942,0.0025,2,unknown_hx,0,0,unknown_hx
hxb85586b54e7a41ab15847c769357991a36992c69,0.0025,2,unknown_hx,0,0,unknown_hx
cx69fd9c7587dc8022b1e761d127b35cc354f96b6c,0.007741474999999999,2,Bribe Token,2,0,Bribe Token
hx65d812b676b5eb11f8bbe220cc2c221efb28cf9c,0.0025,2,unknown_hx,0,0,unknown_hx
hx06955109bd4f3b66fbd96481af268bd76ad8e182,0.0025,2,unknown_hx,0,0,unknown_hx
hxfe23da27547682ca1e9d65ad4a3ae2e52e9205fa,0.0025,2,unknown_hx,0,0,unknown_hx
hx77d7a62627b23ae21640bba85a03175ce0fef33e,0.0025,2,unknown_hx,0,0,unknown_hx
hx9e14d51bfe029d71099cfcc21014e9cfb267590a,0.0025,2,unknown_hx,0,0,unknown_hx
hx70bd8416f86e539a64f67c50e5ad5f0a413f6827,0.0025,2,unknown_hx,0,0,unknown_hx
hx449ea1d011ac4727a8e614293d545caf3a447566,0.0025,2,unknown_hx,0,0,unknown_hx
hx247e7c6b63c63d5b04c539373a0fbcffbdedd358,0.0025,2,unknown_hx,0,0,unknown_hx
hx2e263588b9ac477606d53eb6a045ee88d3fd537b,0.0025,2,unknown_hx,0,0,unknown_hx
hx14884f84f3fdf2abf5a8655d1c0809c40679e061,0.0025,2,unknown_hx,0,0,unknown_hx
hx44638d4762b176bc24abdc9a023a0896e788a23f,0.0025,2,unknown_hx,0,0,unknown_hx
hxec922a9856b1c2c35ed334b87adb8cc218a5d122,0.0025,2,unknown_hx,0,0,unknown_hx
hx42ea7915fd678f03011f8deba36dcff99f587a02,0.0025,2,unknown_hx,0,0,unknown_hx
hx2344064868c8a98a46d61a7cc3a8380435d65538,0.0025,2,unknown_hx,0,0,unknown_hx
hx39cd584dfadc80033185c4af7b51da4d18e0c76b,0.0025,2,unknown_hx,0,0,unknown_hx
hx2f0e02f583955270f2ca13eb1ded87c6f1ba4a19,0.0025,2,unknown_hx,0,0,unknown_hx
hxe445becac86427dcb1e0d1b1effa165aef74305d,0.0025,2,unknown_hx,0,0,unknown_hx
hxd24479c5aaa4eee91fbd86f620eddb13c20864c2,0.0025,2,unknown_hx,0,0,unknown_hx
hx1cf296a25b4a5689ed147165f50f3c0d56254bad,0.0025,2,unknown_hx,0,0,unknown_hx
hx1cef9175daf6c4fcf33ee6db8be63b7a5bfbc937,0.0025,2,unknown_hx,0,0,unknown_hx
hxcbf511b9a8e6acbcfb45d85a79dfedb09f1612c5,0.0025,2,unknown_hx,0,0,unknown_hx
hxc902dcf0671127670f439d5ea8beb2815ac930c5,0.0025,2,unknown_hx,0,0,unknown_hx
hxdee18b4121a27ecc52a414de9fa441571a063dc3,0.0025,2,unknown_hx,0,0,unknown_hx
hxe7cc719081a495011faefdc34516975c1d6be0a8,0.0025,2,unknown_hx,0,0,unknown_hx
hxed1009d0396a6e36653016843537a401fc79c07d,0.0025,2,unknown_hx,0,0,unknown_hx
hx4a27fb30c1ac55757e2077a04abd964a2efca22d,0.0025,2,unknown_hx,0,0,unknown_hx
hxd2e221b2fddfe0b4ffeda89bde1da651d073fcd6,0.0025,2,unknown_hx,0,0,unknown_hx
hxe811a249762b8bdde38d889d714be14538ac4643,0.0025,2,unknown_hx,0,0,unknown_hx
hx232fd5a7b09e3399d2d2206fb3bd7400618e5392,0.0025,2,unknown_hx,0,0,unknown_hx
hx232b80798e571af2093a159973041f0055993a86,0.0025,2,unknown_hx,0,0,unknown_hx
hx1b87b4c3911aa2308ec854ab9cf8a3d5aca6228d,0.0025,2,unknown_hx,0,0,unknown_hx
hx2b9d4293db4a08c2e9ea02e05f941986351f7b3e,0.0025,2,unknown_hx,0,0,unknown_hx
hxe54895cf1d063141ead704ce68ccd5e4dc0c12c6,0.0025,2,unknown_hx,0,0,unknown_hx
hxe5605235ea8155146592208973526e9dfa2c54db,0.0025,2,unknown_hx,0,0,unknown_hx
hxd05c57fe5eb54e5f0524d69e0ebec93ec4c64481,0.0025,2,unknown_hx,0,0,unknown_hx
hx22374603698e04db9f53dffd8b18d4ba101cd58a,0.0025,2,unknown_hx,0,0,unknown_hx
hx3babc776977e217427137d19ab08e4bcb21c5da9,0.0025,2,unknown_hx,0,0,unknown_hx
hx1218af5b122b7f32a1013f3d2646e49c44afc476,0.0025,2,unknown_hx,0,0,unknown_hx
hxdd367c82d78b7cfe2409bd4f76e840b7dcef95f9,0.0025,2,unknown_hx,0,0,unknown_hx
hx455d4ff8d2413e61bb9ecdd0ac2500841ac566d9,0.0025,2,unknown_hx,0,0,unknown_hx
hx227e81a8b6f5f646bfd035ea931c04e06dd3c1f5,0.0025,2,unknown_hx,0,0,unknown_hx
hxdd7cabd982227f530836e56e720237d7fe934492,0.0025,2,unknown_hx,0,0,unknown_hx
hx3af995f5a1ccbeb9bada314b290e8b44cfd10731,0.0025,2,unknown_hx,0,0,unknown_hx
hxe5234a41d909cb047d488497c37299c18be27fa6,0.0025,2,unknown_hx,0,0,unknown_hx
hx3ae0633a46ed7274da06a5c99476e3dc1617d5ae,0.0025,2,unknown_hx,0,0,unknown_hx
hx2157330d23c84427a3e7c19149bc851ae3bec78d,0.0025,2,unknown_hx,0,0,unknown_hx
hxe5fe31cd51907d316d5f172d31a9a55e8408b673,0.0025,2,unknown_hx,0,0,unknown_hx
hx20cf4984609bc58514ddf1d5575fbf98e7d2d6ff,0.0025,2,unknown_hx,0,0,unknown_hx
hx457be755723e18e484b401182af8e464b3a11561,0.0025,2,unknown_hx,0,0,unknown_hx
hx209d96f4e71d39e3ced0a0ea435cd4f782ef05bc,0.0025,2,unknown_hx,0,0,unknown_hx
hx2e0a27187bb792816bd81e8ae81d0191fabd624f,0.0025,2,unknown_hx,0,0,unknown_hx
hx1b8dd97a45bdd4995999022a6091b431acc3a833,0.0025,2,unknown_hx,0,0,unknown_hx
hx1236313f210b5dac20af6e82129bbf5366afef8f,0.0025,2,unknown_hx,0,0,unknown_hx
hx2f60fdd0bfd8f86e20da530af944993388cfccf3,0.0025,2,unknown_hx,0,0,unknown_hx
hx0d5e01b66a209804c6b447b5d2f2a89c1a80b735,0.0025,2,unknown_hx,0,0,unknown_hx
hxcdb4ed88887b780d3bc5ccf487d9e326002d4307,0.0025,2,unknown_hx,0,0,unknown_hx
hx33395ed05de6da32d12fb2319bf4293fb4dba3c9,0.0025,2,unknown_hx,0,0,unknown_hx
hxce6906ed9492b07e3b7c61191de151fc00c96520,0.0025,2,unknown_hx,0,0,unknown_hx
hx34522d14e54bbb14edab32e4b35459e5b805c116,0.0025,2,unknown_hx,0,0,unknown_hx
hx1a7206f470bacbcfbd93b4416af2da5325888021,0.0025,2,unknown_hx,0,0,unknown_hx
hx1adc2b41608d81704d775ff143f43ab6efe0d792,0.0025,2,unknown_hx,0,0,unknown_hx
hxcd1b4985886764d62dd4c67a86c701fa7411d2df,0.0025,2,unknown_hx,0,0,unknown_hx
hx32c9ca206c0bb46ba96a0fbce57c540ef20eb917,0.0025,2,unknown_hx,0,0,unknown_hx
hx25d09e5d6a54764e957bc736086e320a2de9152c,0.0025,2,unknown_hx,0,0,unknown_hx
hx308defd5d3adb00120daa7e9e984a6ff53b0933e,0.0025,2,unknown_hx,0,0,unknown_hx
hxccfcc1d8582f7b56eca3af5f6137a8b866c6963b,0.0025,2,unknown_hx,0,0,unknown_hx
hx40734362d20a5dc5128c87e5cb012ce1730f4297,0.0025,2,unknown_hx,0,0,unknown_hx
hx1ae5766eee8b1291bd7fc43574c52ca92d24f640,0.0025,2,unknown_hx,0,0,unknown_hx
hxe872d22ad693279cd7ff33f51583f4117a4610b3,0.0025,2,unknown_hx,0,0,unknown_hx
hx328a100d302cfaec5384ef572982bb39e235c0b5,0.0025,2,unknown_hx,0,0,unknown_hx
hx173a8e44a6acad3e8ac8ee501f8dcbde3810858c,0.0025,2,unknown_hx,0,0,unknown_hx
hxcf08edc2f516499a4f829a7b2008be62152ad8f7,0.0025,2,unknown_hx,0,0,unknown_hx
hxc8677a86f75adecff3354e15b5a2aac8ae0e1bdf,0.0025,2,unknown_hx,0,0,unknown_hx
hx13b8927149154ea4b996eb95de4c7eb1d6d14a4e,0.0025,2,unknown_hx,0,0,unknown_hx
hx4e159e7299a120cf9a58111f52e01acf408c8706,0.0025,2,unknown_hx,0,0,unknown_hx
hxf0e12b16a83823831ed0e3aab4634b2d3651bb1a,0.0025,2,unknown_hx,0,0,unknown_hx
hx4dfd2556cf36692aa7f354ed588eba7b43c0a010,0.0025,2,unknown_hx,0,0,unknown_hx
hx1905c5dbaf4b7325a452f81ba289a09db5c61bac,0.0025,2,unknown_hx,0,0,unknown_hx
hx4bed5cef31173fde1f7c2af92a9577a419de8b1b,0.0025,2,unknown_hx,0,0,unknown_hx
hx326d19ac3f4924696f55cd19c95c537170027bac,0.0025,2,unknown_hx,0,0,unknown_hx
hxe174e405642b059aab26c9d738c6fc188b085ef6,0.00125,1,unknown_hx,0,0,unknown_hx
hxa1c1f76887f4cb5c9471e051db073fce297ee45b,0.00125,1,unknown_hx,0,0,unknown_hx
hxa1809885e1d82595144e2ea061e9dec08e009b58,0.00125,1,unknown_hx,0,0,unknown_hx
hxa1f714e23a17137c409ea22746fd98bf2f4e4c8d,0.00125,1,unknown_hx,0,0,unknown_hx
hxe0b2fe25d8d0f52c7c758d88654ce99c4ce3415b,0.00125,1,unknown_hx,0,0,unknown_hx
hxe07e77ef911571a7bf1f5262dc69638ee076d5a9,0.00125,1,unknown_hx,0,0,unknown_hx
hxa13f96b5dfb6b4b0bf2424a48a82f0e806fcec0f,0.00125,1,unknown_hx,0,0,unknown_hx
hxa43861d711b86b0cbdee1537e669b389edb7971b,0.00125,1,unknown_hx,0,0,unknown_hx
hxa46a4f1289d4f2ba284c10cb1a199d5dc26b1d1d,0.00125,1,unknown_hx,0,0,unknown_hx
hxddb2c645cb2ac60c430ebaebbd38846ff0cee44b,0.00125,1,unknown_hx,0,0,unknown_hx
hxa18a03ba1a115054b7902c78195fa09ef7710e62,0.00125,1,unknown_hx,0,0,unknown_hx
hxa3d0a53999af1296f6b6fdc5eefe6a5a33c8d352,0.00125,1,unknown_hx,0,0,unknown_hx
hxfe1f049894342c05cd95435513a00f2d46ee582e,0.00125,1,unknown_hx,0,0,unknown_hx
hxee43238295b4596b54052d7f2fbad4c74ba704ac,0.00125,1,unknown_hx,0,0,unknown_hx
hxee5c1d04f36e46fb4a9c5b0de1e0d10b03a8ed9c,0.00125,1,unknown_hx,0,0,unknown_hx
hxeee41ae01e28f231c69f829be1d4707ddda52878,0.00125,1,unknown_hx,0,0,unknown_hx
hxa32bb814018baf8545286aeb12560a19cad6f31a,0.00125,1,unknown_hx,0,0,unknown_hx
hxdfd816570ed8ba5199e9066a06fc61cbfd3d35a4,0.00125,1,unknown_hx,0,0,unknown_hx
hxeee5b937f9d35244d2a846fe34483cfa5a48a750,0.00125,1,unknown_hx,0,0,unknown_hx
hxa335d87d561fc31cd1c196eda22f4fdbdea41bfd,0.00125,1,unknown_hx,0,0,unknown_hx
hxa28d59a7a33eaee0b563e0746acc0abc1e16c0a0,0.00125,1,unknown_hx,0,0,unknown_hx
hxdff5285260abcfa6e81dab94b73637239c20ddfb,0.00125,1,unknown_hx,0,0,unknown_hx
hxa25409a1215eaf9819e307917defeaeaea61f27a,0.00125,1,unknown_hx,0,0,unknown_hx
hxdead8b8483b1cbc27d3b97a5cf306097867535a8,0.00125,1,unknown_hx,0,0,unknown_hx
hxa23d18a466c12111540b977bd678b45bfe2a2244,0.00125,1,unknown_hx,0,0,unknown_hx
hxde5dc44f90cf9808aa7767ddbd3e4f11729de41a,0.00125,1,unknown_hx,0,0,unknown_hx
hxa3944946a2ecb6bfd48af7766f68d201d9f6f8ff,0.00125,1,unknown_hx,0,0,unknown_hx
hxde4780e1505d4d51d0cbf41611e2dfdf29685434,0.00125,1,unknown_hx,0,0,unknown_hx
hxa3b4f8bbf029257283c6dc10663d6dea3db8989a,0.00125,1,unknown_hx,0,0,unknown_hx
hxa3c3c24083e5c9e74fc2469ddc19d90f85f1f35a,0.00125,1,unknown_hx,0,0,unknown_hx
hxdfc60971d86068a4764d0b4b705267058ff07c76,0.00125,1,unknown_hx,0,0,unknown_hx
hxee1017ac87f05c0fb9168e2e20ee20d1a657d908,0.00125,1,unknown_hx,0,0,unknown_hx
hxa251883bee5bfc23373d231afeda87e8e7da9de4,0.00125,1,unknown_hx,0,0,unknown_hx
hxa410e25d87868f4ce1a65b31b0d7651d09b9ac5c,0.00125,1,unknown_hx,0,0,unknown_hx
hxc6894de4c7aa3dfe1dc240f006f17827b3047d6b,0.00125,1,unknown_hx,0,0,unknown_hx
hxa5844ffe1721c99ec96c4261f2528c36d4c2d9e4,0.00125,1,unknown_hx,0,0,unknown_hx
hxa48cb14e03ffc84b4f8aee5f34f18ad144f40226,0.00125,1,unknown_hx,0,0,unknown_hx
hxa4a005d75c61480a9970a3081f7926068d320ece,0.00125,1,unknown_hx,0,0,unknown_hx
hxa7b0572100b605676ca11e0cebfab431d37f6748,0.00125,1,unknown_hx,0,0,unknown_hx
hxa7e6736c14c7940d82fc8cf5bb276de409b728bf,0.00125,1,unknown_hx,0,0,unknown_hx
hxa7fec5293d7f08c6b33427f24ab07568bc42fb47,0.00125,1,unknown_hx,0,0,unknown_hx
hxd9f833d4d5eb6d34743e60e2f8864ed45e2b7523,0.00125,1,unknown_hx,0,0,unknown_hx
hxa8158a25fe0aee5617219edca53c1c68290f4f96,0.00125,1,unknown_hx,0,0,unknown_hx
hxa821b2020fa35e807df003ee5e8814e0df2a513d,0.00125,1,unknown_hx,0,0,unknown_hx
hxa828272023cdd821995d50592567b139699eaccb,0.00125,1,unknown_hx,0,0,unknown_hx
hxa847a95c2d3848129474f611d678b11abd7020ea,0.00125,1,unknown_hx,0,0,unknown_hx
hxd99822088f820714f86e85f3bb296d3029f8233d,0.00125,1,unknown_hx,0,0,unknown_hx
hxa88093a205c03ac169879fecdc72de701a7bee1d,0.00125,1,unknown_hx,0,0,unknown_hx
hxfd2ffed07f615b99c893fa1e813067c84571cbb8,0.00125,1,unknown_hx,0,0,unknown_hx
hxd95909bf4d8d649a37c1d81d2789a9b6fcc118f8,0.00125,1,unknown_hx,0,0,unknown_hx
hxfd025b56547e808343774ad71b776d688a6836a5,0.00125,1,unknown_hx,0,0,unknown_hx
hxa90331286cc008b6a6773616ede5ad2e94036b93,0.00125,1,unknown_hx,0,0,unknown_hx
hxd9367b818fb2e7c655b7e64de9f9538729f15add,0.00125,1,unknown_hx,0,0,unknown_hx
hxa93ff293fd493209ecd0d9d7ed3be1a08064279d,0.00125,1,unknown_hx,0,0,unknown_hx
hxd936421a6f18ae0cf740c3ecd0d1bfab84ffafb2,0.00125,1,unknown_hx,0,0,unknown_hx
hxf1970a3c6cf6deab058ba3895abcf811ba919442,0.00125,1,unknown_hx,0,0,unknown_hx
hxa95153bdd08e83fa1a0f9d5ef7159dbddb07e3b6,0.00125,1,unknown_hx,0,0,unknown_hx
hxa96b135f5868d044a5e1a5a7f76ccf4c7048915c,0.00125,1,unknown_hx,0,0,unknown_hx
hxd8fbf5d40853b44b5b8d3aa2b410ed11337eba43,0.00125,1,unknown_hx,0,0,unknown_hx
hxa99f60c826303ac588e55cb5f9c92173afa651db,0.00125,1,unknown_hx,0,0,unknown_hx
hxd8af7b83ec266f007b497a3ae2ed5fc35df6f203,0.00125,1,unknown_hx,0,0,unknown_hx
hxf1c8794ae341312ec59479f749f8beee145c8c4a,0.00125,1,unknown_hx,0,0,unknown_hx
hxfcbacff91eb928e0c055e9d316c78a52407b3082,0.00125,1,unknown_hx,0,0,unknown_hx
hxa9e55ba72b1cef13a3db12ac088f37ca5934fbaf,0.00125,1,unknown_hx,0,0,unknown_hx
hxd89affa32dd3f62b9d517e4be45880edc4015f1e,0.00125,1,unknown_hx,0,0,unknown_hx
hxda8797c7b029f154120ba8aee9eddefd1f382d77,0.00125,1,unknown_hx,0,0,unknown_hx
hxa79c5946a0c2106d9b1f983dbcb9d93278ce072b,0.00125,1,unknown_hx,0,0,unknown_hx
hxf0cd93d6c6f5f3f6ef641d9e38f34941d0b132dd,0.00125,1,unknown_hx,0,0,unknown_hx
hxf02aed58c0557f3ae94ad8416187eb9eeea3af88,0.00125,1,unknown_hx,0,0,unknown_hx
hxef1fe1e7f3d1f090628211766b2cbd233449f8f0,0.00125,1,unknown_hx,0,0,unknown_hx
hxdcacd0e909ec2b39dfbe17009f76d8c00d1b8d93,0.00125,1,unknown_hx,0,0,unknown_hx
hxef684514ff8239874d3d763e00a7384346643775,0.00125,1,unknown_hx,0,0,unknown_hx
hxdc2afc3a8e91da5d09c1b3c94b4f1dd9468fef74,0.00125,1,unknown_hx,0,0,unknown_hx
hxdbd7fc2f8fc71502f199f72bb2bb8ac5328b21e1,0.00125,1,unknown_hx,0,0,unknown_hx
hxdbb5b3548cbb0eb56c74d4c3450b03a5463871ef,0.00125,1,unknown_hx,0,0,unknown_hx
hxfd60e2556069e5946f6296906ffcf1f2b366f563,0.00125,1,unknown_hx,0,0,unknown_hx
hxe1b423a18b0bed62755797d68298c19c2912e522,0.00125,1,unknown_hx,0,0,unknown_hx
hxa5c085bd024ac3c6020df6278d78956dc193d5df,0.00125,1,unknown_hx,0,0,unknown_hx
hxa61796b5ad79befec522088ab247b291d00ce863,0.00125,1,unknown_hx,0,0,unknown_hx
hxa6187f5601b6ce1985d4ef2981b3f3fc8bc32a3c,0.00125,1,unknown_hx,0,0,unknown_hx
hxdb758a878ef4b036c926355ddbac03fb00cd33cf,0.00125,1,unknown_hx,0,0,unknown_hx
hxa6805c406d395b7b509201c0e810d887089329d5,0.00125,1,unknown_hx,0,0,unknown_hx
hxf0702d1d6ac06f2422f77e740d9927f85e7110be,0.00125,1,unknown_hx,0,0,unknown_hx
hxfd52e51e50c9c767c2dfa131072b3b7547751972,0.00125,1,unknown_hx,0,0,unknown_hx
hxdb251455b34ba279f22f272117cbd263d4e57c07,0.00125,1,unknown_hx,0,0,unknown_hx
hxdb17be9579e1c8c8a3ff72ad6c491856adf3c6c0,0.00125,1,unknown_hx,0,0,unknown_hx
hxf043808ac07b0b411d93748bed2be3cd0ae950db,0.00125,1,unknown_hx,0,0,unknown_hx
hxdaf3b8bf5844ed3ebf104f2e8f13b4f5ceff2160,0.00125,1,unknown_hx,0,0,unknown_hx
hxa6d00e807369162343806933ddcd26eb9a691cfa,0.00125,1,unknown_hx,0,0,unknown_hx
hxa70d63606c49a403dc9a2c285e0ef313da9c7f60,0.00125,1,unknown_hx,0,0,unknown_hx
hxdaa39a74c4857cbde98b333cee5c0c07fec4228e,0.00125,1,unknown_hx,0,0,unknown_hx
hxa720af2445d8914a8ea2c9270f98dd6b68eda848,0.00125,1,unknown_hx,0,0,unknown_hx
hxa73266672fdf1d1b76e39c55f811602c856c61b6,0.00125,1,unknown_hx,0,0,unknown_hx
hxa77356a0bda2579da9ee0ff3e822b117229bb435,0.00125,1,unknown_hx,0,0,unknown_hx
hxa781bb2c1c4843d31ebd3f2335629be0fcf01447,0.00125,1,unknown_hx,0,0,unknown_hx
hxe198f4444503f8992d5747771687b11a8d16ad4e,0.00125,1,unknown_hx,0,0,unknown_hx
hx9f8007688b8ace500e75fa07a06c905ff6911ec4,0.00125,1,unknown_hx,0,0,unknown_hx
hxe1d11f9fb99f29c59b3237e6f0ed3ba4f34beac9,0.00125,1,unknown_hx,0,0,unknown_hx
hx98e52f4ef74267649ac47a9139c3f679a0b0d91b,0.00125,1,unknown_hx,0,0,unknown_hx
hxe8217bcbdd856f32a1aa4847a7829300385aff51,0.00125,1,unknown_hx,0,0,unknown_hx
hx963090a9e2f36b8b5b2f9262b248721f8b02dca5,0.00125,1,unknown_hx,0,0,unknown_hx
hx96a83b88cbe10ac49bd75925a78212a65fdf58dd,0.00125,1,unknown_hx,0,0,unknown_hx
hx96c8e2fcc23fb9243aef53546962a7829c667145,0.00125,1,unknown_hx,0,0,unknown_hx
hx970c7974d6ee960ade7f1ae912269f6d3f00436f,0.00125,1,unknown_hx,0,0,unknown_hx
hxe7f4c2eea81cf4606e88e64c5c5ea8008d6e811d,0.00125,1,unknown_hx,0,0,unknown_hx
hxfefd10d095afa091d78c7d7b607505c132a835d2,0.00125,1,unknown_hx,0,0,unknown_hx
hx97214ec8144b3bac8f66fe943d656476bcd43c18,0.00125,1,unknown_hx,0,0,unknown_hx
hxec5ef847cf6fa2b105db90a8218b238f3df1975e,0.00125,1,unknown_hx,0,0,unknown_hx
hxe7d33cc0c54f696cced8891725acee130e61ef23,0.00125,1,unknown_hx,0,0,unknown_hx
hx97641bf77446d54cedfe40252bc110738590386d,0.00125,1,unknown_hx,0,0,unknown_hx
hxe7a150838714a4145fd0c7364402950e97914531,0.00125,1,unknown_hx,0,0,unknown_hx
hxe7a148716c71ffc9b7d1fb30e342c557bf853d4e,0.00125,1,unknown_hx,0,0,unknown_hx
hx976bcc0a7708f9b3ad760be93b485a21eda15856,0.00125,1,unknown_hx,0,0,unknown_hx
hxe794a0a4c485980de880841588594aa24a2061ee,0.00125,1,unknown_hx,0,0,unknown_hx
hx983247647b0cf7f94e45ed5e9c2993fbc7f27a5c,0.00125,1,unknown_hx,0,0,unknown_hx
hxe76a8703a40e86a119a1e1e5a392afa628d94923,0.00125,1,unknown_hx,0,0,unknown_hx
hxe75baca059b32d3d4cf294010f6dd354ee311448,0.00125,1,unknown_hx,0,0,unknown_hx
hxe74a282bfc24c2d8cd1995106ee663cfa7df7f01,0.00125,1,unknown_hx,0,0,unknown_hx
hx9882774c36ea4e5a26ca70eef03177be3329f623,0.00125,1,unknown_hx,0,0,unknown_hx
hx9889eba69fc367f9794b5c2e96ee180e0ac66fb9,0.00125,1,unknown_hx,0,0,unknown_hx
hxe742b6e54fc82c10c21f03fdd1aac3f8bbf5cf01,0.00125,1,unknown_hx,0,0,unknown_hx
hxe71f9e9bc721c8d241c00787b3a4342bb6b9b948,0.00125,1,unknown_hx,0,0,unknown_hx
hxe70010815cd1ddfed3e26839b0a26313d8c4a0d4,0.00125,1,unknown_hx,0,0,unknown_hx
hxe6f0d973667433e85b20e9c3e29bdb5b41d5391e,0.00125,1,unknown_hx,0,0,unknown_hx
hxe6e6004acb4997c5897ceb0dc42f0cdd95c95737,0.00125,1,unknown_hx,0,0,unknown_hx
hx98b471e1e0c8d7b28418e8f99c1bc0546069562f,0.00125,1,unknown_hx,0,0,unknown_hx
hx9619cd3f3734c44ba59040aca46a8c545343fc70,0.00125,1,unknown_hx,0,0,unknown_hx
hxe822bed2c5d2147e00f0e087803cfc5230388518,0.00125,1,unknown_hx,0,0,unknown_hx
hxe84481b275eb26a52adbe506c4a235689bc0eb61,0.00125,1,unknown_hx,0,0,unknown_hx
hxe8ddb01d8916d23f19a7feb046152de229e09928,0.00125,1,unknown_hx,0,0,unknown_hx
hxe9c6715b6ea953e61d5bc10151ff319a519273ea,0.00125,1,unknown_hx,0,0,unknown_hx
hx93eace4fb5117b4d9f76fc53e359d31356fd83d7,0.00125,1,unknown_hx,0,0,unknown_hx
hxe962c045bb50ffce663542115b03454c4d2ce694,0.00125,1,unknown_hx,0,0,unknown_hx
hxff90d806d9a3002f39fd558e7a597af08f2bff59,0.00125,1,unknown_hx,0,0,unknown_hx
hx94052e9492567fcd23a9757eb6a5a9eb9df91ab2,0.00125,1,unknown_hx,0,0,unknown_hx
hxe94f24f0ba9c0edc5b32bf0f0608abe56e8ded0f,0.00125,1,unknown_hx,0,0,unknown_hx
hx9409c2165d426a59f40bd79b063af83ed4c53434,0.00125,1,unknown_hx,0,0,unknown_hx
hxeb7cca7f528668cff89d64b9f2cd9022d4c6bca9,0.00125,1,unknown_hx,0,0,unknown_hx
hx9496d900c03a8674aedabd890d103f24ef812539,0.00125,1,unknown_hx,0,0,unknown_hx
hxe8e07b48ce0493339da8b8edd011329a51e4d39a,0.00125,1,unknown_hx,0,0,unknown_hx
hxeb950cc50f9029c01a7fa683ce59911671d148b5,0.00125,1,unknown_hx,0,0,unknown_hx
hxec153dde1ce3d4e3cb1c67f9e039fa96aef3ae23,0.00125,1,unknown_hx,0,0,unknown_hx
hx94bc3938340a5e95c11e9e625a4fa3f0296cc514,0.00125,1,unknown_hx,0,0,unknown_hx
hx96141fcafd472c583ac50632d32a6ec985d9d351,0.00125,1,unknown_hx,0,0,unknown_hx
hx94c6603999f487e962652ac3360c8ed3d071624e,0.00125,1,unknown_hx,0,0,unknown_hx
hx94cf00a5847bc78c637a721603f09374315ff6ba,0.00125,1,unknown_hx,0,0,unknown_hx
hxe88abc869cc1131ce7290e6aabbc9bbaff76e8e5,0.00125,1,unknown_hx,0,0,unknown_hx
hx950dc5fa8a002b16bf8613da058d3f2f722d4a24,0.00125,1,unknown_hx,0,0,unknown_hx
hxec5579d727b9e618e7bbe4f0bc1037dbe3b34b9e,0.00125,1,unknown_hx,0,0,unknown_hx
hx953f508b00328fa930197e9df81741ca7bc95778,0.00125,1,unknown_hx,0,0,unknown_hx
hx9565fe7960a91979d4555dc651c19923ce63a292,0.00125,1,unknown_hx,0,0,unknown_hx
hxff57d08f44fbe451402a99ed6337b88d3f13b157,0.00125,1,unknown_hx,0,0,unknown_hx
hx9578470ce076600e71f6696db902cc5a58a5aaee,0.00125,1,unknown_hx,0,0,unknown_hx
hx95cc979121c8ae5e9f5bb769e701184d937224ea,0.00125,1,unknown_hx,0,0,unknown_hx
hx95f045850e72ab019593a3a429614a0b531bc1d4,0.00125,1,unknown_hx,0,0,unknown_hx
hxe8521011141e065743e9a8c7d28ec251a6c6ba85,0.00125,1,unknown_hx,0,0,unknown_hx
hxe686daafa41dfd514bbd196d3efc0fc6c8968022,0.00125,1,unknown_hx,0,0,unknown_hx
hxe683b93c41a9848bb46a438d215156443e993fd9,0.00125,1,unknown_hx,0,0,unknown_hx
hxe1d4679da9ab85d4aa0afe874bbed0710185f759,0.00125,1,unknown_hx,0,0,unknown_hx
hx98ea345b9e7edf3412002b785d7455d83ed23d64,0.00125,1,unknown_hx,0,0,unknown_hx
hxfe397028d34bd5224c593e444b3f0e1e0ff2ffda,0.00125,1,unknown_hx,0,0,unknown_hx
hx9e167dd98444d20971a19c240a70a8ae268de648,0.00125,1,unknown_hx,0,0,unknown_hx
hx9e1e5f857bd953c5d3d4a79c6ffe6e76ac2115ee,0.00125,1,unknown_hx,0,0,unknown_hx
hx9e285ac7ee72bf411c2dc777b258e49ecf161e1a,0.00125,1,unknown_hx,0,0,unknown_hx
hx9e346a0b30611439a943738f391ed1142ea43606,0.00125,1,unknown_hx,0,0,unknown_hx
hx9e6420e4aea73ce75f284b99f669bfa9e59f4b86,0.00125,1,unknown_hx,0,0,unknown_hx
hx9f16190e225e3ab1415c94e1c3a095981ff4468c,0.00125,1,unknown_hx,0,0,unknown_hx
hxed76bfd00cf2550253816bb4c18b32f997af9fa4,0.00125,1,unknown_hx,0,0,unknown_hx
hxe408a0317d58f0c91263b9116987f5cf10499678,0.00125,1,unknown_hx,0,0,unknown_hx
hx9f3f5b8dc13f8d873d596f63bba6f83a8540692d,0.00125,1,unknown_hx,0,0,unknown_hx
hxe3ae254c7b0eb1097dae224e5c19016f877b5763,0.00125,1,unknown_hx,0,0,unknown_hx
hxd84f13f2f5656fa1aae9d75dc7413d9a6a0e3d42,0.00125,1,unknown_hx,0,0,unknown_hx
hxed97cf0deba62ffe843262f7f4596e155e8ea0b9,0.00125,1,unknown_hx,0,0,unknown_hx
hxe3916a702871cb2c71c6995c75e92e1eaa6628fb,0.00125,1,unknown_hx,0,0,unknown_hx
hx9fe3002124cdfc1ae2e7c642bb2f055ea24eb411,0.00125,1,unknown_hx,0,0,unknown_hx
hxe3853372d2fcec38b0c767a5fdff24cd85bc1e3d,0.00125,1,unknown_hx,0,0,unknown_hx
hxa03aff6290179650c8c58df1a33d8036a52787cc,0.00125,1,unknown_hx,0,0,unknown_hx
hxe31e6c5f325e82d8745e438376b72c77bb9d7988,0.00125,1,unknown_hx,0,0,unknown_hx
hxa0592dea36363c6ed0029c6aa9448cdc58cbb58b,0.00125,1,unknown_hx,0,0,unknown_hx
hxe306b017d9e555b570777a156ff37bf876cfee12,0.00125,1,unknown_hx,0,0,unknown_hx
hxe26d0cb3463906731e6057a26dcf78f814068f03,0.00125,1,unknown_hx,0,0,unknown_hx
hxe260c0e7059aeeb2537ddb33f8af4a28bd5daea3,0.00125,1,unknown_hx,0,0,unknown_hx
hxa0b1d151973b06f36c53969a737c4f88941ce6da,0.00125,1,unknown_hx,0,0,unknown_hx
hxe23efe92487061160becb7d54d75fc6d57b3e201,0.00125,1,unknown_hx,0,0,unknown_hx
hxa0b347a54cd0159a34f15d7a46d55c8104e9233d,0.00125,1,unknown_hx,0,0,unknown_hx
hxa0b57bf1cf146481c5cf34d9e245a8ff9439ea44,0.00125,1,unknown_hx,0,0,unknown_hx
hxe1f118a1ad69188a9fe64648147a683c5c561af8,0.00125,1,unknown_hx,0,0,unknown_hx
hxe455a9aeb1db69786f37bf0c5acb0a2239dd227e,0.00125,1,unknown_hx,0,0,unknown_hx
hxe4710e4e3abbfd0d291d691286e55b5188ddd678,0.00125,1,unknown_hx,0,0,unknown_hx
hxe4a11c233b9a042db2eff0d4a770f7ce76f95333,0.00125,1,unknown_hx,0,0,unknown_hx
hx9aad7556eec531b7352c5cabd9af42bab6bd7b04,0.00125,1,unknown_hx,0,0,unknown_hx
hxe66011a6aa0999577fa6e5ea2fd3340856a3587d,0.00125,1,unknown_hx,0,0,unknown_hx
hxe65bfc16f4519d4ae4272f52adff8fcc59b7c9e5,0.00125,1,unknown_hx,0,0,unknown_hx
hxe644f823d3b8734231bc456337c98f91ccd3a638,0.00125,1,unknown_hx,0,0,unknown_hx
hxe60ca2413a64bb50a8ee9428ea26bf10bd4e1fed,0.00125,1,unknown_hx,0,0,unknown_hx
hx99ab5b5351ec0d7b2d3ad891d11b2567d1442e52,0.00125,1,unknown_hx,0,0,unknown_hx
hx99c5d57168f975c0ed30ad6c4af5ce2a5e68b986,0.00125,1,unknown_hx,0,0,unknown_hx
hxe5f9cbe48b7425bb2a81d1bb66737392886d32a8,0.00125,1,unknown_hx,0,0,unknown_hx
hx9a05e4f26ed77d53be4218e3cbb52eafda757f9d,0.00125,1,unknown_hx,0,0,unknown_hx
hx9a107d0e2114d45b39cba9c26788f8103ffdde39,0.00125,1,unknown_hx,0,0,unknown_hx
hxeca550382fdc5cdcb08416d0e0e3061fb0d4cb11,0.00125,1,unknown_hx,0,0,unknown_hx
hx9a58faa4e2cb788f48e55e51ef464841bc940fdf,0.00125,1,unknown_hx,0,0,unknown_hx
hxfee4c10130d8609d4c22c209e32c268304c863d4,0.00125,1,unknown_hx,0,0,unknown_hx
hxeceafb14483c96f8c027b3a751f800ebedce609a,0.00125,1,unknown_hx,0,0,unknown_hx
hx9d4ba89f6edbb5057d2fbda0d1d46f4509d6f2dd,0.00125,1,unknown_hx,0,0,unknown_hx
hxe5b5ada57c96a698f98dac93f1940817cdc28b9f,0.00125,1,unknown_hx,0,0,unknown_hx
hx9acb79e1f621f780b3092fde1f1e10676789f243,0.00125,1,unknown_hx,0,0,unknown_hx
hx9ad52fcae8e7b8dc63cf17afb3f84a10bb5fa10a,0.00125,1,unknown_hx,0,0,unknown_hx
hx9b3ebd35f74e64e091461ac0457f1c8dd79280aa,0.00125,1,unknown_hx,0,0,unknown_hx
hxed4fe82c648c77bba9a23ff7e4d674bec35f921a,0.00125,1,unknown_hx,0,0,unknown_hx
hx9b6699d4af6851b4b14adcdd7a0041ad2d349d21,0.00125,1,unknown_hx,0,0,unknown_hx
hx9ba0067d0bb131d236d6afe6372110a07886ca05,0.00125,1,unknown_hx,0,0,unknown_hx
hx9ca329454f94e418bfff43c08126a692c751acb3,0.00125,1,unknown_hx,0,0,unknown_hx
hxe4d7d0e9260a1562a39240af65a28b63a25f47e6,0.00125,1,unknown_hx,0,0,unknown_hx
hx9cfc2c544804eba2a669f6438777bce4f3ee2a0c,0.00125,1,unknown_hx,0,0,unknown_hx
hxfe4e74c00acfdd6a57a10b4210f0d50015e5c39e,0.00125,1,unknown_hx,0,0,unknown_hx
hx9d3375018d8bfb9ef0fdf19b0e5521f18be9e4e0,0.00125,1,unknown_hx,0,0,unknown_hx
hxaa3b2c7c5737d68d3b0f1be4b1f3e3f326e58528,0.00125,1,unknown_hx,0,0,unknown_hx
hxd5d44c165952b5bce30e407003c8186337b11cce,0.00125,1,unknown_hx,0,0,unknown_hx
hxd811478b23ef1395819e060737b1987349b4f52b,0.00125,1,unknown_hx,0,0,unknown_hx
hxbcb7d90323894f35a5a34f1d9f3f153b53e2049e,0.00125,1,unknown_hx,0,0,unknown_hx
hxbd8729e78a0930bc793a2cdff70791ef00613292,0.00125,1,unknown_hx,0,0,unknown_hx
hxbd91172b7d6603e4917d5da275eb4493b824191a,0.00125,1,unknown_hx,0,0,unknown_hx
hxcaaffefa8c100c23d26bf2d2452077fe371e9b53,0.00125,1,unknown_hx,0,0,unknown_hx
hxf9a50f7a05024bccf1520e2815e973c99ae37cb7,0.00125,1,unknown_hx,0,0,unknown_hx
hxca99615b38f0dba0d0b7c838f4ea1d1936850658,0.00125,1,unknown_hx,0,0,unknown_hx
hxbdbad31105e36a1c341198198bc8ffbeaf1d03ac,0.00125,1,unknown_hx,0,0,unknown_hx
hxbdbe8e1d6c47fd94847d129c64938d20a3184ad8,0.00125,1,unknown_hx,0,0,unknown_hx
hxbdffb54722f7b37e6949bf854005395b066cc695,0.00125,1,unknown_hx,0,0,unknown_hx
hxbe0faf3d702c6bc84c5f3a64cf55052d07a2af98,0.00125,1,unknown_hx,0,0,unknown_hx
hxbe53fb2cb666f472b870cdb604cb6909957618ee,0.00125,1,unknown_hx,0,0,unknown_hx
hxbe61141b5fb695183cd087f4853124dc4f33c7c1,0.00125,1,unknown_hx,0,0,unknown_hx
hxbe8a1ef7b084008cc78871a14cd95922ba3337c3,0.00125,1,unknown_hx,0,0,unknown_hx
hxbe8c8b19748577f10293f1bf9eb2d787a1b53930,0.00125,1,unknown_hx,0,0,unknown_hx
hxf648e9bd8d3aa98fb87773bc72bd6c1a222daa69,0.00125,1,unknown_hx,0,0,unknown_hx
hxea27e0a1a42f85bab535edee1dc9d04b20fc4934,0.00125,1,unknown_hx,0,0,unknown_hx
hxca8ad60d93b42c75a954098cadeea4d7f1a25e5b,0.00125,1,unknown_hx,0,0,unknown_hx
hxbee7e9fc77eac2d2678bef25cc9322e14e2e764d,0.00125,1,unknown_hx,0,0,unknown_hx
hxca6c1b81c047680a9b29b11f2bf5a11c65804cd0,0.00125,1,unknown_hx,0,0,unknown_hx
hxbf25aa6961575549554d0195a6c9c942b27a70fc,0.00125,1,unknown_hx,0,0,unknown_hx
hxbf3a3f244041d087f438c4559b0dde222af88093,0.00125,1,unknown_hx,0,0,unknown_hx
hxca3125c3636df105b094cdb02a777e5668af4cac,0.00125,1,unknown_hx,0,0,unknown_hx
hxca10dc2e48ecf339951b91e5e25468590381dcc9,0.00125,1,unknown_hx,0,0,unknown_hx
hxbf5f1c8c9d9ddf440363aabb18b3e3440d0aa87f,0.00125,1,unknown_hx,0,0,unknown_hx
hxbf9c918138c08ae64cc3490613e6769ee8616dc0,0.00125,1,unknown_hx,0,0,unknown_hx
hxbfe45b295e78246a21793cdd08d85fdf5c9d4500,0.00125,1,unknown_hx,0,0,unknown_hx
hxbfe7af9512371059bbce2f4dbaf4a29dd989f07a,0.00125,1,unknown_hx,0,0,unknown_hx
hxbff401ad6e6a6ac60a39bd941b48227de9b8655c,0.00125,1,unknown_hx,0,0,unknown_hx
hxf94b0a1b8b6e55db9f163b7e666607cace8489cf,0.00125,1,unknown_hx,0,0,unknown_hx
hxbffbf88ae02b6e13ce7aed55fac02663267fbf72,0.00125,1,unknown_hx,0,0,unknown_hx
hxbd42f2c19f34d99b4e5a8c56009cb99ae7049ccf,0.00125,1,unknown_hx,0,0,unknown_hx
hxbc9640af4b0d253021f16728eb763197dc1f80e0,0.00125,1,unknown_hx,0,0,unknown_hx
hxb954d0b37bdc8159649989bf6843bc391974fc9d,0.00125,1,unknown_hx,0,0,unknown_hx
hxbc385baa09bd67f0d126b3621c735b4920efde15,0.00125,1,unknown_hx,0,0,unknown_hx
hxb9940a415430fb4c3ca6f2d180dd8f31d65fa3f0,0.00125,1,unknown_hx,0,0,unknown_hx
hxb9957b364eead45809deb2a4335d0b8eb6f6232e,0.00125,1,unknown_hx,0,0,unknown_hx
hxcc4eff7b00eb3fae44056522d24092dccac74186,0.00125,1,unknown_hx,0,0,unknown_hx
hxf560270f1dab0050997d6fbeedd75a2a276fef8f,0.00125,1,unknown_hx,0,0,unknown_hx
hxb9b1a81b2614b86c3802be4f8ed08853b0f3a270,0.00125,1,unknown_hx,0,0,unknown_hx
hxfa7072e91fce726dd5516cae01bb71ed4e07260b,0.00125,1,unknown_hx,0,0,unknown_hx
hxb9dc387d0024ee40ba1de52fa252684ac826cfac,0.00125,1,unknown_hx,0,0,unknown_hx
hxb9f50a521a2d05bdd06f1d008f0cfa1cfa74504b,0.00125,1,unknown_hx,0,0,unknown_hx
hxcbd95b76463b569e2ffa5130e283d8c8745456ac,0.00125,1,unknown_hx,0,0,unknown_hx
hxb9f54a65be999d20e8559e60f5a4759d978fbfc1,0.00125,1,unknown_hx,0,0,unknown_hx
hxcbc7fe634e8df13a5142b2105d0de30185843235,0.00125,1,unknown_hx,0,0,unknown_hx
hxb9fc58bbce9088a42881068a9109dfc1885d3b8a,0.00125,1,unknown_hx,0,0,unknown_hx
hxcb65802404284410ebb08b6addc85cda70488ca6,0.00125,1,unknown_hx,0,0,unknown_hx
hxba5ddf6a941a1a5d50512d95398cb93c9fda6703,0.00125,1,unknown_hx,0,0,unknown_hx
hxba9d0ceba31a3ffe931b9e8357850707678f1f34,0.00125,1,unknown_hx,0,0,unknown_hx
hxcb1898daacdb21ac99593213cfdfd2ab94847cf6,0.00125,1,unknown_hx,0,0,unknown_hx
hxfa20b16c346208aae1469a9ed651f1242848b341,0.00125,1,unknown_hx,0,0,unknown_hx
hxf9f2c3c40263856a5b38b75aae6d300be1215993,0.00125,1,unknown_hx,0,0,unknown_hx
hxbade77a20fd4bd693f42e1f85d609c9dbedfc889,0.00125,1,unknown_hx,0,0,unknown_hx
hxbb0949a3646d7023b50c69981772a2700d36963f,0.00125,1,unknown_hx,0,0,unknown_hx
hxbb0fc607a33a5af392aad7d031fcdfe15b11f9bf,0.00125,1,unknown_hx,0,0,unknown_hx
hxbb1de09b0fd1c4044fbb7ed4b99c7dbf7e10810d,0.00125,1,unknown_hx,0,0,unknown_hx
hx93cacdebe8b3adf99cebbfd02ee1714111c0011f,0.00125,1,unknown_hx,0,0,unknown_hx
hxcad557b2ba8d184d290ea8d8ce28dc1e76ea4bc7,0.00125,1,unknown_hx,0,0,unknown_hx
hxbb3a34199c48a2c922f946af630a9e563fdae1fb,0.00125,1,unknown_hx,0,0,unknown_hx
hxbb5385cbb9fd66697184a8eb0683942561d78b7e,0.00125,1,unknown_hx,0,0,unknown_hx
hxf9ba80ffaaffc5afd7fb7cb0dc8b0733694e44a6,0.00125,1,unknown_hx,0,0,unknown_hx
hxcad3428465e9fa5021d36bf1f44631c885ab1be1,0.00125,1,unknown_hx,0,0,unknown_hx
hxf608d740a1ea19979b03b75abfef8c0b5459d0af,0.00125,1,unknown_hx,0,0,unknown_hx
hxc0105062330405c5371cc050d2b4990490027c41,0.00125,1,unknown_hx,0,0,unknown_hx
hxc0135340d36a03e498712b4fc43dffdcdc8cc034,0.00125,1,unknown_hx,0,0,unknown_hx
hxc0618d2a54d8b031671304ba621764b03e27fd2b,0.00125,1,unknown_hx,0,0,unknown_hx
hxc97236784a1b1ffe919b42e39ae79c07bbbe8ea1,0.00125,1,unknown_hx,0,0,unknown_hx
hxf6df6b4cbe687c822e611fff727382b457ab6e82,0.00125,1,unknown_hx,0,0,unknown_hx
hxc8377a960d4eb484a3b8a733012995583dda0813,0.00125,1,unknown_hx,0,0,unknown_hx
hxf6f1b802066cb86444fb61d23719e86d47e81672,0.00125,1,unknown_hx,0,0,unknown_hx
hxf814af9efdfac061c1455488ee5edc1d4c204547,0.00125,1,unknown_hx,0,0,unknown_hx
hxc43ecef856e93f40151abc2bf572b12de7c4acd6,0.00125,1,unknown_hx,0,0,unknown_hx
hxc44b01abd64940c7df9e4002a4acf2e871e055e6,0.00125,1,unknown_hx,0,0,unknown_hx
hxc44cae983cbe37263d65234030d1118320de9783,0.00125,1,unknown_hx,0,0,unknown_hx
hxc820023cbf4f457c4f54d674760dbf8bef05c2ea,0.00125,1,unknown_hx,0,0,unknown_hx
hxc4ba59fe14ee963308a2264b322af79e8a9af8cf,0.00125,1,unknown_hx,0,0,unknown_hx
hxc7e08d71bf05187e7c0e2bf2dbc3071a3e090278,0.00125,1,unknown_hx,0,0,unknown_hx
hxc4f9620f8192d03bbeb174c6ba7994e307f76059,0.00125,1,unknown_hx,0,0,unknown_hx
hxc7b656677299ed804a17e8916b14fa30ec2e5662,0.00125,1,unknown_hx,0,0,unknown_hx
hxf745d1fa7012e72308b55fa22cc7f57428b8d1b9,0.00125,1,unknown_hx,0,0,unknown_hx
hxc7b3f3ea86cc46efcbf0f2a9450125380d21510b,0.00125,1,unknown_hx,0,0,unknown_hx
hxf7f65e44bf0bdf32e1b83579d0525184d1f42eb8,0.00125,1,unknown_hx,0,0,unknown_hx
hxc786925925dbd8715d683d0e4e62ca374ca66997,0.00125,1,unknown_hx,0,0,unknown_hx
hxf7ba8915db66ade5ffef15919f9c072c683b11b6,0.00125,1,unknown_hx,0,0,unknown_hx
hxc57eb8cfd63fc643956bb0bbf2a6ff2f69ec60ce,0.00125,1,unknown_hx,0,0,unknown_hx
hxc5a56658226ae261383b77671b52fe4175508014,0.00125,1,unknown_hx,0,0,unknown_hx
hxf792bbdf4409362d1023b24a6f60ac6104b907b7,0.00125,1,unknown_hx,0,0,unknown_hx
hxc5c790f4caea21544e8fafe7667dc8e0e142c7b3,0.00125,1,unknown_hx,0,0,unknown_hx
hxc5e0b88cb9092bbd8b004a517996139334752f62,0.00125,1,foundrybox,0,0,foundrybox
hxc5e536691b0e6fe4e1cc952869dc82a018acdc09,0.00125,1,unknown_hx,0,0,unknown_hx
hxc5f2fed7eba44895021f6d346d7f4fba0ecd5e9e,0.00125,1,unknown_hx,0,0,unknown_hx
hxc61110d8d9220fecaa9d52b1b6e6e4dc24aed078,0.00125,1,unknown_hx,0,0,unknown_hx
hxc754fe995b6b39a8b00deff79f059c5020478b30,0.00125,1,unknown_hx,0,0,unknown_hx
hxc65572e098ca08525031545850706fc476f168b9,0.00125,1,unknown_hx,0,0,unknown_hx
hxc65e67e0420a34c7f0035d6c981e90e2abea7c9e,0.00125,1,unknown_hx,0,0,unknown_hx
hxc6d8d0c15f718a0881b6c823c9e62a91907ca87e,0.00125,1,unknown_hx,0,0,unknown_hx
hxc402a06e3b7527af295270e6cd6fb7397ba167d6,0.00125,1,unknown_hx,0,0,unknown_hx
hxc3d06c16665450923c1430ea5cfbedf1fe7f9b93,0.00125,1,unknown_hx,0,0,unknown_hx
hxf8b7df8eaac8444c8513e1e160bda49727417609,0.00125,1,unknown_hx,0,0,unknown_hx
hxc8cbecf8503512ef12bfd3c0af4451eb4440dcca,0.00125,1,unknown_hx,0,0,unknown_hx
hxc9702b665957beb9e16a5e9face434d1726e6fba,0.00125,1,unknown_hx,0,0,unknown_hx
hxc0a2c4b422657ff499640f07606b1516e9935b9b,0.00125,1,unknown_hx,0,0,unknown_hx
hxc0ffeeee48675c1567d70c2adbf653b845dffe42,0.00125,1,unknown_hx,0,0,unknown_hx
hxc947884d3702db283fffa16c388cf4309a61fb5f,0.00125,1,unknown_hx,0,0,unknown_hx
hxc158af4d58366e0531d4b5e04c48cb3d8d1142d9,0.00125,1,unknown_hx,0,0,unknown_hx
hxc19ed4d27e42f750400d4a52c5d65affbc168a7c,0.00125,1,unknown_hx,0,0,unknown_hx
hxc1c269e617be9b63c49255f393036859bbf60f8a,0.00125,1,unknown_hx,0,0,unknown_hx
hxc9342939a0963cb6414635d9304300162c2d10a2,0.00125,1,unknown_hx,0,0,unknown_hx
hxc1c30cd3b3d2a252fda00337c74ed3bbbb2ba941,0.00125,1,unknown_hx,0,0,unknown_hx
hxc1f312451e9f4750a43fce7c25b18ffe290467f0,0.00125,1,unknown_hx,0,0,unknown_hx
hxc8f038098d7a589ce63bbbc2489388051a12697c,0.00125,1,unknown_hx,0,0,unknown_hx
hxf6580682660c13fdc0e6da94cda523421c616ec2,0.00125,1,unknown_hx,0,0,unknown_hx
hxf687a02858ece076a864103c3c149236cd62fcd6,0.00125,1,unknown_hx,0,0,unknown_hx
hxc8931d3b5938d15aed21a88c72d4c226d66f9566,0.00125,1,unknown_hx,0,0,unknown_hx
hxc3ade9f13cba1b950ac1ae652195d8b681004038,0.00125,1,unknown_hx,0,0,unknown_hx
hxc2a82fec58bd8753d8804f3a75a90fde7da55a6d,0.00125,1,unknown_hx,0,0,unknown_hx
hxc2d3ce989aa8ad083eabfe9f04873374e2cf1721,0.00125,1,unknown_hx,0,0,unknown_hx
hxf69b4894eeb3a53a4387da13e730e67329965fd7,0.00125,1,unknown_hx,0,0,unknown_hx
hxf91dc989dd1b43762162bc41e30b385a7ea3d44c,0.00125,1,unknown_hx,0,0,unknown_hx
hxc32b989ffe0bc05d5c6e621a052194372dc4f3bd,0.00125,1,unknown_hx,0,0,unknown_hx
hxc88dd88ec2cc0ee589694b5c81af92116efe0e11,0.00125,1,unknown_hx,0,0,unknown_hx
hxc889fcf854f3b2bd2b6d4a0f1e379b33bda26342,0.00125,1,unknown_hx,0,0,unknown_hx
hxc36a2adef113397fa9746b65fc90e41c1d7812c5,0.00125,1,unknown_hx,0,0,unknown_hx
hxf8dad3320fbb7bb2410f76860d3bf9e744ae9c91,0.00125,1,unknown_hx,0,0,unknown_hx
hxc36cda73ada6132fe9384b73a4f9b4add034b432,0.00125,1,unknown_hx,0,0,unknown_hx
hxc389b6d885424bf342f9f69be328b52eb87b848e,0.00125,1,unknown_hx,0,0,unknown_hx
hxc38a256b2d17f4d20fa436c90b69a5faf895dcf8,0.00125,1,unknown_hx,0,0,unknown_hx
hxf8c64714be4b0308c0c1785fb1548da59f6e0a9e,0.00125,1,unknown_hx,0,0,unknown_hx
hxb966f07480ffadd9f2d32bb3b8c64fb12d0bcc11,0.00125,1,unknown_hx,0,0,unknown_hx
hxcca4b6c293387979c3cb76a60add5c620681ea8a,0.00125,1,unknown_hx,0,0,unknown_hx
hxf1dcfb7c30e312048dd3ec67990e0c168e270279,0.00125,1,unknown_hx,0,0,unknown_hx
hxfc51f2cefbc242999e747770c4c74bdeb6a655d4,0.00125,1,unknown_hx,0,0,unknown_hx
hxf2eda126e2774c5d233779ce6b6b5971b96c9c72,0.00125,1,unknown_hx,0,0,unknown_hx
hxd2978eb1e6153565d90c63d486af473adf69ad47,0.00125,1,unknown_hx,0,0,unknown_hx
hxaf5796dc0ad562d579d943cccced1c3e9d8e7300,0.00125,1,unknown_hx,0,0,unknown_hx
hxd26935984c816c1bcc0f3408dc1bf4966b8c3de1,0.00125,1,unknown_hx,0,0,unknown_hx
hxd235b028fd6e37ba41107d74d6b5808658401d59,0.00125,1,unknown_hx,0,0,unknown_hx
hxafac9fe148668eda1da9310e1ceeba9b439b936f,0.00125,1,unknown_hx,0,0,unknown_hx
hxafc648ff78e1a595450f99bc86f736030c748745,0.00125,1,unknown_hx,0,0,unknown_hx
hxf31c01deb819a69df88c9b0b675ab01a7dacf8a0,0.00125,1,unknown_hx,0,0,unknown_hx
hxafeb438f1b4a8fbadcc76cbacce988a6216f0cec,0.00125,1,unknown_hx,0,0,unknown_hx
hxb0247e4656a2a5ec9d38741915d8fdc36f494df0,0.00125,1,unknown_hx,0,0,unknown_hx
hxb06f63fab7af56e63c8029ea1c11bd832976bba3,0.00125,1,unknown_hx,0,0,unknown_hx
hxd1e3b00978609be269f0b2ee0486997e635c7ac9,0.00125,1,unknown_hx,0,0,unknown_hx
hxd1e180766d6ba20bf5b3d780189e82ed568eebc4,0.00125,1,unknown_hx,0,0,unknown_hx
hxfc4115372d68329b0cfff7bea93b59223ac9149d,0.00125,1,unknown_hx,0,0,unknown_hx
hxb0b2935705ad8e166d24c17b55dc94c8261e3646,0.00125,1,unknown_hx,0,0,unknown_hx
hxb0bfd7e43e8f95a64ff225596a085e71c1357bb4,0.00125,1,unknown_hx,0,0,unknown_hx
hxd1d4fbb8dd2768b89c93a68af71ab18dca8ac52b,0.00125,1,unknown_hx,0,0,unknown_hx
hxd1997d0ea952eefe895833bb7da4bcd3cb9bcc7b,0.00125,1,unknown_hx,0,0,unknown_hx
hxb0fe0b8f978c964287fcad7c7143e26f5de4c2dd,0.00125,1,unknown_hx,0,0,unknown_hx
hxb13a7fd9a0010bd6eb3bfe738d066bbbab7026db,0.00125,1,unknown_hx,0,0,unknown_hx
hxd18001dce0ec7b97dc505b0db1fc7c49ecc71936,0.00125,1,unknown_hx,0,0,unknown_hx
hxb176f3a9ab2094b1ab0e7ff8f0636cdd449c9dcf,0.00125,1,unknown_hx,0,0,unknown_hx
hxb17745d715f488307816fb9d2861bc2d08c39e5c,0.00125,1,unknown_hx,0,0,unknown_hx
hxfc2ce84c9941c85360a7d33cc7bb9edcf7d79bf2,0.00125,1,unknown_hx,0,0,unknown_hx
hxb1e18316f3754dfb338498e50051a8b22aa42246,0.00125,1,unknown_hx,0,0,unknown_hx
hxb2945e349777e03841ff2fdddb65ecb9d738e3da,0.00125,1,unknown_hx,0,0,unknown_hx
hxb2e421e7d4a94a384da1a3f1ba24f08be688cd6f,0.00125,1,unknown_hx,0,0,unknown_hx
hxb2fd2658c6ee2a26f511dc5a2bc1918142d094ca,0.00125,1,unknown_hx,0,0,unknown_hx
hxd148381e590fa2077065f4a47937609d29c7216b,0.00125,1,unknown_hx,0,0,unknown_hx
hxfc4675c31b83624319c9263dc928a82175d8cfc0,0.00125,1,unknown_hx,0,0,unknown_hx
hxaec5c7e3c55baaab377b2aaf61b16d0a3f0c6608,0.00125,1,unknown_hx,0,0,unknown_hx
hxb95012fb17f5fc162757d2413de19f50e3395a56,0.00125,1,unknown_hx,0,0,unknown_hx
hxd38a359f86ff6ae7a70e41a08c0cc1dbfb5fb333,0.00125,1,unknown_hx,0,0,unknown_hx
hxab1a49b9aac546a44873725f7b3e65b1bbbaa634,0.00125,1,unknown_hx,0,0,unknown_hx
hxd6e811c338deffec1502187fef8e65e8cba2b8e1,0.00125,1,unknown_hx,0,0,unknown_hx
hxd6ca879ef5f6a79ecd3faa845c331ed8082a5b35,0.00125,1,unknown_hx,0,0,unknown_hx
hxd64a0ebd3d6c4c348a28eeefbbcd3d6e4c1d9a63,0.00125,1,unknown_hx,0,0,unknown_hx
hxfc95ca7971fc2a9b3a3bee53575e1cf47726c1a8,0.00125,1,unknown_hx,0,0,unknown_hx
hxab6abf623c015f18f257fa0245f685f532e2598b,0.00125,1,unknown_hx,0,0,unknown_hx
hxf22b6d5614ae7578623dfac052e25e1e1a381f03,0.00125,1,unknown_hx,0,0,unknown_hx
hxfc9599be5b118ced6eedca10715392b498bf5a1c,0.00125,1,unknown_hx,0,0,unknown_hx
hxabcdd239daf47fe78858f4fe745d896cda739bfe,0.00125,1,unknown_hx,0,0,unknown_hx
hxfc61f01ecb170a8ce7545c03aa9bd9e16693c363,0.00125,1,unknown_hx,0,0,unknown_hx
hxf74f04a064ac506ebd1c83701fe1eb292bb431de,0.00125,1,unknown_hx,0,0,unknown_hx
hxd59448d0c38430096b3de328c50147d9d84da4e6,0.00125,1,unknown_hx,0,0,unknown_hx
hxac3501f0400df5936b477fe1870557efc7dc6a43,0.00125,1,unknown_hx,0,0,unknown_hx
hxac60f1f7c0a5a880e04797160910db5a4f7eef8c,0.00125,1,unknown_hx,0,0,unknown_hx
hxd57fc7e32eea73acca7c3ae9d7233d4e0c31a3ce,0.00125,1,unknown_hx,0,0,unknown_hx
hxf2307700d87ff54ebfb7242d42e26e67b7db82af,0.00125,1,unknown_hx,0,0,unknown_hx
hxd56a13ea1780153328a2d892f711db83a17f0f37,0.00125,1,unknown_hx,0,0,unknown_hx
hxacdf8adbb5e67fc5150181f104c318385732d7d3,0.00125,1,unknown_hx,0,0,unknown_hx
hxd546f6be91fa44d31e5f61a2d4a7aef0413dc229,0.00125,1,unknown_hx,0,0,unknown_hx
hxace5602e649d0ac9c8be9e2b95322a8e62de0955,0.00125,1,unknown_hx,0,0,unknown_hx
hxd53501fa9e1d92f9d2ad510526e411211ee32472,0.00125,1,unknown_hx,0,0,unknown_hx
hxd5208c25b292c88799a41b8cfbb7864a110cd69c,0.00125,1,unknown_hx,0,0,unknown_hx
hxd436822c999d7ce051dca682881f49802fd768c4,0.00125,1,unknown_hx,0,0,unknown_hx
hxfc56b042640477fa4af3d42c579fbb6b6ac18f26,0.00125,1,unknown_hx,0,0,unknown_hx
hxad7193d95ab69092a59aae728087c9f1fde666a0,0.00125,1,unknown_hx,0,0,unknown_hx
hxd41701d23154ee714a5f87ea3f6d83d81468269c,0.00125,1,unknown_hx,0,0,unknown_hx
hxd40a79c8c885fa4b90495d7bfa999fc3f4c84311,0.00125,1,unknown_hx,0,0,unknown_hx
hxae7f4b24a3d1babb3791d8cd3692c4119544f492,0.00125,1,unknown_hx,0,0,unknown_hx
hxd3e8f032952f2aa3ec8e880ec07428c128a01b64,0.00125,1,unknown_hx,0,0,unknown_hx
hxb31bbb1dc3dee870ac38adc9debe392afd947876,0.00125,1,unknown_hx,0,0,unknown_hx
hxb32e40dd7dcc3f3d3aa0200a92f16d54f91e70f7,0.00125,1,unknown_hx,0,0,unknown_hx
hxd13b42187fd9a9de63a6bd1c8f0b760cd465c5c5,0.00125,1,unknown_hx,0,0,unknown_hx
hxb33cf56ecd2e6ed4a615e17014a1161613b87670,0.00125,1,unknown_hx,0,0,unknown_hx
hxfac5eba970650611272da3f595d63c2fe8ce9b3e,0.00125,1,unknown_hx,0,0,unknown_hx
hxb61e6c837849ddf7cfd2855d8b73caff24fcba1c,0.00125,1,unknown_hx,0,0,unknown_hx
hxb667108efa5cb7f9052332e916b40c263d9d65ec,0.00125,1,unknown_hx,0,0,unknown_hx
hxb673cb5678f3974bd423a445eefa3c544bee90d4,0.00125,1,unknown_hx,0,0,unknown_hx
hxb679371c27aa43dffec62700dbae5f53b774678d,0.00125,1,unknown_hx,0,0,unknown_hx
hxb6bba8401e33e9f525bd5da5a251dda7de94d29f,0.00125,1,unknown_hx,0,0,unknown_hx
hxb6e343ae7c8ec9cca7dfa266c25d7eb0158cad7b,0.00125,1,unknown_hx,0,0,unknown_hx
hxced018551af1ebf840493959b358b6e3b76a1071,0.00125,1,unknown_hx,0,0,unknown_hx
hxb70e481ee4806d83ff2e068a937b4e964417c50d,0.00125,1,unknown_hx,0,0,unknown_hx
hxb73625b782e326611f05b3d481c176f5d7e41a65,0.00125,1,unknown_hx,0,0,unknown_hx
hxf406a55a1d8d86af3cff7d7b2fd46bd48665990f,0.00125,1,unknown_hx,0,0,unknown_hx
hxce6d3e497f50d36a265a5ce4df72d45e2c2431d4,0.00125,1,unknown_hx,0,0,unknown_hx
hxf51623f0b1103328cd7684dc789ee9d291b8420e,0.00125,1,unknown_hx,0,0,unknown_hx
hxb7bd8028cf96209af7d9ca0754253f88110d0e43,0.00125,1,unknown_hx,0,0,unknown_hx
hxb7d335e7a43b4901489aa8d86ca6bf01567decfb,0.00125,1,unknown_hx,0,0,unknown_hx
hxb7d862625548b1474f354e91da49aa2cbf4f7312,0.00125,1,unknown_hx,0,0,unknown_hx
hxb7ff65660f88bd08531b5c5e66360f921f80b339,0.00125,1,unknown_hx,0,0,unknown_hx
hxb8159efe32a2f2823c76336b3ac838a7ec47bc09,0.00125,1,unknown_hx,0,0,unknown_hx
hxb83f7921c218130446db59af13e1b0ad74be0332,0.00125,1,unknown_hx,0,0,unknown_hx
hxb8550c67420ade222311e4aef75ab1dd9d4d3d4f,0.00125,1,unknown_hx,0,0,unknown_hx
hxcda7024da15ddcdd6c93778b2960c63aa550b0db,0.00125,1,unknown_hx,0,0,unknown_hx
hxb85fc01a8d6bb9578797ed9ea46b977b6fed7589,0.00125,1,unknown_hx,0,0,unknown_hx
hxcd0468456297378f38d022c35c85958b75c58e0e,0.00125,1,unknown_hx,0,0,unknown_hx
hxb8d2cb3ba25d11484af547ee76065523024107a4,0.00125,1,unknown_hx,0,0,unknown_hx
hxb90d94b71c4a0567483d122dfb61fa457be18b93,0.00125,1,unknown_hx,0,0,unknown_hx
hxb92a5c87df90b0d80e48048babcd4847d845b88f,0.00125,1,unknown_hx,0,0,unknown_hx
hxb92b6a685855ded505b537cfc696d01b6286755c,0.00125,1,unknown_hx,0,0,unknown_hx
hxb942e693897ca6c6e1438f28c24b701f1592f40d,0.00125,1,unknown_hx,0,0,unknown_hx
hxccb3fe54943ad22abdd8b4774444a2efc3f5dfba,0.00125,1,unknown_hx,0,0,unknown_hx
hxcf0e627e54df2b71a580ae42fdf68929da951f04,0.00125,1,unknown_hx,0,0,unknown_hx
hxcf3ccbffc4aadbfe1b6271074ced8a0e89a8c8d2,0.00125,1,unknown_hx,0,0,unknown_hx
hxcf435423b123af67b26617ee4c9b93587cb0778a,0.00125,1,unknown_hx,0,0,unknown_hx
hxb433c9b4cbb1643e8c3b169fcd250d3823666bf2,0.00125,1,unknown_hx,0,0,unknown_hx
hxb3806a041c71f9ad62467d950a027aa071bd206b,0.00125,1,unknown_hx,0,0,unknown_hx
hxd0eb0859d76938224dd02fcc83d6c32eb6a6769f,0.00125,1,unknown_hx,0,0,unknown_hx
hxd05c07f3b9a01faebad25b6ba250da6a906cd324,0.00125,1,unknown_hx,0,0,unknown_hx
hxf384304f7df06f0cfd87453c61b64000fad05804,0.00125,1,unknown_hx,0,0,unknown_hx
hxb38cdc8e48230607b6f91da1d3d8b6d50decc511,0.00125,1,unknown_hx,0,0,unknown_hx
hxb39d7ade7c467959c5bbba18a1393d4fbcea6631,0.00125,1,unknown_hx,0,0,unknown_hx
hxfbf161da26bdda5609f8b15773eb1754389eb843,0.00125,1,unknown_hx,0,0,unknown_hx
hxb3a9d9ea173ed7e31b1df768be26253e9b4cb232,0.00125,1,unknown_hx,0,0,unknown_hx
hxd01d3817b8196b73f40bfc8dbe21f7b743fcdac9,0.00125,1,unknown_hx,0,0,unknown_hx
hxfbde220dc7f3c95e3a36099654a4dc0d75c69d0f,0.00125,1,unknown_hx,0,0,unknown_hx
hxb3f17ee882f5ac89721334867d13c1d27264bfc5,0.00125,1,unknown_hx,0,0,unknown_hx
hxf3d16c460cbb4aeddf869b6c17630647b3ed46f2,0.00125,1,unknown_hx,0,0,unknown_hx
hxcfba955913059d670533a6d556ce6f2f4a4cf2a9,0.00125,1,unknown_hx,0,0,unknown_hx
hxfbb2db049414ca108aad4404949f3296bb460b15,0.00125,1,unknown_hx,0,0,unknown_hx
hxb5dd08eb16eda6a76f45e188db014d46c5bd8343,0.00125,1,unknown_hx,0,0,unknown_hx
hxfba51a9d7b4b6ec36e41590c9d368c4a305991a5,0.00125,1,unknown_hx,0,0,unknown_hx
hxb43763c034a0a23f9fb97e3e415f92a01bde57ec,0.00125,1,unknown_hx,0,0,unknown_hx
hxcfb15804b86f0323a8ab0201e4aa83a4fccf3fd9,0.00125,1,unknown_hx,0,0,unknown_hx
hxb449ff72b4100a7d0f4e5986ac2f8a77787066e3,0.00125,1,unknown_hx,0,0,unknown_hx
hxb46e92258af5ab928d087cee473c4a1a03d09805,0.00125,1,unknown_hx,0,0,unknown_hx
hxcfa2565ad5dc741346039ebbbc278781baf99a7c,0.00125,1,unknown_hx,0,0,unknown_hx
hxcf5b54757ad9b225dafc947cb40693c73d1a30ca,0.00125,1,unknown_hx,0,0,unknown_hx
hxfaed5e55ce10b8d74c0d58cdd564bd39cd829440,0.00125,1,unknown_hx,0,0,unknown_hx
hxb4955259a5023b73b791527c001cd32d577e3f9b,0.00125,1,unknown_hx,0,0,unknown_hx
hxb49d8d3917f2f12095a6344f6d0adb7a725d59b3,0.00125,1,unknown_hx,0,0,unknown_hx
hxb4d0be6b30fe4c44f68b9b9941389df0bfb8c983,0.00125,1,unknown_hx,0,0,unknown_hx
hxcf5a68a1c4fbc0e87efefa54ecf23527173d987b,0.00125,1,unknown_hx,0,0,unknown_hx
hxb53936fdb64279d4444a8796a17111ae419300e5,0.00125,1,unknown_hx,0,0,unknown_hx
hxea29380161a4fc7fd7d2be72d4f29fdb34f2df54,0.00125,1,unknown_hx,0,0,unknown_hx
hx7e33d6d7e73f6c5a0490b07ec01261a349f0b9ce,0.00125,1,unknown_hx,0,0,unknown_hx
hx93b70251b4d8f2fadb198fc84dafd65b3777cf63,0.00125,1,unknown_hx,0,0,unknown_hx
hx301e544722768edd210602259e8063a0c1507cc5,0.00125,1,unknown_hx,0,0,unknown_hx
hx31c111acbaf9f4bb4fd3a4c88aee25d03a19583e,0.00125,1,unknown_hx,0,0,unknown_hx
hx31be4d39fbaee72ad3e523005a798c172507db46,0.00125,1,unknown_hx,0,0,unknown_hx
hx31ae604ea3664e8cb9433328c601beb491220402,0.00125,1,unknown_hx,0,0,unknown_hx
hx315331fb4990d7a454431532fa4adf6f4a13cf29,0.00125,1,unknown_hx,0,0,unknown_hx
hx3138caad195e76b7e5b1c4c80d1164123395f705,0.00125,1,unknown_hx,0,0,unknown_hx
hx30f5d1322bd24658dd2ab5a1dddccdd0fa3a2290,0.00125,1,unknown_hx,0,0,unknown_hx
hx307c01535bfd1fb86b3b309925ae6970680eb30d,0.00125,1,velic_hot,0,0,velic
hx30575974b09bdd88bc93b8731cbea0cdb5dbf12a,0.00125,1,unknown_hx,0,0,unknown_hx
hx304ccea5f397fde815b548b0f201867a6765dfd0,0.00125,1,unknown_hx,0,0,unknown_hx
hx2ff73c667634ed2e01da79e3f1811d7bb7e6accb,0.00125,1,unknown_hx,0,0,unknown_hx
hx24de03e9c3fae173fcab7670a14125d489191214,0.00125,1,unknown_hx,0,0,unknown_hx
hx2fd84c349029cd2a3de199abd4b1831936b31826,0.00125,1,unknown_hx,0,0,unknown_hx
hx2fa996102edf4990ef43f081d63ebd702eb783a5,0.00125,1,unknown_hx,0,0,unknown_hx
hx2f5f84154da4bacb3f3cc5d05854b3dfd0225b6a,0.00125,1,unknown_hx,0,0,unknown_hx
hx2f5230ef71564754724fd032c2ab7ac268f76762,0.00125,1,unknown_hx,0,0,unknown_hx
hx2f28db420145612a2c57dae4beeafcef8e2b8437,0.00125,1,unknown_hx,0,0,unknown_hx
hx2ec1240b8859676d1ce61a8e8ff43f5ce2eca774,0.00125,1,unknown_hx,0,0,unknown_hx
hx2e8411e1f3bb97048c59d39b366fb4f5c781bc71,0.00125,1,unknown_hx,0,0,unknown_hx
hx2e81a6212907f5d77bba03545d64ee35c02edd0e,0.00125,1,unknown_hx,0,0,unknown_hx
hx2e37c152cba551f83e0a8647148f3ae8f8b97b9f,0.00125,1,unknown_hx,0,0,unknown_hx
hx31eeb875923cdb0f48586f63b6246744d1437fec,0.00125,1,unknown_hx,0,0,unknown_hx
hx31f4c399ece23adcd636eecce39ccd7bb769c92b,0.00125,1,unknown_hx,0,0,unknown_hx
hx3234c070936fc266eda9e3633226155187e599f9,0.00125,1,unknown_hx,0,0,unknown_hx
hx327980537889138781ab2a665cab99f5fb6daca8,0.00125,1,unknown_hx,0,0,unknown_hx
hx37d37125a031ec1555cbb3d09307b8a88e5f579d,0.00125,1,unknown_hx,0,0,unknown_hx
hx37cb968139c48f421b7c2f66d1ee2d923abb6fce,0.00125,1,unknown_hx,0,0,unknown_hx
hx3761f7a54676c9863f7ea260599b836790805344,0.00125,1,unknown_hx,0,0,unknown_hx
hx36d5324acd3b5290b26681b49e58ba21c847d4dd,0.00125,1,unknown_hx,0,0,unknown_hx
hx36cec37a3f73ff977f60975fe6f9ecfadfab7f7d,0.00125,1,unknown_hx,0,0,unknown_hx
hx36c65fe19b624a72e657a2d9b4ab216794f6f20b,0.00125,1,unknown_hx,0,0,unknown_hx
hx35fffc067d296ea0dcc22f65ebdfcd9f496f706c,0.00125,1,unknown_hx,0,0,unknown_hx
hx35f4c940313d020a80e9ec6668106857146797e2,0.00125,1,unknown_hx,0,0,unknown_hx
hx35bba46531107fa3a35fee85fe0a55aa119db01c,0.00125,1,unknown_hx,0,0,unknown_hx
hx3565cacdcb29582590929e3afd5c8064b61b7b1f,0.00125,1,unknown_hx,0,0,unknown_hx
hx3527457d748b4b48cd5ade2464ed2c39c436bbf7,0.00125,1,unknown_hx,0,0,unknown_hx
hx34e579817e8d060f9a891960371cd5e8fe5ef184,0.00125,1,unknown_hx,0,0,unknown_hx
hx34c4b04e4f360de2c25de4ef254b5915ff46e0e8,0.00125,1,unknown_hx,0,0,unknown_hx
hx34a7ea91e030e72a357ea2bea810a2b36ad9c7c1,0.00125,1,unknown_hx,0,0,unknown_hx
hx3461ea8b99dbdaeeed6fa6af9150d503dfb3eeb6,0.00125,1,unknown_hx,0,0,unknown_hx
hx332e7719aa5dbd3d37b7b69b30389650b746d8d5,0.00125,1,unknown_hx,0,0,unknown_hx
hx33228a1b3c792206046dd92de1a0466d6d2911ec,0.00125,1,unknown_hx,0,0,unknown_hx
hx331651daf4768603bc6887ff6b0b1bb0fa4d4b06,0.00125,1,unknown_hx,0,0,unknown_hx
hx32ecb97ebb58bbe01f635b9a06def01fea8c967c,0.00125,1,unknown_hx,0,0,unknown_hx
hx2e07660c26b54ea21a32954e3eb4c4cf368f6907,0.00125,1,unknown_hx,0,0,unknown_hx
hx2db89310265d5aa5fd0d3fbe580c947b44bded2a,0.00125,1,unknown_hx,0,0,unknown_hx
hx2d825e20133b1f14847952fc805e7763258d7eac,0.00125,1,unknown_hx,0,0,unknown_hx
hx2958df1cbf6d482930b732edfa9347673cb83a8d,0.00125,1,unknown_hx,0,0,unknown_hx
hx28ae0bba9f1cd22db905fed654c1a0ba2d9f15de,0.00125,1,unknown_hx,0,0,unknown_hx
hx2893ce4681204f27c6befba7e15c1d3391a0c09d,0.00125,1,unknown_hx,0,0,unknown_hx
hx288784f83f8736ab3e274c2e2962f3eb36ddb349,0.00125,1,unknown_hx,0,0,unknown_hx
hx284e375c200314afb5eaff832254998b53415f81,0.00125,1,unknown_hx,0,0,unknown_hx
hx283afedb30179df968b94f6524874afb778bb5a7,0.00125,1,unknown_hx,0,0,unknown_hx
hx28268629440bb7f00b55d7424f974eb6e6dd1523,0.00125,1,unknown_hx,0,0,unknown_hx
hx27efe665ac24d8a8730406bf22d45116b009b9af,0.00125,1,unknown_hx,0,0,unknown_hx
hx279426eda879e73463c915f40fe78ec396cf09fb,0.00125,1,unknown_hx,0,0,unknown_hx
hx275818acbe2d285e3ab273fe38d9ebcd85767bd7,0.00125,1,unknown_hx,0,0,unknown_hx
hx27355179a0a3ed4f19dfb9b1ca0618111af8cc02,0.00125,1,unknown_hx,0,0,unknown_hx
hx271f1d3fd9f0a837bd9b00edf173d7b69a25b452,0.00125,1,unknown_hx,0,0,unknown_hx
hx26e654aefde4502f45e633251a62d053a8bc90fb,0.00125,1,unknown_hx,0,0,unknown_hx
hx26a08630f8cadc1266e11d2cb3b8e2b629407949,0.00125,1,unknown_hx,0,0,unknown_hx
hx26815071bfd4b1e0693ee6defd5db98e34e39bf0,0.00125,1,unknown_hx,0,0,unknown_hx
hx266a46f527eb74bf23639d4fea8227170c8c659a,0.00125,1,unknown_hx,0,0,unknown_hx
hx25f13dedf2a805e866d32052f36209194b870638,0.00125,1,unknown_hx,0,0,unknown_hx
hx25c819716008e7644aa17d340bd4ad4d1906cdbc,0.00125,1,unknown_hx,0,0,unknown_hx
hx25bd1ae2058f64326e9eb6d9569ea076b95e50be,0.00125,1,unknown_hx,0,0,unknown_hx
hx25bbe7adb8b6e9cdd8e58b4d9a6d58f33c34594d,0.00125,1,unknown_hx,0,0,unknown_hx
hx28dd0ed888cecd02125b08329ce2bc7ec96be077,0.00125,1,unknown_hx,0,0,unknown_hx
hx29688319907913eef1412a1c3eda7c022c1df6b2,0.00125,1,unknown_hx,0,0,unknown_hx
hx2d610b45d5376cd4d21b6252a2dc9998fa9da44a,0.00125,1,unknown_hx,0,0,unknown_hx
hx2988783c8b8f6c7cab905605e272eee3d0d0daff,0.00125,1,unknown_hx,0,0,unknown_hx
hx2d335a08682e572fbbd6fb22cb53051af1e517ed,0.00125,1,unknown_hx,0,0,unknown_hx
hx2d058c3434e950c53e621a6e32b03cfff0807075,0.00125,1,unknown_hx,0,0,unknown_hx
hx2cd131b55f3f2e15fb6001043f9bf61121d2a3c6,0.00125,1,unknown_hx,0,0,unknown_hx
hx2cd01937f3ae032c521c66a3b3ebdce5817f6478,0.00125,1,unknown_hx,0,0,unknown_hx
hx2c2951d8e3693b2a226e276ccc19303c436246a9,0.00125,1,unknown_hx,0,0,unknown_hx
hx2be8c1cf96fa6685d848d7798408a3e5941a8d82,0.00125,1,unknown_hx,0,0,unknown_hx
hx2bd49ec0564f829397e1bed1500ba32b99dbb817,0.00125,1,unknown_hx,0,0,unknown_hx
hx2b9fd10644dc7516f8461400358b5bd016e7980e,0.00125,1,unknown_hx,0,0,unknown_hx
hx2b90b27aeaa5cbf64eaf2f4f517f7dd960166afb,0.00125,1,unknown_hx,0,0,unknown_hx
hx2b87943eccbf25730f77fe039a6989fae6ae1e8d,0.00125,1,unknown_hx,0,0,unknown_hx
hx2b69c629ff13d25bdc78d38dd84797aa5425bccf,0.00125,1,unknown_hx,0,0,unknown_hx
hx2b25cbcba1bf70e5b459d1ce293a4e763f1f8d48,0.00125,1,unknown_hx,0,0,unknown_hx
hx2b1d441e6e88a570fdcc9c10ae126aafa7b964d0,0.00125,1,unknown_hx,0,0,unknown_hx
hx2ac4409d8d7bc996731e09d4f4c5fb64534cbeef,0.00125,1,unknown_hx,0,0,unknown_hx
hx2a6510e2e1cc05601ff2ff7b5b070e23fcd1df78,0.00125,1,unknown_hx,0,0,unknown_hx
hx2a48b914b1a7953a53aa8486a4840d005f21b458,0.00125,1,unknown_hx,0,0,unknown_hx
hx2a3566fe08d9dc802a7d4ba1ee16c4df11d45a58,0.00125,1,unknown_hx,0,0,unknown_hx
hx2a17bbebf822f35a61d9d84319e28a911b2f0c4f,0.00125,1,unknown_hx,0,0,unknown_hx
hx29af5309d83d33c228d2c0aeee28bf9e38f497d6,0.00125,1,unknown_hx,0,0,unknown_hx
hx37e076b47d19529c7560c2247ea7629044c13cca,0.00125,1,unknown_hx,0,0,unknown_hx
hx3845a8a1b8b0976076c449120f09cea3241721b3,0.00125,1,unknown_hx,0,0,unknown_hx
hx386a37a78f6d90a7a13c247b79b84ba82d099081,0.00125,1,unknown_hx,0,0,unknown_hx
hx4c38957096e4392b6382533fcef4be70667f8f29,0.00125,1,unknown_hx,0,0,unknown_hx
hx4bd6b72f8f69cbc0fe9cbf69a43c39f77d04a516,0.00125,1,unknown_hx,0,0,unknown_hx
hx4b9dabd55e2f32c1f2007e5192703221ec92fffd,0.00125,1,unknown_hx,0,0,unknown_hx
hx4b85f4a687cf4d18317d19333a33f0f547877226,0.00125,1,unknown_hx,0,0,unknown_hx
hx4b10a89d83fa94fdcd77563c09140e33cef0ba82,0.00125,1,unknown_hx,0,0,unknown_hx
hx4a1b12773eb8a54839130815f10809308d886d8c,0.00125,1,unknown_hx,0,0,unknown_hx
hx49e2a32fa359138afa726b2a28cbbbb0e1605858,0.00125,1,unknown_hx,0,0,unknown_hx
hx49c887356b5a11df2e2d368898cc654aefab0c7e,0.00125,1,unknown_hx,0,0,unknown_hx
hx4924d61a6ec099707455d59b57a3aeb75f1107d5,0.00125,1,unknown_hx,0,0,unknown_hx
hx491eb37a48595b46f9b9a4e158f9b4e6e597b9a1,0.00125,1,unknown_hx,0,0,unknown_hx
hx48d107749091db0a093de9be55e2012cf8fd2a4c,0.00125,1,unknown_hx,0,0,unknown_hx
hx48c7f88f08f0dcf92ac955c354aaaf5749a9ca50,0.00125,1,unknown_hx,0,0,unknown_hx
hx487ba4dfe3c5a484656835833cf2b1247167b45f,0.00125,1,unknown_hx,0,0,unknown_hx
hx47faf83a7fbd5f77c3601bbab6263ae379b81dc1,0.00125,1,unknown_hx,0,0,unknown_hx
hx4767b68ef3cb50b0d05c2d790324005eaee832c6,0.00125,1,unknown_hx,0,0,unknown_hx
hx475eea3921a868c5d108599f4c77d06a5ab21eae,0.00125,1,unknown_hx,0,0,unknown_hx
hx47281bd0d28098dbe3583347918ae3600b2cba03,0.00125,1,unknown_hx,0,0,unknown_hx
hx46c55c7522c5e6be0568dbb7c52978cc928a20e3,0.00125,1,unknown_hx,0,0,unknown_hx
hx46c235dee57468a49eed38e6df6c9ed687ac078e,0.00125,1,unknown_hx,0,0,unknown_hx
hx46ac967340c45609aa7e1911d1bfedee9806085d,0.00125,1,unknown_hx,0,0,unknown_hx
hx4c18de127bc095a31e36f361fe2a16f7b01f5fd3,0.00125,1,unknown_hx,0,0,unknown_hx
hx4c5614845f4eb4c23bbd26905eb0316c53478ba8,0.00125,1,unknown_hx,0,0,unknown_hx
hx4525f0afff5ca337804c92685e45842cb339fcd4,0.00125,1,unknown_hx,0,0,unknown_hx
hx4c9057287e1098237d908124907c0ee74ec307f1,0.00125,1,unknown_hx,0,0,unknown_hx
hx50ef2513d372e02117c00a56641afb30eba1cd23,0.00125,1,unknown_hx,0,0,unknown_hx
hx50d9b75659d6a26628d3bd09658fc1cc76182291,0.00125,1,unknown_hx,0,0,unknown_hx
hx50b792bb69efedc49e23d7a7b4899e783b7f2dde,0.00125,1,unknown_hx,0,0,unknown_hx
hx509e04ba810dff809679a29dc6f17ff174611d40,0.00125,1,unknown_hx,0,0,unknown_hx
hx508e5716e25d70a624e7647861e547aa4d33723b,0.00125,1,unknown_hx,0,0,unknown_hx
hx5052ed0abdf7ec6faeb7870ef2202686359cae95,0.00125,1,unknown_hx,0,0,unknown_hx
hx5037c27480adb67c68608a21123a4e625ceb968e,0.00125,1,unknown_hx,0,0,unknown_hx
hx50310ea6a798ec66d28a7943c1399f59fa397160,0.00125,1,unknown_hx,0,0,unknown_hx
hx4f5bbde6e0b14a61c4043866d198bba423acc615,0.00125,1,unknown_hx,0,0,unknown_hx
hx4f4a4d3f890ad79551bf959985d8bd7d0f98ea28,0.00125,1,unknown_hx,0,0,unknown_hx
hx4f1a8e6f9474d2f74040801c163edba38beab502,0.00125,1,unknown_hx,0,0,unknown_hx
hx4e6af0582c43fe540e14396311ff1eb04fa6f652,0.00125,1,unknown_hx,0,0,unknown_hx
hx4e48e6f91435546256587119bba82a9f32cbfd7c,0.00125,1,unknown_hx,0,0,unknown_hx
hx4e15ff49af9d1bcd2615e1ef5c7459184e49ad75,0.00125,1,unknown_hx,0,0,unknown_hx
hx4de2b80d09085a0253bc067d35a225ddbe9df4a2,0.00125,1,unknown_hx,0,0,unknown_hx
hx4db22e76b6da4ca23d3368669409655638385139,0.00125,1,unknown_hx,0,0,unknown_hx
hx4cd35ffe8a356cf3f6693e3e4e8243b8570a0310,0.00125,1,unknown_hx,0,0,unknown_hx
hx4cd0efe8ed155d3adf4f12acbfd4bcba390909db,0.00125,1,unknown_hx,0,0,unknown_hx
hx4cc336daf6101840689e1c3e309cd60819ab9356,0.00125,1,unknown_hx,0,0,unknown_hx
hx46958e3261a5a49e9f64e085526761f5d92cc0b2,0.00125,1,unknown_hx,0,0,unknown_hx
hx451245779d1f633da3c3ab3dc6bf9e5debb1147d,0.00125,1,unknown_hx,0,0,unknown_hx
hx38cc7929327ead9a046032fdbfbe6e091e89e156,0.00125,1,unknown_hx,0,0,unknown_hx
hx3e8421da9b085390b59f24c1209c613e32aafa6d,0.00125,1,unknown_hx,0,0,unknown_hx
hx3dec2aa855b4a6650b91d8ba8355f1f604e5639c,0.00125,1,unknown_hx,0,0,unknown_hx
hx3dea86dbd427fe82b7fbdc9da022dfef0d3bf076,0.00125,1,unknown_hx,0,0,unknown_hx
hx3db46cad34c473ee9abd1003d7a6e4367d9ac70f,0.00125,1,unknown_hx,0,0,unknown_hx
hx3d20cb2382ae6a5247a49ae876d9d46f1e16baa5,0.00125,1,unknown_hx,0,0,unknown_hx
hx3d006b7bd6319b96e1e2192ac2943b11a5d2ceb8,0.00125,1,unknown_hx,0,0,unknown_hx
hx3cda09826252f01d1ad6914b2ecc3e7e5bde4661,0.00125,1,unknown_hx,0,0,unknown_hx
hx3ccd2e8890362e6bca234ad06a5da476eb1af562,0.00125,1,unknown_hx,0,0,unknown_hx
hx3c9c1e135f5ffa036e38ade4e60e292ab88fe81c,0.00125,1,unknown_hx,0,0,unknown_hx
hx3c84ea0d501747df29431b47dfa84457636f994f,0.00125,1,unknown_hx,0,0,unknown_hx
hx3c1571ea1240586baa18774704d8483271edd83e,0.00125,1,unknown_hx,0,0,unknown_hx
hx3bfee2fa1a040773b63440b623ae564e4ed8147d,0.00125,1,unknown_hx,0,0,unknown_hx
hx3b33392dfa96d907dcc088bebda6610eb03b2b20,0.00125,1,unknown_hx,0,0,unknown_hx
hx3b2ed55da7bc399ef3fc998d9dab3b3810f6a8bd,0.00125,1,unknown_hx,0,0,unknown_hx
hx3ad4a57664b11e6be604b85879dd4d7885609309,0.00125,1,unknown_hx,0,0,unknown_hx
hx3a7cc907847ef643b9f51c94a970ed3706060e97,0.00125,1,unknown_hx,0,0,unknown_hx
hx3a5d629f0731ef280e49657cfa84e32625dae7b9,0.00125,1,unknown_hx,0,0,unknown_hx
hx3a0a95e28e113526338a341ee456fac42a5fb29e,0.00125,1,unknown_hx,0,0,unknown_hx
hx3a06dd105e41ea9487ecf17d0ec59517b41abeee,0.00125,1,unknown_hx,0,0,unknown_hx
hx39a991ae8876c9dc06673eb5c831b3e430401699,0.00125,1,unknown_hx,0,0,unknown_hx
hx3e0b1d1e3ac6b41d8f055c1718fe4e01b677cd79,0.00125,1,unknown_hx,0,0,unknown_hx
hx3eed2430e6de70856748e1ad6e4688f273677ef0,0.00125,1,unknown_hx,0,0,unknown_hx
hx450f9a584db82f325a9a126605589a85b8381b21,0.00125,1,unknown_hx,0,0,unknown_hx
hx3ef49f159fe824214ede26a95c1585ac57283ee8,0.00125,1,unknown_hx,0,0,unknown_hx
hx44ea5237353528c35a304727247b6d9b6524a65e,0.00125,1,unknown_hx,0,0,unknown_hx
hx44844eb0134da766dd2683747be6049574b667f5,0.00125,1,unknown_hx,0,0,unknown_hx
hx43681136763e7ef999f3cddd0011a347e494ed65,0.00125,1,unknown_hx,0,0,unknown_hx
hx429c6039fdd85c8bbea92b43552f8790038b0773,0.00125,1,unknown_hx,0,0,unknown_hx
hx42711879103a8d5b24400bb0372f5a7782d60c1b,0.00125,1,unknown_hx,0,0,unknown_hx
hx4245d2f6ae75b98d1230099e7690bfdb26eb3b4e,0.00125,1,unknown_hx,0,0,unknown_hx
hx4196d9651c7ce34098ea8e44d8c4c721d19083f8,0.00125,1,unknown_hx,0,0,unknown_hx
hx417b97df67d91dd78e3b540b546b9f16b9fec5c6,0.00125,1,unknown_hx,0,0,unknown_hx
hx415e79be0524b48403b0e3e6d5549c727d9a33b9,0.00125,1,unknown_hx,0,0,unknown_hx
hx414fd188d9dc29f4ae8ddd8dfe70aa3e2c0c2cdd,0.00125,1,unknown_hx,0,0,unknown_hx
hx413a54284f9f518e8abae742bfa3b93ed6881d48,0.00125,1,unknown_hx,0,0,unknown_hx
hx4116a153c25a3b92bf336b2b5f952b98f70bd7dc,0.00125,1,unknown_hx,0,0,unknown_hx
hx40e9cd559ffbe777f00c8bba26489f2b733c7cff,0.00125,1,unknown_hx,0,0,unknown_hx
hx40bde0030b549a3d99fbed2e4f7ea81ad3d4f115,0.00125,1,unknown_hx,0,0,unknown_hx
hx40503217ba3aa7c781d04c8e8f5e4143f01792bd,0.00125,1,unknown_hx,0,0,unknown_hx
hx3fd96ff58a7e5a006f87b26427917c5d1a7a63d1,0.00125,1,unknown_hx,0,0,unknown_hx
hx3f0fee6400f98a5644e82f397538ef744f1aba33,0.00125,1,unknown_hx,0,0,unknown_hx
hx3f0bdf36893b7eed7c83bd1793b39b0707bf6bf3,0.00125,1,unknown_hx,0,0,unknown_hx
hx3efb34034151d8257986ab5a661b77dda48ddd12,0.00125,1,unknown_hx,0,0,unknown_hx
hx24fcacb655433c5979eaa2c673b0daba5e7ae923,0.00125,1,unknown_hx,0,0,unknown_hx
hx24b2256b4b7492f0854ca439c20606024cf047e7,0.00125,1,unknown_hx,0,0,unknown_hx
hx93a7dfab74588e755119b7b6f3cf83caad061684,0.00125,1,unknown_hx,0,0,unknown_hx
hx0ab76ca55d5a302e4f2d5c5263602b413e7bca12,0.00125,1,unknown_hx,0,0,unknown_hx
hx0b8e6bedebc60a89f4d321f90054037c04863e5b,0.00125,1,unknown_hx,0,0,unknown_hx
hx0b8b36a384e03bafcc10dd140b7ee9c1adef4d54,0.00125,1,unknown_hx,0,0,unknown_hx
hx0b5260c5171a8deb69fef5dd897a86c44efa9b70,0.00125,1,unknown_hx,0,0,unknown_hx
hx0b47ea951aa58d1c9ed8d43a1d39ca007a74046a,0.00125,1,unknown_hx,0,0,unknown_hx
hx0b3fde53ee12b49d83e93c3ac6208a7a39c15410,0.00125,1,unknown_hx,0,0,unknown_hx
hx0b2fe7763d127056f3011b4bd4d879f758215bbc,0.00125,1,unknown_hx,0,0,unknown_hx
hx0b04131361e33a621192daf91793713c676fe1ac,0.00125,1,unknown_hx,0,0,unknown_hx
hx0afba3fa40028814c0732697f7079e997b71e275,0.00125,1,unknown_hx,0,0,unknown_hx
hx0ace74fad3995e4576974cc36efdc5c7f7c699e9,0.00125,1,unknown_hx,0,0,unknown_hx
hx0ab1732eb5a384f07cff6bd0858324f84869cad9,0.00125,1,unknown_hx,0,0,unknown_hx
hx248c9f59de34efb580c98e47974b19cfb6e1fa5c,0.00125,1,unknown_hx,0,0,unknown_hx
hx0a97e9e3da7cf5f94f97f210425ad295278d2d8f,0.00125,1,unknown_hx,0,0,unknown_hx
hx0a694da89c5ad8014596732680bddf621879124b,0.00125,1,unknown_hx,0,0,unknown_hx
hx0a3f2eb121191d6fccdfa569210887f8c4f13ad1,0.00125,1,unknown_hx,0,0,unknown_hx
hx0a030c3b76a5858d4c74f59b1951ae1395e9714d,0.00125,1,unknown_hx,0,0,unknown_hx
hx09fa7900554b919423e04bd9818eb7e32d786849,0.00125,1,unknown_hx,0,0,unknown_hx
hx09a168e58dc619d39b750783f32582bdacd6385c,0.00125,1,unknown_hx,0,0,unknown_hx
hx0990bd374fc9fafb5cdce22aadf197ec5976a848,0.00125,1,unknown_hx,0,0,unknown_hx
hx09879d6b12107a2762f686f7398ea5e44318796f,0.00125,1,unknown_hx,0,0,unknown_hx
hx09238d5f0106025a3d471260a4fa4c8db828090e,0.00125,1,unknown_hx,0,0,unknown_hx
hx0be2e604e114b19437337c5524843102f9ae4ad0,0.00125,1,unknown_hx,0,0,unknown_hx
hx0becf80afb650da6a357384b745ad1d5e51af231,0.00125,1,unknown_hx,0,0,unknown_hx
hx0c18a7558a17ce3ba5ed485733a6d6d6e688653f,0.00125,1,unknown_hx,0,0,unknown_hx
hx0c1fefaf9319528ff66decb0efc74ab92edddefb,0.00125,1,unknown_hx,0,0,unknown_hx
hx0fbe150a2ce61dc76c4b7c3ebbf80bba4faeedf0,0.00125,1,unknown_hx,0,0,unknown_hx
hx0fbd58560bc1dbfaffbd9a03092cca3798fee02d,0.00125,1,unknown_hx,0,0,unknown_hx
hx0f83ee299709a488a05022eb81225e203a459a8c,0.00125,1,unknown_hx,0,0,unknown_hx
hx0f59f5041480c1f75eb9c6139359e41c6f8ce44d,0.00125,1,unknown_hx,0,0,unknown_hx
hx0e9dfff312accd6a38ff613d6c9b36b882dbaaa1,0.00125,1,unknown_hx,0,0,unknown_hx
hx0e74b02e13819a998984e68e3891f380736cbb1d,0.00125,1,unknown_hx,0,0,unknown_hx
hx0e578503a47ecc6ebaeabedabaf4bf4a16be7cf0,0.00125,1,unknown_hx,0,0,unknown_hx
hx0e459cf7f24d9ceae871a815c9360c86ab84d3a2,0.00125,1,unknown_hx,0,0,unknown_hx
hx0e040d8df7efd5784299ef3486b7188178b4a8c7,0.00125,1,unknown_hx,0,0,unknown_hx
hx0dc4360725be7fffcc9e7bdb794be88a9d873bf3,0.00125,1,unknown_hx,0,0,unknown_hx
hx0d8f87defdd549e456d755873135c04dad99f857,0.00125,1,unknown_hx,0,0,unknown_hx
hx0d8ec59986de1808a223294eee50bc004e9d6d63,0.00125,1,unknown_hx,0,0,unknown_hx
hx0d68c50051ec9e78306405fad49f4368c72ba2e2,0.00125,1,unknown_hx,0,0,unknown_hx
hx0d3e29a3c3b179f1beb2dbaba4868f91640362c6,0.00125,1,unknown_hx,0,0,unknown_hx
hx0d2c6485576354017607687ed49c135d11bd5aad,0.00125,1,unknown_hx,0,0,unknown_hx
hx0d08f0701f5b5a641317ca374ab32010bd42368c,0.00125,1,unknown_hx,0,0,unknown_hx
hx0ccd64c3902e28ce74bfe3fe560c0bd6c22c5dcc,0.00125,1,unknown_hx,0,0,unknown_hx
hx0cc81946f3c06e3b8f381f2f224ec29d14d3c3ed,0.00125,1,unknown_hx,0,0,unknown_hx
hx0cb321230eb0d8644218bbb15c433de57182db6c,0.00125,1,unknown_hx,0,0,unknown_hx
hx091b90c80478581f4a50a0dc805ddc5a0a41862c,0.00125,1,unknown_hx,0,0,unknown_hx
hx089fae35a32a43e4f14d38038abdd96df83e809f,0.00125,1,unknown_hx,0,0,unknown_hx
hx07cc028854c01eb1ccf7f48d7945ed96c88a593c,0.00125,1,unknown_hx,0,0,unknown_hx
hx015f7f8b88a79402ef39e8c35fda6d09965d9a3b,0.00125,1,unknown_hx,0,0,unknown_hx
hx011876a2e745cf2fe0ea40fa1f0cf479286a82d0,0.00125,1,unknown_hx,0,0,unknown_hx
hx00d504b86586d81df048333e00a6010ff632806e,0.00125,1,unknown_hx,0,0,unknown_hx
hx00c6dc2fa4ef3a2da1975e7cb350dae9aef6d1b4,0.00125,1,unknown_hx,0,0,unknown_hx
hx003c9c2b2ffb8b89ebbb1fc21992eb2ddc6bc214,0.00125,1,unknown_hx,0,0,unknown_hx
hx0025dad9ef2960b9ea512679cefb6dc1e10d8385,0.00125,1,unknown_hx,0,0,unknown_hx
hx00246f221cc88405170f172b8b7b941ffead10f4,0.00125,1,unknown_hx,0,0,unknown_hx
hx002372f4a7d5daba78ad20c981ae838b76be8216,0.00125,1,unknown_hx,0,0,unknown_hx
hx001dff76091398466e2e2d03f80234f1058943f8,0.00125,1,unknown_hx,0,0,unknown_hx
cxedf34c9c3861d29c3132e59bf2a9a9810c248eae,0.0057684999999999,1,Inanis Marketplace,0,0,Inanis Marketplace
cxae526d7acdd5b1c0f34e0a2ced1d7b3b7d0ee108,0.0034011124999999,1,FandiemMultiToken,1,0,FandiemMultiToken
cxabb70eb88a57be527ad8bd4d31e938278a0ffd96,0.01078145,1,OptimusFinOMMStaking,2,0,Omm
cxa8efd07255884afd5069d6011a66b1fe49610013,15.2883627125,1,Omm IUSDC Interest Token,0,0,Omm
cx9ee7fbe8c98ca688ec4eb30e392463c1a82d10be,0.002347375,1,ICX IOU Token,1,0,ICX IOU Token
cx8e51beac285e664d74d457bb8fbbbb693bf1b97d,0.0062861875,1,MIBCubies,3,0,MIBCubies
cx43fa2fa3cdc8c5d48abd612eada8169d3d9b5a73,0.002312,1,Home Ground Pay,1,0,Home Ground Pay
cx221cad4d4a88f03f24457c82209d66160275ed4b,0.0069082125,1,Optimus Finance ICX,1,0,Optimus
cx189f03875da766878c68753da7492c080bcc2dbe,14.8266967875,1,Omm Price Oracle Proxy,0,0,Omm
cx0fb973aaab3a26cc99022ba455e5bdfed1d6f0d9,15.288356525,1,Omm ICX interest Token,0,0,Omm
cx0bb718a35e7fc8faffe6faf82b32f6f7cb5e7c81,0.002434,1,Chihua Inu,1,0,Chihua Inu
hx015190475de08821dda1123e29258cf3b741265b,0.00125,1,unknown_hx,0,0,unknown_hx
hx01a168b7e5c04d6aa2b005d9e594139c08ac8976,0.00125,1,unknown_hx,0,0,unknown_hx
hx06d4151c45fb726233f5e17288b68d6c57992125,0.00125,1,unknown_hx,0,0,unknown_hx
hx027c578a614a17496a405fec7a07289785a33141,0.00125,1,unknown_hx,0,0,unknown_hx
hx06893ed6e0814049ed07bd73f906318916dab1cc,0.00125,1,unknown_hx,0,0,unknown_hx
hx05f6cc541c3e3bf2d4e552ec7bb4dba9a0138b64,0.00125,1,unknown_hx,0,0,unknown_hx
hx05ed924761c0dd48c9dcd4ed1c088abedbc3561c,0.00125,1,unknown_hx,0,0,unknown_hx
hx05c8909e9317c4ed3e4ea53a78bfb2796b66b484,0.00125,1,unknown_hx,0,0,unknown_hx
hx05b3a3f7885d5b2e0019981f9f8fa17e6b0cb56b,0.00125,1,unknown_hx,0,0,unknown_hx
hx05a0c92a0e09cbced7accca00eba62a95dac9c90,0.00125,1,unknown_hx,0,0,unknown_hx
hx0547b8844990c8ed8440335d34cbd0391ac5c98a,0.00125,1,unknown_hx,0,0,unknown_hx
hx051f50e8835413db423516062dcd58d251bbd02a,0.00125,1,unknown_hx,0,0,unknown_hx
hx05050fd03b896380ef972314cb4bfdeafb719a48,0.00125,1,unknown_hx,0,0,unknown_hx
hx04fcca66643b1e172e5435ab22fb3ec98e921bd2,0.00125,1,unknown_hx,0,0,unknown_hx
hx04fba04582d1102a799881baf5f00dd8a597408d,0.00125,1,unknown_hx,0,0,unknown_hx
hx04c1444dbdcb01245e63c7bb5d9c93fc36e90ff8,0.00125,1,unknown_hx,0,0,unknown_hx
hx046fc05848bd4c688e7f2690e9e1ede98bdaaa65,0.00125,1,unknown_hx,0,0,unknown_hx
hx037e263746a2791aea66f9d10304227ae06586cc,0.00125,1,unknown_hx,0,0,unknown_hx
hx0369535170ffa3777729bd64df22323bf6ea0ce9,0.00125,1,unknown_hx,0,0,unknown_hx
hx033fc1be16e54feaf5d5ff636f51ee72fbd33c44,0.00125,1,unknown_hx,0,0,unknown_hx
hx02e0369260aefde80802389efb5111eae191a0e4,0.00125,1,unknown_hx,0,0,unknown_hx
hx02a7289ad0ca24b136a563656c5837f23aea5d23,0.00125,1,unknown_hx,0,0,unknown_hx
hx028f4d4a703b46a97b28e25ec3616455d9662e2f,0.00125,1,unknown_hx,0,0,unknown_hx
hx0fee1060e7d61a2ee2064a6f5cf2ed4649a4ed3e,0.00125,1,unknown_hx,0,0,unknown_hx
hx0ffb045a9a70c708afa3da7e870b2f7a990ee3f5,0.00125,1,unknown_hx,0,0,unknown_hx
hx103d7e22937457ce976715300d0919d5b988021b,0.00125,1,unknown_hx,0,0,unknown_hx
hx1f79dbcdb4d58762732b4d7ff51ebadcccfa5541,0.00125,1,unknown_hx,0,0,unknown_hx
hx1e953593f4ba0cc3c2f1e2056a4188d4e531a28a,0.00125,1,unknown_hx,0,0,unknown_hx
hx1e400b97d5a0791a437c040df2428a9860c6a42a,0.00125,1,unknown_hx,0,0,unknown_hx
hx1e15b53379e5ee634a2da493a43fdc2d03d0c718,0.00125,1,unknown_hx,0,0,unknown_hx
hx1dedfd551bf34790a22b3741b839de93f2399766,0.00125,1,unknown_hx,0,0,unknown_hx
hx1de9fa2abfe11b4d0bd6c721c0a080ff0e6ee593,0.00125,1,unknown_hx,0,0,unknown_hx
hx1de1558a3c4ecfeb240bbd99faa29a25b2841fa9,0.00125,1,unknown_hx,0,0,unknown_hx
hx1dd6a0e356383c6ee8a89fd7d5058a34b995164a,0.00125,1,unknown_hx,0,0,unknown_hx
hx1d6fd94579f0251d1d97fe84eab5d44a7b2b5a41,0.00125,1,unknown_hx,0,0,unknown_hx
hx1d5ca8958ae3811b405fc3c6b7907995e31b9933,0.00125,1,unknown_hx,0,0,unknown_hx
hx1cc50e9c645c1578efce7253aa89deab542fee31,0.00125,1,unknown_hx,0,0,unknown_hx
hx1c8dee3d3efc3e9edf94854fc1d9da5bbf8e6da8,0.00125,1,unknown_hx,0,0,unknown_hx
hx1c56d374938f254a7b57c83cd2d0f95f6e52f5d7,0.00125,1,unknown_hx,0,0,unknown_hx
hx1c36b19b4561b4a363e891d39e220deb352b2408,0.00125,1,unknown_hx,0,0,unknown_hx
hx1c367aa13e3940821eaa7d3f856eeb96d4e58d43,0.00125,1,unknown_hx,0,0,unknown_hx
hx1bb6f65e446282da73168b7b064a05f244c85804,0.00125,1,unknown_hx,0,0,unknown_hx
hx1bafcf8cb45985f8937b6e6521324f9b368341c5,0.00125,1,unknown_hx,0,0,unknown_hx
hx1b64ba57809092b817d1221ba78f6a4b40e66365,0.00125,1,unknown_hx,0,0,unknown_hx
hx1b30cc4c905ce946b6bb3a4de0d2edbe64c4df7a,0.00125,1,unknown_hx,0,0,unknown_hx
hx1b19a26a5c3ab69ed29695f6f2dd4b558d11d73c,0.00125,1,unknown_hx,0,0,unknown_hx
hx1ea3d07d9f3d6756879ee4437b22e5ccfac57f14,0.00125,1,unknown_hx,0,0,unknown_hx
hx1f95c7746666bdc862cd77f9e7d35382791eceaa,0.00125,1,unknown_hx,0,0,unknown_hx
hx1afac9c316eab1edba572d46ddd686489fea70b2,0.00125,1,unknown_hx,0,0,unknown_hx
hx1fd179f9223130cf9c5677e98a2304175b6bee1f,0.00125,1,unknown_hx,0,0,unknown_hx
hx23f65f9b53956d086d92568cff39cf2095a898e1,0.00125,1,unknown_hx,0,0,unknown_hx
hx23c6059b13e81808a6c1394ddfc9cfbb09166ef0,0.00125,1,unknown_hx,0,0,unknown_hx
hx23825327cfced4f88371a577f836a55ccf6167d8,0.00125,1,unknown_hx,0,0,unknown_hx
hx233d6aee8a814be886cf8e820baa35d7b2883eb4,0.00125,1,unknown_hx,0,0,unknown_hx
hx23240c1f57b56bcc972ff6d8790d06d4491704e1,0.00125,1,unknown_hx,0,0,unknown_hx
hx22ba2857be2ff791480b323c8bf2c77c6d792d1c,0.00125,1,unknown_hx,0,0,unknown_hx
hx2274830ac3b0c3696082667e31df658a12bfa85b,0.00125,1,unknown_hx,0,0,unknown_hx
hx220c224e2f9032dcd74944c687ed73f3ff0cfe44,0.00125,1,unknown_hx,0,0,unknown_hx
hx21db207be9ee14fe1d57c67c5d0f04a5daf580ca,0.00125,1,unknown_hx,0,0,unknown_hx
hx21b0ed93f570906a44c945fd4ed3992310430811,0.00125,1,unknown_hx,0,0,unknown_hx
hx2191a90c59a83b25aecdd33f5e9e0f79be9ede0a,0.00125,1,unknown_hx,0,0,unknown_hx
hx2169448760b8ee1f085ab99d8cf76f45496a6026,0.00125,1,unknown_hx,0,0,unknown_hx
hx211370739f4791bd7a503e29430fbca7fb5f7a8a,0.00125,1,unknown_hx,0,0,unknown_hx
hx20ff35a91771cec9629afad25c5aa762f3f9695b,0.00125,1,unknown_hx,0,0,unknown_hx
hx20bbc772b59c12c6da7912cb1e7d19128b53b65f,0.00125,1,unknown_hx,0,0,unknown_hx
hx206c780e2ab47fcae10d51d377b93cf1716108ba,0.00125,1,unknown_hx,0,0,unknown_hx
hx2051ce6614374c2bd0cb0af7c64008ccb962bc5d,0.00125,1,unknown_hx,0,0,unknown_hx
hx2028cc3877622f1fd23a6c790a2a9d830e454409,0.00125,1,unknown_hx,0,0,unknown_hx
hx2018e952ce162c44b0fd4cf7f5038c6c938710e2,0.00125,1,unknown_hx,0,0,unknown_hx
hx1b197dc51b4cb0c29ba407543a61ea77a939c868,0.00125,1,unknown_hx,0,0,unknown_hx
hx194e943bfcf49035b8b12963c123a5cb743351e7,0.00125,1,unknown_hx,0,0,unknown_hx
hx1070150321380afac747caf8c3cccfb7e2aeb545,0.00125,1,unknown_hx,0,0,unknown_hx
hx140f36d9c50c1c39001540b5dfa9fb26f7d0cf7b,0.00125,1,unknown_hx,0,0,unknown_hx
hx139f149d073b93239fdaab0f15e4f9ee4e3a0642,0.00125,1,unknown_hx,0,0,unknown_hx
hx1396e49a288ae500b1696f2479f7dbaaee1ee8e9,0.00125,1,unknown_hx,0,0,unknown_hx
hx1380278f2fc00a8b7956b80fc89cbd7783bccf60,0.00125,1,unknown_hx,0,0,unknown_hx
hx13592d0f521be54d816a10b9b3f38a05c0865dc9,0.00125,1,unknown_hx,0,0,unknown_hx
hx12f42a74a996976a1d4e1d81d703b6cc696fda08,0.00125,1,unknown_hx,0,0,unknown_hx
hx12b57f9e48486a2705b020421e7c48d5c0ec8655,0.00125,1,unknown_hx,0,0,unknown_hx
hx129b176e8ac1f59bfff47072d1e0c284a3cd8866,0.00125,1,unknown_hx,0,0,unknown_hx
hx128bb15d053342f2b832b1cc6cce3964b0090632,0.00125,1,unknown_hx,0,0,unknown_hx
hx12289321ccdcbfe0f2d69227f5b5e29cf8c32c65,0.00125,1,unknown_hx,0,0,unknown_hx
hx11c85bade31621aaf44d1f206edbf3f686827747,0.00125,1,unknown_hx,0,0,unknown_hx
hx11b07d304c2082cd8034c8733ba8ee488607d2d7,0.00125,1,unknown_hx,0,0,unknown_hx
hx115e472bb516917794488cec45e115242adc8cb2,0.00125,1,unknown_hx,0,0,unknown_hx
hx113a5c40059cbbbbbc6cfe652b90c2006474fb3c,0.00125,1,unknown_hx,0,0,unknown_hx
hx11345157cf50725c79abf49523f1b087df8bf688,0.00125,1,unknown_hx,0,0,unknown_hx
hx112ea53f182e8e8202afaa683c5aec805fff3f4a,0.00125,1,unknown_hx,0,0,unknown_hx
hx10f751768254190ef81cd5a7afddeee1c3ef14bc,0.00125,1,unknown_hx,0,0,unknown_hx
hx10e884f7eb11268e7f10606ce3fcbbea82516638,0.00125,1,unknown_hx,0,0,unknown_hx
hx10b4ce06f8d9d4b389bd0044dbc9883f49797772,0.00125,1,unknown_hx,0,0,unknown_hx
hx109525d0d9f2d6d0ff802419fd461104d6b1b4be,0.00125,1,unknown_hx,0,0,unknown_hx
hx14043c022e7ee3c64fd159e19e6545c63498e178,0.00125,1,unknown_hx,0,0,unknown_hx
hx141458fbc72fd7d37fdc8f269f4a6000bb253db4,0.00125,1,unknown_hx,0,0,unknown_hx
hx18f5403a68832c5fdaa2d96328248ccd817f05e6,0.00125,1,unknown_hx,0,0,unknown_hx
hx1430e65e7e1ecf5ea699c39e4f16fbfa5cb6b74c,0.00125,1,unknown_hx,0,0,unknown_hx
hx17f5a4d3fbd9c7b2e199179f133943ece84e83ef,0.00125,1,unknown_hx,0,0,unknown_hx
hx17c9bb610ab1e224197fb62b1ec073cb3d2b2626,0.00125,1,unknown_hx,0,0,unknown_hx
hx178c6b3deea373306f1be3de671e979bb5b6a712,0.00125,1,unknown_hx,0,0,unknown_hx
hx1758f8706689cf46ae64ea517a709762120db7da,0.00125,1,unknown_hx,0,0,unknown_hx
hx16fc20038b9a7e1b0e97ae6c573a0185fc32cd4f,0.00125,1,unknown_hx,0,0,unknown_hx
hx1665b037b9c15defd1490d33edf4c8ef8ca3c0ca,0.00125,1,unknown_hx,0,0,unknown_hx
hx1660d0b6de44fef3575d06c68f65adc85c697791,0.00125,1,unknown_hx,0,0,unknown_hx
hx1592753cffd0d92cbbf1c5b2adb45352ed30d29b,0.00125,1,unknown_hx,0,0,unknown_hx
hx15907ec62318944b6bdcdbddc6063dc99ed20447,0.00125,1,unknown_hx,0,0,unknown_hx
hx1581363ba75672d004ff7b9de79e7aabd787cb6b,0.00125,1,unknown_hx,0,0,unknown_hx
hx157fea9831cf144a717f91930e2a33e5b812acfb,0.00125,1,unknown_hx,0,0,unknown_hx
hx157efafb1abad56a2224e1a743c6fea24c32331f,0.00125,1,unknown_hx,0,0,unknown_hx
hx157200efd66229267fa7df05c8bc98a695e823ea,0.00125,1,unknown_hx,0,0,unknown_hx
hx1558560b2ca4607f538464a0fe55f7772d2bb4e8,0.00129,1,unknown_hx,0,0,unknown_hx
hx15404f9c52bc0fe4303123cbd638b1c414878a88,0.00125,1,unknown_hx,0,0,unknown_hx
hx150af8a59375f3ce875b44275eb8049eb5b3de9e,0.00125,1,unknown_hx,0,0,unknown_hx
hx14901846223f98836eb57d7e265e2cef534a6ecf,0.00125,1,unknown_hx,0,0,unknown_hx
hx1454126cd2ebed6d2513d51a93478fa7a6cb1b60,0.00125,1,unknown_hx,0,0,unknown_hx
hx143a2845e030609cc4eb64248ea0972b51f13deb,0.00125,1,unknown_hx,0,0,unknown_hx
hx51661c94c84d870a59de3c4498c5142d6ca8de6e,0.00125,1,unknown_hx,0,0,unknown_hx
hx517c8daa915767d09318d1cdcfbeff60b4a3e400,0.00125,1,unknown_hx,0,0,unknown_hx
hx519f8531b02e63c7b3442d8913f73f80041f239c,0.00125,1,unknown_hx,0,0,unknown_hx
hx826d217596f3d956d8e92152b38f1f072c11e963,0.00125,1,unknown_hx,0,0,unknown_hx
hx836634e338d3821115a5ce17f50f888fdce1430e,0.00125,1,unknown_hx,0,0,unknown_hx
hx83305897bb21449bb411ee5eb7f0c13b49891d5b,0.00125,1,unknown_hx,0,0,unknown_hx
hx831f4b7c02d3b1c894e0d0593cd0c806725de573,0.00125,1,unknown_hx,0,0,unknown_hx
hx83149e4ca7227f9eb1ff9175250a820d8a7ac71b,0.00125,1,unknown_hx,0,0,unknown_hx
hx8305dd5358598385454022bd23af26a5c6ba5d17,0.00125,1,unknown_hx,0,0,unknown_hx
hx82e6479d806e5cba38ca66051c9e9df92fa68bcc,0.00125,1,unknown_hx,0,0,unknown_hx
hx82aaf977a7c3e297f9dd64e47c1a297fcc2f76ce,0.00125,1,unknown_hx,0,0,unknown_hx
hx82a92eaa2cec6d3a8fe93ced50929bac243e5a16,0.00125,1,unknown_hx,0,0,unknown_hx
hx82a8319354bbdf73087c60a019563c980061f592,0.00125,1,unknown_hx,0,0,unknown_hx
hx82592df307e6f7f78a1961e994037b1a4f5a3462,0.00125,1,unknown_hx,0,0,unknown_hx
hx5204f87dd521bce4898c8ba5ca62199d184c6bc1,0.00125,1,unknown_hx,0,0,unknown_hx
hx8248813abe4212e8d298d734ea7f58c82d9ecda1,0.00125,1,unknown_hx,0,0,unknown_hx
hx823c6b4ae77252204279b52ca806aa7c43450958,0.00125,1,unknown_hx,0,0,unknown_hx
hx822c26191c9f1a00cfb08408450868219ec8e4f6,0.00125,1,unknown_hx,0,0,unknown_hx
hx8227bc04490cf73285fa1a95687578fa0ec4eea1,0.00125,1,unknown_hx,0,0,unknown_hx
hx82226461d0ee93ac2827cc0617403304c3cd2324,0.00125,1,unknown_hx,0,0,unknown_hx
hx81e98cd79d20e4ce33a451fee19105484909db98,0.00125,1,unknown_hx,0,0,unknown_hx
hx81e3b725c45fcf573e6dcf692c41d8d51bc37f5d,0.00125,1,unknown_hx,0,0,unknown_hx
hx81afcb16cfa981452379634a6340e48fb3e98504,0.00125,1,unknown_hx,0,0,unknown_hx
hx81a22188c46fe908f0fbc1eca03c1942403ec4ec,0.00125,1,unknown_hx,0,0,unknown_hx
hx837d9b46cffe10d12d0909e473fe3b52540f359d,0.00125,1,unknown_hx,0,0,unknown_hx
hx8395a97d47e01464f57c89c423144573a8ea38b2,0.00125,1,unknown_hx,0,0,unknown_hx
hx839aa95cd5bd4e168cc479b029468fee64f678bc,0.00125,1,unknown_hx,0,0,unknown_hx
hx83cac0ad7a1aa37966ff512504b2d925e7d515d6,0.00125,1,unknown_hx,0,0,unknown_hx
hx84ef20e0f2894afebbf2a247ceb6d4b3f9320c6f,0.00125,1,unknown_hx,0,0,unknown_hx
hx84cc69e4eb3804d37237974c61e9ffd4dd871a17,0.00125,1,unknown_hx,0,0,unknown_hx
hx84ad771c672b7e12285fd27c13f00762558677ee,0.00125,1,unknown_hx,0,0,unknown_hx
hx849dae7df1bca4e47538fa2494e67c25381ca4e0,0.00125,1,unknown_hx,0,0,unknown_hx
hx849a9566bb6b0b761651a045cb1e3deddf2df30b,0.00125,1,unknown_hx,0,0,unknown_hx
hx847ebcb4981cddca868060331d9102c566f60c79,0.00125,1,unknown_hx,0,0,unknown_hx
hx847bdfca4ca47845a55a4bbe82d4617a9e08dc21,0.00125,1,unknown_hx,0,0,unknown_hx
hx8473b2e41d721f46cd4c74ebc3749c6838069a35,0.00125,1,unknown_hx,0,0,unknown_hx
hx846fc5231d1ba0988c0fecbff1546fc5414e3c37,0.00125,1,unknown_hx,0,0,unknown_hx
hx846b65fcbcf8ace79d46e92edd11b9f832e782d2,0.00125,1,unknown_hx,0,0,unknown_hx
hx845bc7e0a0411a2decc283f51fc78c6a40acdffb,0.00125,1,unknown_hx,0,0,unknown_hx
hx8438d2db9a2cd72cc455d277d0e19b636b86f9e6,0.00125,1,unknown_hx,0,0,unknown_hx
hx842cf2256debd6df90bdc0d0fa9e5347898bb25d,0.00125,1,unknown_hx,0,0,unknown_hx
hx8412720f6cc65494ad2fa0eff3c6b3395831575e,0.00125,1,unknown_hx,0,0,unknown_hx
hx83f92644db9f6fcb2f77f96ce028c38260ce0d5d,0.00125,1,unknown_hx,0,0,unknown_hx
hx83f7633af8d99a67ebbe8428167b087819ae9935,0.00125,1,unknown_hx,0,0,unknown_hx
hx83e38063949e282654a16b4ff1be8a4d7780243d,0.00125,1,unknown_hx,0,0,unknown_hx
hx83d99724661b4efbfb17e2c6bd70c3b51244a6ca,0.00125,1,unknown_hx,0,0,unknown_hx
hx83d5cc3a8a6ec9ff93eea87d8df4021f90ff0d7f,0.00125,1,unknown_hx,0,0,unknown_hx
hx81a07ac02534c1904598d928c35e6a965b0ab321,0.00125,1,unknown_hx,0,0,unknown_hx
hx8199f81ae7fc61d1238ab69d838f130a6871b8ef,0.00125,1,unknown_hx,0,0,unknown_hx
hx81983d3fcfc36b56d1aea55671cb5d9d0141c0fe,0.00125,1,unknown_hx,0,0,unknown_hx
hx7dec9f9472a4716581cc40f7e8307db9d11374fd,0.00125,1,unknown_hx,0,0,unknown_hx
hx7d3df861f195a02d8b4f3590393802ad3b2228e8,0.00125,1,unknown_hx,0,0,unknown_hx
hx7d1d9ebf1b34add30d1ff5a9f783d9a67495f89d,0.00125,1,unknown_hx,0,0,unknown_hx
hx7d0e02fbc4729914453b3bc58560aff344453299,0.00125,1,unknown_hx,0,0,unknown_hx
hx7c632737ce804ee8e1b184d3bfe0bfe39b25ebad,0.00125,1,unknown_hx,0,0,unknown_hx
hx7c35a27a23f15363ffc1a883a2ff32b38cb2220f,0.00125,1,unknown_hx,0,0,unknown_hx
hx7bf414355ebf698bbcd9826dd020665b9a754e54,0.00125,1,unknown_hx,0,0,unknown_hx
hx7bb506b5c84302747897d3409515aba6ba6d25ee,0.00125,1,unknown_hx,0,0,unknown_hx
hx7b839463501dc000104ca23f07d45488cfb77d91,0.00125,1,unknown_hx,0,0,unknown_hx
hx7b6a87e98802c2270c2f579b44daf782f625fb57,0.00125,1,unknown_hx,0,0,unknown_hx
hx7b4ca8097bba682c2d8662d49e07a62f0aa85e46,0.00125,1,unknown_hx,0,0,unknown_hx
hx7b3c426c9189d6e7271c0183f86b23da5880edea,0.00125,1,unknown_hx,0,0,unknown_hx
hx7ad5a2e89d50753b9ccd7ba5fcbc7e097798395b,0.00125,1,unknown_hx,0,0,unknown_hx
hx7aad8ce05d081b504df3b32e78b583938054f98a,0.00125,1,unknown_hx,0,0,unknown_hx
hx7a721a38961c25dd5bf397bfedfc0200dac16772,0.00125,1,unknown_hx,0,0,unknown_hx
hx79fe600045fb6531c57fca364cc7d212d151ba99,0.00125,1,unknown_hx,0,0,unknown_hx
hx79fab72af3a86538c168226b272b4fbf1a667075,0.00125,1,unknown_hx,0,0,unknown_hx
hx79cbe731581b4d8ac9fea5701edd8fa57e57128a,0.00125,1,unknown_hx,0,0,unknown_hx
hx79a4e47e7dec9ef96839fdf9c88ba7b5e95075f0,0.00125,1,unknown_hx,0,0,unknown_hx
hx797cc16a8e5edc370e4a0affec6d2c258fb5f8d3,0.00125,1,unknown_hx,0,0,unknown_hx
hx7dbb489dee6bd1e7d85d74116a33c84420dec776,0.00125,1,unknown_hx,0,0,unknown_hx
hx7e6d4d69007f21b9179be1dd73c179a166045a0a,0.00125,1,unknown_hx,0,0,unknown_hx
hx81292eaddf2241cec7907febb66e669978d0e481,0.00125,1,unknown_hx,0,0,unknown_hx
hx7e96bd221007a9d52739f2c1c5c96804fb0145bd,0.00125,1,unknown_hx,0,0,unknown_hx
hx8120f316540e540aecca50e9508938b062eab461,0.00125,1,unknown_hx,0,0,unknown_hx
hx8100bc65f46125f42fcb7b2da40531c1b247882a,0.00125,1,unknown_hx,0,0,unknown_hx
hx80bfcc029cbf54d3c1d3ed022c24e49413f0ff6f,0.00125,1,unknown_hx,0,0,unknown_hx
hx809c98ffd455421d555797ac6a2a68533f12fa6f,0.00125,1,unknown_hx,0,0,unknown_hx
hx808e23784b18b8f28aab91dd2cd90d845b8e29b6,0.00125,1,unknown_hx,0,0,unknown_hx
hx806df85c4962f4f6457ce3720418a91f75c57c35,0.00125,1,unknown_hx,0,0,unknown_hx
hx8062c21d3a76c9159ba34d8fe0d8ca942855ea2f,0.00125,1,unknown_hx,0,0,unknown_hx
hx80599c943b3b894eb4014b112280923e57437cee,0.00125,1,unknown_hx,0,0,unknown_hx
hx80293a90dc98a505c0467a4c274ea18087408d19,0.00125,1,unknown_hx,0,0,unknown_hx
hx7ffa62e5d75c3db7bca686e8aed2186066c6940a,0.00125,1,unknown_hx,0,0,unknown_hx
hx7fb2f7fa588a56b1c1fb21c9c0a7e7590b7615cb,0.00125,1,unknown_hx,0,0,unknown_hx
hx7f6a7754c5a434645758974937848df191ab346c,0.00125,1,unknown_hx,0,0,unknown_hx
hx7f602a0fed858c83e9a2807d84feac485242fc98,0.00125,1,unknown_hx,0,0,unknown_hx
hx7f580540847b43617ffc0857874508ef323e3dd1,0.00125,1,unknown_hx,0,0,unknown_hx
hx7f48f6f0c19b279bdde237031a8ae91877afe8b0,0.00125,1,unknown_hx,0,0,unknown_hx
hx7f16806a6b4732fe2f1525eb348349405c988b73,0.00125,1,unknown_hx,0,0,unknown_hx
hx7ef3c23d33614dc21cc9a1cd7e4093a6617b271e,0.00125,1,unknown_hx,0,0,unknown_hx
hx7ef2f026c99f954299130ef7b23ffd559044df3a,0.00125,1,unknown_hx,0,0,unknown_hx
hx7edb708ec0fca94ce87c7fed2106a9214b295ce8,0.00125,1,unknown_hx,0,0,unknown_hx
hx8515fe73bc3bd977b310cbc70a4eb1a1b25d480e,0.00125,1,unknown_hx,0,0,unknown_hx
hx852aa0f5bf838fe3bd2a250fd58c68fc18f82a02,0.00125,1,unknown_hx,0,0,unknown_hx
hx85489ae8d13ae2f877a9961b9cd5a7d428c65deb,0.00125,1,unknown_hx,0,0,unknown_hx
hx8e846c6b6573e1288aa5122086429e2f10932c34,0.00125,1,unknown_hx,0,0,unknown_hx
hx8dc739a2e1ff1a010a244d456e3e0fdfcd185781,0.00125,1,unknown_hx,0,0,unknown_hx
hx8dbc2459a750f5bfbfb9fa5af67d726a35b11199,0.00125,1,unknown_hx,0,0,unknown_hx
hx8db1720c06d5733de996e164b19a47c4234bb5c0,0.00125,1,unknown_hx,0,0,unknown_hx
hx8d768eed7995783cc0f214349ba8fbe3eae8ca1e,0.00131,1,unknown_hx,0,0,unknown_hx
hx8c8cbb997fa7bb023d3c30d8c3f5917631f03bd1,0.00125,1,unknown_hx,0,0,unknown_hx
hx8c4b7484691e512b486f9c69ecd22a72c4a3c360,0.00125,1,unknown_hx,0,0,unknown_hx
hx8c40c35fb1e357075b6be97e3dfa6117518dc563,0.00125,1,unknown_hx,0,0,unknown_hx
hx8c244533147c01ded324967d12197806077fd5a8,0.00125,1,unknown_hx,0,0,unknown_hx
hx8bd7d0b133fb535dab64f214a82eef8a3442b2ef,0.00125,1,unknown_hx,0,0,unknown_hx
hx8b4e815448903a8a12ccd3e5d9523b0845299cab,0.00125,1,unknown_hx,0,0,unknown_hx
hx8b31168667dbeecd79f0e786122007d140a7d697,0.00125,1,unknown_hx,0,0,unknown_hx
hx8b170ef6ec1ae34e80ba0e6fb7dde29614322a4f,0.00125,1,unknown_hx,0,0,unknown_hx
hx8aaa6ec60a8b30c1ecee4f013719ef6b02e023b6,0.00125,1,unknown_hx,0,0,unknown_hx
hx8a9a72c058a0ae80c035b2fefd5d66bc26f55a01,0.00125,1,unknown_hx,0,0,unknown_hx
hx8a8f0c5a548d2e4f8891dbaa5fbe26b56aaedd62,0.00125,1,unknown_hx,0,0,unknown_hx
hx8a882f4d3e5b00de387d6c9b39f364ff35b15dc3,0.00125,1,unknown_hx,0,0,unknown_hx
hx8a3de3900fc7103f960a0be2fbd9eeba25fd7fb0,0.00125,1,unknown_hx,0,0,unknown_hx
hx8a1e2c34dee37bea58f66278a9d9c35f0ee40ef8,0.00125,1,unknown_hx,0,0,unknown_hx
hx89c58fe4b3cc328c350121f6c03836ec56a04e51,0.00125,1,unknown_hx,0,0,unknown_hx
hx8e457203a90d6014400a90f6ad4af76b6cd057bc,0.00125,1,unknown_hx,0,0,unknown_hx
hx8ea50e2f881fe3efb3bcca1e971736779155aeaa,0.00125,1,unknown_hx,0,0,unknown_hx
hx898b18e4e47aa8eabd1d9fcb2bb25fe82be288d4,0.00125,1,unknown_hx,0,0,unknown_hx
hx8eae0d6bf3bd41d907b80b70089d8345964b30ef,0.00125,1,unknown_hx,0,0,unknown_hx
hx936d44c8b9c7ceb2876189716d0d0495a23db035,0.00125,1,unknown_hx,0,0,unknown_hx
hx92ce78e9bcdcb19634dbfb8f6495ed2e1c860b57,0.00125,1,unknown_hx,0,0,unknown_hx
hx929ec65779dbc4a84490eeecd897029ddc5ee977,0.00125,1,unknown_hx,0,0,unknown_hx
hx92812441dd0778900bf36cb2984e56167b08c95d,0.00125,1,unknown_hx,0,0,unknown_hx
hx9262339c3551ba4c9cc79e38727f274e7ccbb6ff,0.00125,1,unknown_hx,0,0,unknown_hx
hx924cf10799fd1ef255db813e033e413e61bdb900,0.00125,1,unknown_hx,0,0,unknown_hx
hx923449a74769059254dec3b9bdf750024b44f0db,0.00125,1,unknown_hx,0,0,unknown_hx
hx91a1c2984e6e3287b5811a8017c1835ea3d041e7,0.00125,1,unknown_hx,0,0,unknown_hx
hx913f20cd816915bb09fb308610dd02c647e271f3,0.00125,1,unknown_hx,0,0,unknown_hx
hx912c2b60ec3f1718dd741af7802258992d030eff,0.00125,1,unknown_hx,0,0,unknown_hx
hx90ef82820756244ca6c3038a8263563f84984881,0.00125,1,unknown_hx,0,0,unknown_hx
hx90b986612fa4c259c1361928b331b9ffccd8c4ee,0.00125,1,unknown_hx,0,0,unknown_hx
hx90a2bfb4bcc8de094c8d1de84cc7dd431f626741,0.00125,1,unknown_hx,0,0,unknown_hx
hx90899b65c16139ad4983a7a570c17db84c5162c4,0.00125,1,unknown_hx,0,0,unknown_hx
hx90636ec030faf883b346cec0606433a370d358e1,0.00125,1,unknown_hx,0,0,unknown_hx
hx90166ab2fe57b228b31132132aeb4d79349a68bb,0.00125,1,unknown_hx,0,0,unknown_hx
hx8fc0faf44d384ac971a7e750a15c136844a58338,0.00125,1,unknown_hx,0,0,unknown_hx
hx8f13d11f1fb6a46edc05ab7eeb0ec41f5273fb17,0.00125,1,unknown_hx,0,0,unknown_hx
hx8eea8fb8b9a7d09080dae0b0e52ada3ed9d34c5d,0.00125,1,unknown_hx,0,0,unknown_hx
hx89b0c28d66343c108d68556fcbca83b9f99cecb8,0.00125,1,unknown_hx,0,0,unknown_hx
hx897e6ee51025873d5e493dfb37fe97156ad27afb,0.00125,1,unknown_hx,0,0,unknown_hx
hx854c0011fa874883c846bdf52e6acc4d77bc9bbf,0.00125,1,unknown_hx,0,0,unknown_hx
hx872e1e1c1322cb02739d3adef60d74daad4958c4,0.00125,1,unknown_hx,0,0,unknown_hx
hx86fc292cd75bc0b3d181ec0449868e2e4426dac5,0.00125,1,unknown_hx,0,0,unknown_hx
hx86ec5cd07b82edaee25ada9d1e2e7b0fa0a3f269,0.00125,1,unknown_hx,0,0,unknown_hx
hx86eb229f92c696adcc5af3730d06dd5b4c343606,0.00125,1,unknown_hx,0,0,unknown_hx
hx86e53d31e89e45dece5dc19b3f68572e4c1d6353,0.00125,1,unknown_hx,0,0,unknown_hx
hx86d98d3c5256dc82f73edb50f2c2d5f370e73563,0.00125,1,unknown_hx,0,0,unknown_hx
hx86d5ede4217750404f865d16a524eed343a45612,0.00125,1,unknown_hx,0,0,unknown_hx
hx86d0b3208471ec016391d7bf89b76547a12037f5,0.00125,1,unknown_hx,0,0,unknown_hx
hx86c8f5fc7c44b48b32077f0d65d1eeefcc385f23,0.00125,1,unknown_hx,0,0,unknown_hx
hx86b8e058297b485640ae7e299eee3d5662009ee3,0.00125,1,unknown_hx,0,0,unknown_hx
hx86717cc25b70ae8f4a89d8163ae796fa0a09d6a1,0.00125,1,unknown_hx,0,0,unknown_hx
hx861d45d520cfd6d93fe02e3242b2bc708959bad4,0.00125,1,unknown_hx,0,0,unknown_hx
hx85e9e953012a198de2c9ef703bcbcd5743bcc919,0.00125,1,unknown_hx,0,0,unknown_hx
hx85d618006508e97d0eb82a579e29f40eaaba6c73,0.00125,1,unknown_hx,0,0,unknown_hx
hx85b29550c9bb5feb1b4f1ae88ab3addecd1ebe96,0.00125,1,unknown_hx,0,0,unknown_hx
hx859fae638deacfca34751a92ef634637feefc170,0.00125,1,unknown_hx,0,0,unknown_hx
hx859dc11409e966175f2904604e485a076a90556a,0.00125,1,unknown_hx,0,0,unknown_hx
hx856e23debe57f45674e6cf7ac96b92833bb40ca4,0.00125,1,unknown_hx,0,0,unknown_hx
hx85660da8f409a1f853d3e189f28d5f79477c0fbc,0.00125,1,unknown_hx,0,0,unknown_hx
hx8559d1fbcf3f854c4dff24538f8ab9bb4aa769a6,0.00125,1,unknown_hx,0,0,unknown_hx
hx871de53926aab8a9c76762d2db197c56c58c7e8b,0.00125,1,unknown_hx,0,0,unknown_hx
hx87392389039a4b50fb7ea6a1fe13be31024208c3,0.00125,1,unknown_hx,0,0,unknown_hx
hx896487ee3e7990901e195945f3579f42b264e378,0.00125,1,unknown_hx,0,0,unknown_hx
hx87576d135af1a6e5c4f2141c02bc7242a9a352de,0.00125,1,unknown_hx,0,0,unknown_hx
hx894fccc9a944fd13a5e59387053aa5fa50ea8181,0.00125,1,unknown_hx,0,0,unknown_hx
hx894430e21c2721a05ff4b390e7602eb7182a5072,0.00125,1,unknown_hx,0,0,unknown_hx
hx892c128f61cc7ab3d46779dc8addc7d1747e98c3,0.00125,1,unknown_hx,0,0,unknown_hx
hx89067407d5105c431b95e354da2b6ce9c1a84e28,0.00125,1,unknown_hx,0,0,unknown_hx
hx88fedd360f91ee984c521465d7a2fc89f393a92f,0.00125,1,unknown_hx,0,0,unknown_hx
hx88fe112c8d18624fa5ff8e15700a41714263cd8b,0.00125,1,unknown_hx,0,0,unknown_hx
hx88f5f1a1aab4ccffec755308e2e164b88db09675,0.00125,1,unknown_hx,0,0,unknown_hx
hx88e32bca3d33cb59cf2dfb06528adee2ad9e320a,0.00125,1,unknown_hx,0,0,unknown_hx
hx887fddf5ce90b7f3dc0300c78f070b8a4883a83e,0.00125,1,unknown_hx,0,0,unknown_hx
hx884d698b9a8c627af3d2322cdc9e34a43e489c09,0.00125,1,unknown_hx,0,0,unknown_hx
hx881de1f8cdd086dd78fa9bb9360aae014fab596e,0.00125,1,unknown_hx,0,0,unknown_hx
hx8803c88e237e7cd6fa62ad4734c0f97da5ec143d,0.00125,1,unknown_hx,0,0,unknown_hx
hx88017d774cb824adc2bc69ee351b2942daa21315,0.00125,1,unknown_hx,0,0,unknown_hx
hx87f936abab74040dbccf9053cb12d945d2574441,0.00125,1,unknown_hx,0,0,unknown_hx
hx87f126dd5de2f20f5584e5350efc9a52fcbdfc4c,0.00125,1,unknown_hx,0,0,unknown_hx
hx87d6da9e25aa9f433a2bb6fdb0cf78280e28b567,0.00125,1,unknown_hx,0,0,unknown_hx
hx87cb394cc592a71c3353c8f2d61a7b666c436118,0.00125,1,unknown_hx,0,0,unknown_hx
hx878e85983f4fb182fd0fc870fb6bcf68fff7a829,0.00125,1,unknown_hx,0,0,unknown_hx
hx876a8394e17f06d607ec606317b43683b37487d9,0.00125,1,unknown_hx,0,0,unknown_hx
hx791d11c7deb56061b1fbece289b08c0ccff9909b,0.00125,1,unknown_hx,0,0,unknown_hx
hx78fbae7599d2d2ab7cf261ad2d8234a7d29b8aa4,0.00125,1,unknown_hx,0,0,unknown_hx
hx78d8e1194e5761e398ccf5ab7e8a464599e46508,0.00125,1,unknown_hx,0,0,unknown_hx
hx605262e609c7872ea4efe2dd5f117af1e63afcc3,0.00125,1,unknown_hx,0,0,unknown_hx
hx601914b8906ba761fa915171c6f04ed9016d8698,0.00125,1,unknown_hx,0,0,unknown_hx
hx5f953619bacb98567c52419091b06f3c6cf382ab,0.00125,1,unknown_hx,0,0,unknown_hx
hx5f75e7ea5a055f6700716a2487b44261ed02dd72,0.00125,1,unknown_hx,0,0,unknown_hx
hx5f4ff9d28425a9bb14a929e614411bd8e43d7500,0.00125,1,unknown_hx,0,0,unknown_hx
hx5ee35c57b08e728edc2b7b1d6c7842a7a185125d,0.00125,1,unknown_hx,0,0,unknown_hx
hx5eb59fb8a418fb856ba625b940d8372581de925f,0.00125,1,unknown_hx,0,0,unknown_hx
hx5e3fb8f22a282deee12c26444c2163acb0d50e8b,0.00125,1,unknown_hx,0,0,unknown_hx
hx5d7b44bef714c20b8892f61a428442b82076899e,0.00125,1,unknown_hx,0,0,unknown_hx
hx5d0c810bbdb09a1b92380fb37b877739bf5113a6,0.00125,1,unknown_hx,0,0,unknown_hx
hx5cfc89a58e2a8c58f071b7a94b620a95daa768e0,0.00125,1,unknown_hx,0,0,unknown_hx
hx5cf1a8adfdcc51692d5f91ee8957790c592383c0,0.00125,1,unknown_hx,0,0,unknown_hx
hx5cead80b27afd6dbe7070f491ce00bf996da59d4,0.00125,1,unknown_hx,0,0,unknown_hx
hx5cab459b2c1eddebaa930fe375d48479fbde237d,0.00125,1,unknown_hx,0,0,unknown_hx
hx5c7d4240eac8a672db726ee4121f760795cb1ed4,0.00125,1,unknown_hx,0,0,unknown_hx
hx5c3aba985f40b7ac3a1005c01cbbb9ff9afafed0,0.00125,1,unknown_hx,0,0,unknown_hx
hx5c1d3933fed227ed100401d2395d386a73cf4724,0.00125,1,unknown_hx,0,0,unknown_hx
hx5beebdab5f27090b3e44465abf17c11ab894f8ce,0.00125,1,unknown_hx,0,0,unknown_hx
hx5be4206b7ab46d441355f7b081c91412acb91c65,0.00125,1,unknown_hx,0,0,unknown_hx
hx5bb7a1eb40653866faa8a3a1308dc6675937414f,0.00125,1,unknown_hx,0,0,unknown_hx
hx6035c95e30d7fd68916a7680a42d25882f3ebf2d,0.00125,1,unknown_hx,0,0,unknown_hx
hx606b0020ebf311fd6c58d5bfb19270663e4b7250,0.00125,1,unknown_hx,0,0,unknown_hx
hx5b3b53cc6dee70f60a3a0ebbcb7864c06b3040c6,0.00125,1,unknown_hx,0,0,unknown_hx
hx60ec00b493f85c93397e798f0f1ef149c3e83651,0.00125,1,unknown_hx,0,0,unknown_hx
hx64ddd32d7613c194b02e42e6842f12b147548eaa,0.00125,1,unknown_hx,0,0,unknown_hx
hx64adf776e53d0f30d2c4e90461a043fcc58c04bf,0.00125,1,unknown_hx,0,0,unknown_hx
hx64a92f683f301a14c98559aa2d53a19607b4dd57,0.00125,1,unknown_hx,0,0,unknown_hx
hx6487bff9917eee95a40e35f45a6edf4094fa2da7,0.00125,1,unknown_hx,0,0,unknown_hx
hx6483b68c49bf332ba8b181d835e6d0fa3be76190,0.00125,1,unknown_hx,0,0,unknown_hx
hx647263c29bcb657c29c555f32911df271fe9b3a8,0.00125,1,unknown_hx,0,0,unknown_hx
hx6459bb14311a768ab483d4a568fc88f8b8bba60d,0.00125,1,unknown_hx,0,0,unknown_hx
hx643e22573b3f5e0b209a3ee57ab999e4702d1a89,0.00125,1,unknown_hx,0,0,unknown_hx
hx643ce85ca093c3b2a68470d9adec89b6d81c9fa4,0.00125,1,unknown_hx,0,0,unknown_hx
hx6334da3150ff9b15818e1f16f728e1fdc39c29cd,0.00125,1,unknown_hx,0,0,unknown_hx
hx63340eded93d98db22b2f0811319030c103797aa,0.00125,1,unknown_hx,0,0,unknown_hx
hx6317fc4d0cc6e23b4615aff5ed496f517770b372,0.00125,1,unknown_hx,0,0,unknown_hx
hx630daa4e19f513a74c2e757ad0c62ef06d5af168,0.00125,1,unknown_hx,0,0,unknown_hx
hx62db96fda1e2f346cff3b18eda65422794db22ef,0.00125,1,unknown_hx,0,0,unknown_hx
hx625945e36d9f60ff7dafc2fcb81f3b4e76d19e53,0.00125,1,unknown_hx,0,0,unknown_hx
hx623500926e6b7837effe1de754507bf0672cc598,0.00125,1,unknown_hx,0,0,unknown_hx
hx61eb2d50c5682f3d962505fc156c67d06ba85db5,0.00125,1,unknown_hx,0,0,unknown_hx
hx61c61ba1f3ce3dc6168f8247539a0ea046fb422f,0.00125,1,unknown_hx,0,0,unknown_hx
hx61b5b63659aea3a571afabaee8c76ea2c6bbed8c,0.00125,1,unknown_hx,0,0,unknown_hx
hx5b6aec4737a19ec1223ba26fb3709dc8be3bc4fa,0.00125,1,unknown_hx,0,0,unknown_hx
hx5b370aa9613ed89bb64c28a195edf006f4409f15,0.00125,1,unknown_hx,0,0,unknown_hx
hx6545e32813798c4cadcee7b169993b67155c3784,0.00125,1,unknown_hx,0,0,unknown_hx
hx5603000cb514c4088df273d2324c68e928ad7aa2,0.00125,1,unknown_hx,0,0,unknown_hx
hx55de8ac80abc99c1648b8e6094251ce4ab62a997,0.00125,1,unknown_hx,0,0,unknown_hx
hx54ff8e2290a84c66d01ab58615281dc19fb11046,0.00125,1,unknown_hx,0,0,unknown_hx
hx54edf7d215deea2f672cd2badb1110145f0157ca,0.00125,1,unknown_hx,0,0,unknown_hx
hx54ec9e673fcff51380907e3902ac31d60d27eca7,0.00125,1,unknown_hx,0,0,unknown_hx
hx54b0b3f40adc77d8a004aeb440c1fb2094b62be0,0.00125,1,unknown_hx,0,0,unknown_hx
hx54a416af21af9f6e795abec287cbf817658cfa9a,0.00125,1,unknown_hx,0,0,unknown_hx
hx549a709f16f8d723515b349d5c932ec00cd541c3,0.00125,1,unknown_hx,0,0,unknown_hx
hx5426d50d2520b27f722bded5f19f0eb51bb390f9,0.00125,1,unknown_hx,0,0,unknown_hx
hx53f0427d7760c60aea29c96ac994ce2873976b4a,0.00125,1,unknown_hx,0,0,unknown_hx
hx53e6de710e41cb197898a6c27102d02fb90bbb01,0.00125,1,unknown_hx,0,0,unknown_hx
hx53be7c75875b9da8a74d6cef32604ac360192e95,0.00125,1,unknown_hx,0,0,unknown_hx
hx5391e31bdefcc6e504c7d8dec3bbd39dc01dcf85,0.00125,1,unknown_hx,0,0,unknown_hx
hx5344b8f9004336749fa9305f2fb1fed91c96f013,0.00125,1,unknown_hx,0,0,unknown_hx
hx52fe003eb1367ac1869214709b99afd526719b4d,0.00125,1,unknown_hx,0,0,unknown_hx
hx528b8367fd6eb4f91c40b9ebb124ca0eea153117,0.00125,1,unknown_hx,0,0,unknown_hx
hx527b0b8dee40c22c41a474761aa7ad102ee069a2,0.00125,1,unknown_hx,0,0,unknown_hx
hx525b13751278184d9b6d64225db3bcba5082a3da,0.00125,1,unknown_hx,0,0,unknown_hx
hx523e73a6740d9120a942944387ed12e20a031e7f,0.00125,1,unknown_hx,0,0,unknown_hx
hx52099d1c3495c731bda18b1e1901b875b527cbfc,0.00125,1,unknown_hx,0,0,unknown_hx
hx55f62ed85be8a72ec083d51dc8f613e7ce7b6f88,0.00125,1,unknown_hx,0,0,unknown_hx
hx56a62d3f1aadc079896ccdd1bf8639bba3751e37,0.00125,1,unknown_hx,0,0,unknown_hx
hx5b04cf6a78ec90f66eb3fd4a85c43acf224caa03,0.00125,1,unknown_hx,0,0,unknown_hx
hx57275ef88f06c483f9095d7c958e0a4544bb2320,0.00125,1,unknown_hx,0,0,unknown_hx
hx5afcddfcdb17fa99ebf8a81f9e1a997c2fce9b6b,0.00125,1,unknown_hx,0,0,unknown_hx
hx5ae699b98b20963734afb1c6ffc5f9f6794e3287,0.00125,1,unknown_hx,0,0,unknown_hx
hx5a08e7ee3643af430e29944435d5ad4c1c099fca,0.00125,1,unknown_hx,0,0,unknown_hx
hx59b282442f6f484d104fcc46aada23598bdf01d5,0.00125,1,unknown_hx,0,0,unknown_hx
hx59a74ba7191397fc8311d7965d32bfda76d700e7,0.00125,1,unknown_hx,0,0,unknown_hx
hx596540c70cdbaf2ad097fcf28958f7db8f03d894,0.00125,1,unknown_hx,0,0,unknown_hx
hx59546d94393f4727cd5c6634617822c76a2355d5,0.00125,1,unknown_hx,0,0,unknown_hx
hx594462df5bdbd254d3cf6624dd2355b46c033385,0.00125,1,unknown_hx,0,0,unknown_hx
hx592fda9d648ce58fa0fd3b3e3c5324baad2578c0,0.00125,1,unknown_hx,0,0,unknown_hx
hx58ef58fd1b109bdc12389982d545b81967661202,0.00125,1,unknown_hx,0,0,unknown_hx
hx58e1e953b3a6a3783c5e5ff1bea21f1f2191a07c,0.00125,1,unknown_hx,0,0,unknown_hx
hx58dd3e57f54e8b0888bf4d3d0dc3a6117739d1e0,0.00125,1,unknown_hx,0,0,unknown_hx
hx58db1b382d3faf214e021077561dd6c3897aaa9e,0.00125,1,unknown_hx,0,0,unknown_hx
hx586a16173bb852d65aba24435bc84b2fe04211c5,0.00125,1,unknown_hx,0,0,unknown_hx
hx5816a7f77aa8a8418b416add199cbc4300a7933e,0.00125,1,unknown_hx,0,0,unknown_hx
hx57c66a74818013a1697b0bea2ae6f38e82629afe,0.00125,1,unknown_hx,0,0,unknown_hx
hx57af7f1e41cc849130243895563901b5595546d7,0.00125,1,unknown_hx,0,0,unknown_hx
hx57978a3599ef950d22c0a42e44bf0c1ba7aca4ae,0.00125,1,unknown_hx,0,0,unknown_hx
hx5742ee1266fd2df93cde008e49034f6c37aa0a63,0.00125,1,unknown_hx,0,0,unknown_hx
hx6524ad7107065a2d6cd3035a6b1a634278835d8f,0.00125,1,unknown_hx,0,0,unknown_hx
hx655ca810640c3c57bfb6f5dcd6c9a7b0fd634bd0,0.00125,1,unknown_hx,0,0,unknown_hx
hx789db315e44899c295fba868e44060776b0250e4,0.00125,1,unknown_hx,0,0,unknown_hx
hx72f50e98f38fc0917a148e5b7e05a5bbb6257a15,0.00125,1,unknown_hx,0,0,unknown_hx
hx719c17c6ec95b3945f7d088b1bc18cec655c5a02,0.00125,1,unknown_hx,0,0,unknown_hx
hx7116f12c6b432ee96a551719093c841e6274bd44,0.00125,1,unknown_hx,0,0,unknown_hx
hx70d76177c22a0bdd030fb377e166a212977113f4,0.00125,1,unknown_hx,0,0,unknown_hx
hx70d4cd4f0142811dde9b2b5f7909a2a6ae149215,0.00125,1,unknown_hx,0,0,unknown_hx
hx70d2574ea9dd3561c232f0db58126487d1938c84,0.00125,1,unknown_hx,0,0,unknown_hx
hx7035f146ef29bdddf87bb12c28c903f3520ed741,0.00125,1,unknown_hx,0,0,unknown_hx
hx6fafe28b59b1c28b1ea5967a7ef5c3f057f9462f,0.00125,1,unknown_hx,0,0,unknown_hx
hx6f9e5cd2628d8601b524034a96b78d7d28c46e8d,0.00125,1,unknown_hx,0,0,unknown_hx
hx6f9698786b8318b224abd0186e0dff5f8543e57a,0.00125,1,unknown_hx,0,0,unknown_hx
hx6f7e4311c1f67a58b631d1bf9122f59c490f2c95,0.00125,1,unknown_hx,0,0,unknown_hx
hx6f6a86642f07c69ce7808593a80a385dd0bfb31b,0.00125,1,unknown_hx,0,0,unknown_hx
hx6f51e1ba1a3edb23e9cf012b27ce083717a4c74b,0.00125,1,unknown_hx,0,0,unknown_hx
hx6f341ff33e765f508508b4224e096549d49ad801,0.00125,1,unknown_hx,0,0,unknown_hx
hx6f16d888f64076144b47d746fd8a0d6f2eca0200,0.00125,1,unknown_hx,0,0,unknown_hx
hx6ecf30c2475a5a2ca4f753c7de3e73ca94f0bf99,0.00125,1,unknown_hx,0,0,unknown_hx
hx6ea73e1f77915606c36735bd751fdd1e14cf3c33,0.00125,1,unknown_hx,0,0,unknown_hx
hx6e80b964b6826b22fc2788f3d03b7de5eb4fa817,0.00125,1,unknown_hx,0,0,unknown_hx
hx6e4f61f8f86ecd65ffeb4c5ab8c7c8059102bf83,0.00125,1,unknown_hx,0,0,unknown_hx
hx6dbc9d79049d6e0756656f63cd944d83576c1650,0.00125,1,unknown_hx,0,0,unknown_hx
hx71d9b90a47d62534bc3aa4fe780087a9212e75af,0.00125,1,unknown_hx,0,0,unknown_hx
hx731b798dd5b024f424fa5735c11c1916df7df6f5,0.00125,1,unknown_hx,0,0,unknown_hx
hx6d81272b7fb9f59ecdcb69a140c41c5e31b3fd15,0.00125,1,unknown_hx,0,0,unknown_hx
hx732606a594df10745a28eb0fd683c54c91c2bcc6,0.00125,1,unknown_hx,0,0,unknown_hx
hx7815257c3ade7a14380796fd0e2e887e98e6cfd7,0.00125,1,unknown_hx,0,0,unknown_hx
hx778d8de1ce45cf8b1f72ec02ee307e24ae11d1ac,0.00125,1,unknown_hx,0,0,unknown_hx
hx7789bf321b741ea1656442a6f1e2b25bb8fcf6c4,0.00125,1,unknown_hx,0,0,unknown_hx
hx7706627190bcca0f2ad3213b71d2d56cab67031e,0.00125,1,unknown_hx,0,0,unknown_hx
hx768c2bd6e6cb9e1f4efb6138043958129f0354d9,0.00125,1,unknown_hx,0,0,unknown_hx
hx764d0e3882b9e2eb6acb79c717eb93ee717d7462,0.00125,1,unknown_hx,0,0,unknown_hx
hx763c347a02c322396ab5178aa39f8e497a3af631,0.00125,1,unknown_hx,0,0,unknown_hx
hx75ee1957ead704b6082e369d3b741fe19f340d8b,0.00125,1,unknown_hx,0,0,unknown_hx
hx75b2f452e96f7975f8c263d293cbcfcc95078804,0.00125,1,unknown_hx,0,0,unknown_hx
hx750cf13815952eb01ecb9b9705361f4303617452,0.00125,1,unknown_hx,0,0,unknown_hx
hx74da595a98e7852ceca0d4e86d9853a0d9ff61b3,0.00125,1,unknown_hx,0,0,unknown_hx
hx7497c286aa521b09b2b54d78cde3fa4573c0e157,0.00125,1,unknown_hx,0,0,unknown_hx
hx741b1fcf0684ed8abd91525da833ce91984c2957,0.00125,1,unknown_hx,0,0,unknown_hx
hx73c6bb8d8c84a0a82ef97e39b4aa88bc80be4e1d,0.00125,1,unknown_hx,0,0,unknown_hx
hx73bb2948a6b8c5e504fc30e47ae4a1af8c04f8d7,0.00125,1,unknown_hx,0,0,unknown_hx
hx7362d7876babb8f5a837da113395435a7e126a75,0.00125,1,unknown_hx,0,0,unknown_hx
hx7345c18eb48ef3ec815d4ea041796d92be269d66,0.00125,1,unknown_hx,0,0,unknown_hx
hx733464eefed505f594ebe69594fd360e2efd6e13,0.00125,1,unknown_hx,0,0,unknown_hx
hx7327054ec0121190278fb1a2b40faa2909ba2a44,0.00125,1,unknown_hx,0,0,unknown_hx
hx6d861b8aa3d6207f21177d397a4268a5715c99e8,0.00125,1,unknown_hx,0,0,unknown_hx
hx6d3f84fb312333ea6f612f0759fb9c44d59800e0,0.00125,1,unknown_hx,0,0,unknown_hx
hx65841eefe2e58275550ed7748c328bd71fde108e,0.00125,1,unknown_hx,0,0,unknown_hx
hx684ebe8fe48ab9cb327c0efef928f624b9324e99,0.00125,1,unknown_hx,0,0,unknown_hx
hx68049de11a2a73e799175966f2696d2777b7d81c,0.00125,1,unknown_hx,0,0,unknown_hx
hx67b63aeec61162dd93a0906e1900bdcdcd9c0cba,0.00125,1,unknown_hx,0,0,unknown_hx
hx678ad228401c8b98410fd8c86a9917107d471d6a,0.00125,1,unknown_hx,0,0,unknown_hx
hx675a54bdfa3acd67d182eaedd36bdd29d2a60d26,0.00125,1,unknown_hx,0,0,unknown_hx
hx674e1b1d18946d922eedc7921cf8ac630982a080,0.00125,1,unknown_hx,0,0,unknown_hx
hx6743c76be18d502dd7fa2901c7a90654abc3cd7a,0.00125,1,unknown_hx,0,0,unknown_hx
hx6740fb366b2da02d2b3140ff304d0ce8017485af,0.00125,1,unknown_hx,0,0,unknown_hx
hx672b5676fd0f206dcb53519bea4c865737c0fd28,0.00125,1,unknown_hx,0,0,unknown_hx
hx671102d8541e394eae7fa11b93d1b4b20cfcd739,0.00125,1,unknown_hx,0,0,unknown_hx
hx66feeda1990f5e0a765c8f0aaf9e7222d02e39d0,0.00125,1,unknown_hx,0,0,unknown_hx
hx66f671a5215ad5ce3803425e3212d5eced2de13a,0.00125,1,unknown_hx,0,0,unknown_hx
hx66abe67e982d46cbc1742131747f2cf08a586773,0.00125,1,unknown_hx,0,0,unknown_hx
hx666fee47daacc50d91a40ac795a383c5d345e8b2,0.00125,1,unknown_hx,0,0,unknown_hx
hx66366262657678f82fbfe58c5efb60d0bba2c3e3,0.00125,1,unknown_hx,0,0,unknown_hx
hx66282e4a303210c20e9e0df9b107ed930f6aa2dc,0.00125,1,unknown_hx,0,0,unknown_hx
hx6620c693e3338dfe6a411103da932c37c9a65665,0.00125,1,unknown_hx,0,0,unknown_hx
hx65f409f0ffefe2859b26ffd5a5c1ccdbe637ef3e,0.00125,1,unknown_hx,0,0,unknown_hx
hx65d718109f800f4e96474e6aaf22d6058b4d9f46,0.00125,1,unknown_hx,0,0,unknown_hx
hx65a4f17f66edd5256da2ef911b05ab8ec6cdc66b,0.00125,1,unknown_hx,0,0,unknown_hx
hx6811dbf1699bbf68372b3bb1f980dd5c721c43f7,0.00125,1,unknown_hx,0,0,unknown_hx
hx68509ff5457cf779d4a61fc4dc5c988a95939b01,0.00125,1,unknown_hx,0,0,unknown_hx
hx6d0165771bcbfcff57ed4c7753f9661a9ec31345,0.00125,1,unknown_hx,0,0,unknown_hx
hx6855334cf784a6f4bb8c44296a95124ca1a7bf46,0.00125,1,unknown_hx,0,0,unknown_hx
hx6cd42ca6163525f3578386ac3baa4611606bce08,0.00125,1,unknown_hx,0,0,unknown_hx
hx6ca6433058e9aa8678e78c285879ae1bc2eb3862,0.00125,1,unknown_hx,0,0,unknown_hx
hx6c52535e3fd0f08d4ff08d70dd1284589dd6edf7,0.00125,1,unknown_hx,0,0,unknown_hx
hx6c12b2b82b7e8eab5e15df6c69dc211ed332ad3d,0.00125,1,unknown_hx,0,0,unknown_hx
hx6bff274fb1f248227f13bcfc86dcdd1e5f68f028,0.00125,1,unknown_hx,0,0,unknown_hx
hx6be5d55f8682fd811dca6448f3b5736a2ac1855e,0.00125,1,unknown_hx,0,0,unknown_hx
hx6bb086185bb8cd01cbb23c09404c2d8155a1b3b6,0.00125,1,unknown_hx,0,0,unknown_hx
hx6b94d5aad261313b99c9a3a0d25e9f1cc7c47c82,0.00125,1,unknown_hx,0,0,unknown_hx
hx6b5968bcbf0c70d6132be57137c11e9bd2705222,0.00125,1,unknown_hx,0,0,unknown_hx
hx6a9096e810840428826a74a1abaa664f0602599d,0.00125,1,unknown_hx,0,0,unknown_hx
hx6a80082528120cdb15c482c76e1b31dfe8e985d8,0.00125,1,unknown_hx,0,0,unknown_hx
hx6a4d4bd7d2a38d3de9e89ea1c2739ab739e6243c,0.00125,1,unknown_hx,0,0,unknown_hx
hx6a3242433396776c992b0b28ff8bb0965da0500a,0.00125,1,unknown_hx,0,0,unknown_hx
hx6a2cf16316c31297496a32534ea4a9162160ca39,0.00125,1,unknown_hx,0,0,unknown_hx
hx6a08009793faecfdd8bfbf1ad878a13f023d2102,0.00125,1,unknown_hx,0,0,unknown_hx
hx69a45be1276197ef6a7ddcbaa9a95063da5c3016,0.00125,1,unknown_hx,0,0,unknown_hx
hx698fdd2790324edb024787fbb0329717fb569e95,0.00125,1,unknown_hx,0,0,unknown_hx
hx697e2dfcae5a84cda7aabd1f137acf44b67e0fc4,0.00125,1,unknown_hx,0,0,unknown_hx
hx68eea20185c14a2d4b3a3fb724a9b2b86516e0fc,0.00125,1,unknown_hx,0,0,unknown_hx
hxffc6b7a403267a0f5e9f39fbd8bb581e6fd9c912,0.00125,1,unknown_hx,0,0,unknown_hx
